data	data	366136	223068	833496	820220	120908	132952	447168	375008	96828	36012	189508	183448	313628	141268	175244	177524	178208	91636	522552	692140	71748	65888	317864	366028	43728	160168	56364	76276	628292	354736	367728	478420	189780	566004	172572	176804	279684	329516	69004	154560	30464	63844	179932	357620	182652	386400	194288	226836	199748	430204	370384	236388	62972	39148	281368	294416	197228	217128	163016	169376	222716	111204	89272	71232	164264	174960	289352	413216	213584	142784	245576	329920	289756	329964	42812	30180	161160	144924	103352	30644	183496	129448	63656	50056	194228	254780	19540	22664	171220	136312	539868	421200	468392	356740	36592	54648	259964	190152	478176	405336	342060	183516	464828	454220	122896	130576	32168	13368	23844	69776	213696	215132	244756	148324	64100	24096	
data	data	Precentral_L	Precentral_R	Frontal_Sup_L	Frontal_Sup_R	Frontal_Sup_Orb_L	Frontal_Sup_Orb_R	Frontal_Mid_L	Frontal_Mid_R	Frontal_Mid_Orb_L	Frontal_Mid_Orb_R	Frontal_Inf_Oper_L	Frontal_Inf_Oper_R	Frontal_Inf_Tri_L	Frontal_Inf_Tri_R	Frontal_Inf_Orb_L	Frontal_Inf_Orb_R	Rolandic_Oper_L	Rolandic_Oper_R	Supp_Motor_Area_L	Supp_Motor_Area_R	Olfactory_L	Olfactory_R	Frontal_Sup_Medial_L	Frontal_Sup_Medial_R	Frontal_Med_Orb_L	Frontal_Med_Orb_R	Rectus_L	Rectus_R	Insula_L	Insula_R	Cingulum_Ant_L	Cingulum_Ant_R	Cingulum_Mid_L	Cingulum_Mid_R	Cingulum_Post_L	Cingulum_Post_R	Hippocampus_L	Hippocampus_R	ParaHippocampal_L	ParaHippocampal_R	Amygdala_L	Amygdala_R	Calcarine_L	Calcarine_R	Cuneus_L	Cuneus_R	Lingual_L	Lingual_R	Occipital_Sup_L	Occipital_Sup_R	Occipital_Mid_L	Occipital_Mid_R	Occipital_Inf_L	Occipital_Inf_R	Fusiform_L	Fusiform_R	Postcentral_L	Postcentral_R	Parietal_Sup_L	Parietal_Sup_R	Parietal_Inf_L	Parietal_Inf_R	SupraMarginal_L	SupraMarginal_R	Angular_L	Angular_R	Precuneus_L	Precuneus_R	Paracentral_Lobule_L	Paracentral_Lobule_R	Caudate_L	Caudate_R	Putamen_L	Putamen_R	Pallidum_L	Pallidum_R	Thalamus_L	Thalamus_R	Heschl_L	Heschl_R	Temporal_Sup_L	Temporal_Sup_R	Temporal_Pole_Sup_L	Temporal_Pole_Sup_R	Temporal_Mid_L	Temporal_Mid_R	Temporal_Pole_Mid_L	Temporal_Pole_Mid_R	Temporal_Inf_L	Temporal_Inf_R	Cerebelum_Crus1_L	Cerebelum_Crus1_R	Cerebelum_Crus2_L	Cerebelum_Crus2_R	Cerebelum_3_L	Cerebelum_3_R	Cerebelum_4_5_L	Cerebelum_4_5_R	Cerebelum_6_L	Cerebelum_6_R	Cerebelum_7b_L	Cerebelum_7b_R	Cerebelum_8_L	Cerebelum_8_R	Cerebelum_9_L	Cerebelum_9_R	Cerebelum_10_L	Cerebelum_10_R	Vermis_1_2	Vermis_3	Vermis_4_5	Vermis_6	Vermis_7	Vermis_8	Vermis_9	Vermis_10	
366136	Precentral_L	0	2794	11552	860	0	0	20310	104	0	0	10862	0	3862	0	286	0	7618	0	3788	5740	0	0	82	0	0	0	0	0	14598	78	324	94	1138	5258	3046	2744	8396	1718	182	366	0	0	0	0	102	0	192	0	76	0	2922	0	0	0	570	0	20764	428	2644	0	2328	0	1644	0	676	0	3532	214	19972	2760	188	84	3376	0	1786	0	4092	754	5886	0	1816	0	108	0	0	0	0	0	354	0	0	0	0	0	0	0	0	0	0	0	0	0	0	0	0	0	0	0	0	0	0	0	0	0	0	0	
223068	Precentral_R	2794	0	966	10242	0	0	0	11662	0	0	0	4362	0	124	0	0	0	2470	2584	6608	0	0	0	0	0	0	0	0	110	4218	0	132	226	4714	610	720	476	4624	0	994	0	0	0	142	0	1042	0	0	0	1604	0	550	0	0	0	280	0	18522	0	416	0	216	0	1954	0	136	0	3262	3956	3580	1616	2470	126	4536	94	1080	1628	4516	0	272	0	188	0	0	0	416	0	0	0	296	0	0	0	0	0	0	0	0	0	0	0	0	0	0	0	0	0	0	0	0	0	0	0	0	0	0	
833496	Frontal_Sup_L	11552	966	0	11410	9532	0	57096	1012	3576	0	10246	334	20752	170	7422	74	5818	0	64644	20258	134	0	38072	1690	2844	212	1800	0	41040	476	21386	6032	5880	7368	834	784	4440	994	0	450	0	0	0	0	0	0	0	0	0	0	0	0	0	0	152	0	2356	0	0	0	0	0	1120	0	0	0	200	0	1990	0	13848	358	25524	642	4476	98	2674	306	1218	0	2060	0	176	0	0	0	0	0	252	0	0	0	0	0	0	0	0	0	0	0	0	0	0	0	0	0	0	0	0	0	0	0	0	0	0	0	
820220	Frontal_Sup_R	860	10242	11410	0	0	12148	1666	42894	0	1450	0	10656	0	7078	0	6414	0	1152	15666	66784	0	260	3748	38630	0	12990	0	2356	250	16354	7598	33368	1238	22734	362	490	326	6616	0	2478	0	0	0	0	0	280	0	132	0	360	0	118	0	0	0	148	0	460	0	0	0	0	0	108	0	0	0	492	2758	0	8996	25480	352	22194	0	1360	364	7358	0	0	0	274	0	298	0	166	0	0	0	114	0	0	0	0	0	0	0	80	0	0	0	0	0	0	0	0	0	0	0	0	0	0	0	0	0	0	
120908	Frontal_Sup_Orb_L	0	0	9532	0	0	0	1346	0	12170	0	0	0	198	0	7782	0	0	0	100	0	1510	0	4264	88	4064	0	6524	0	3656	0	4168	142	0	0	0	0	0	0	350	0	106	0	0	0	0	0	0	0	0	0	0	0	0	0	0	0	0	0	0	0	0	0	0	0	0	0	0	0	0	0	260	0	3950	0	0	0	0	0	0	0	0	0	244	0	0	0	0	0	0	0	0	0	0	0	0	0	0	0	0	0	0	0	0	0	0	0	0	0	0	0	0	0	0	0	0	0	
132952	Frontal_Sup_Orb_R	0	0	0	12148	0	0	0	2728	0	6202	0	0	0	414	0	4222	0	0	322	688	0	1002	582	7276	0	11276	0	8690	0	668	652	3100	168	1620	0	0	0	0	0	0	0	0	0	0	0	0	0	0	0	0	0	0	0	0	0	0	0	0	0	0	0	0	0	0	0	0	0	0	0	0	0	2808	0	1910	0	0	0	0	0	0	0	0	0	0	0	0	0	0	0	0	0	0	0	0	0	0	0	0	0	0	0	0	0	0	0	0	0	0	0	0	0	0	0	0	0	0	
447168	Frontal_Mid_L	20310	0	57096	1666	1346	0	0	0	3564	0	14652	0	42626	0	8148	0	1592	0	8950	1840	0	0	15164	0	0	0	0	0	26266	0	5634	374	3946	1926	200	162	1278	148	80	0	0	0	0	0	0	0	0	0	0	0	112	0	0	0	72	0	380	0	0	0	162	0	0	0	0	0	162	0	82	0	638	0	2452	0	128	0	958	102	1368	0	0	0	0	0	0	0	0	0	0	0	0	0	0	0	0	0	0	0	0	0	0	0	0	0	0	0	0	0	0	0	0	0	0	0	0	0	
375008	Frontal_Mid_R	104	11662	1012	42894	0	2728	0	0	0	2332	0	12398	0	14584	0	10432	0	862	2538	8916	0	0	236	8724	0	1194	0	0	82	12786	938	8626	212	3696	256	260	250	4322	0	872	0	0	0	0	0	398	0	0	0	530	0	182	0	0	0	134	0	674	0	110	0	0	0	282	0	0	0	908	124	0	7190	8638	130	11436	0	1328	258	1888	0	0	0	110	0	0	0	158	0	0	0	110	0	0	0	0	0	0	0	0	0	0	0	0	0	0	0	0	0	0	0	0	0	0	0	0	0	0	
96828	Frontal_Mid_Orb_L	0	0	3576	0	12170	0	3564	0	0	0	0	0	2816	0	15276	0	0	0	118	0	184	0	296	0	350	0	958	0	4016	0	310	0	208	0	0	0	0	0	0	0	0	0	0	0	0	0	0	0	0	0	0	0	0	0	0	0	0	0	0	0	0	0	0	0	0	0	0	0	0	0	0	0	4142	0	0	0	0	0	0	0	0	0	430	0	0	0	0	0	0	0	0	0	0	0	0	0	0	0	0	0	0	0	0	0	0	0	0	0	0	0	0	0	0	0	0	0	
36012	Frontal_Mid_Orb_R	0	0	0	1450	0	6202	0	2332	0	0	0	0	0	472	0	5396	0	0	0	0	0	0	0	0	0	868	0	1132	0	0	0	0	0	0	0	0	0	0	0	0	0	0	0	0	0	0	0	0	0	0	0	0	0	0	0	0	0	0	0	0	0	0	0	0	0	0	0	0	0	0	0	0	0	154	0	0	0	0	0	0	0	0	0	0	0	0	0	0	0	0	0	0	0	0	0	0	0	0	0	0	0	0	0	0	0	0	0	0	0	0	0	0	0	0	0	0	
189508	Frontal_Inf_Oper_L	10862	0	10246	0	0	0	14652	0	0	0	0	0	16436	0	606	0	7774	0	7408	0	0	0	176	0	0	0	0	0	18428	0	556	0	0	0	0	0	138	0	0	0	0	0	0	0	0	0	0	0	0	0	0	0	0	0	0	0	992	0	0	0	0	0	0	0	0	0	0	0	0	0	0	0	1350	0	0	0	0	0	652	0	3072	0	1406	0	0	0	0	0	0	0	0	0	0	0	0	0	0	0	0	0	0	0	0	0	0	0	0	0	0	0	0	0	0	0	0	0	
183448	Frontal_Inf_Oper_R	0	4362	334	10656	0	0	0	12398	0	0	0	0	0	7486	0	3110	0	4696	664	5842	0	0	0	266	0	0	0	0	0	22160	0	150	0	1782	0	0	0	1158	0	234	0	0	0	0	0	0	0	0	0	0	0	0	0	0	0	0	0	2108	0	0	0	0	0	0	0	0	0	0	0	0	482	3978	0	7514	0	582	0	454	0	84	0	374	0	850	0	0	0	0	0	0	0	0	0	0	0	0	0	0	0	0	0	0	0	0	0	0	0	0	0	0	0	0	0	0	0	0	
313628	Frontal_Inf_Tri_L	3862	0	20752	0	198	0	42626	0	2816	0	16436	0	0	0	14500	160	642	0	8648	0	0	0	4896	0	0	0	0	0	33746	0	2604	316	2144	380	0	0	0	0	0	0	0	0	0	0	0	0	0	0	0	0	0	0	0	0	0	0	0	0	0	0	0	0	0	0	0	0	0	0	0	0	0	0	402	0	0	0	0	0	0	0	760	0	926	0	0	0	0	0	0	0	0	0	0	0	0	0	0	0	0	0	0	0	0	0	0	0	0	0	0	0	0	0	0	0	0	0	
141268	Frontal_Inf_Tri_R	0	124	170	7078	0	414	0	14584	0	472	0	7486	0	0	0	11632	0	98	646	3492	0	0	0	880	0	108	0	0	0	14684	0	166	0	2352	0	0	0	360	0	224	0	0	0	0	0	0	0	0	0	0	0	0	0	0	0	0	0	0	0	0	0	0	0	0	0	0	0	0	0	0	0	2028	0	3636	0	0	0	0	0	0	0	0	0	0	0	0	0	0	0	0	0	0	0	0	0	0	0	0	0	0	0	0	0	0	0	0	0	0	0	0	0	0	0	0	0	0	
175244	Frontal_Inf_Orb_L	286	0	7422	0	7782	0	8148	0	15276	0	606	0	14500	0	0	102	72	0	830	0	1894	0	1734	0	0	0	688	0	15600	0	1066	198	1470	236	0	0	898	0	772	0	790	0	0	0	0	0	0	0	0	0	0	0	0	0	84	0	0	0	0	0	0	0	0	0	0	0	0	0	0	0	0	0	5410	0	0	0	0	0	0	0	94	0	1664	0	0	0	0	0	0	0	0	0	0	0	0	0	0	0	0	0	0	0	0	0	0	0	0	0	0	0	0	0	0	0	0	0	
177524	Frontal_Inf_Orb_R	0	0	74	6414	0	4222	0	10432	0	5396	0	3110	160	11632	102	0	0	0	944	2920	0	1296	1574	5424	0	396	0	1024	0	12066	188	3810	872	8178	0	0	0	0	0	118	0	282	0	0	0	0	0	0	0	0	0	0	0	0	0	0	0	0	0	0	0	0	0	0	0	0	0	0	0	0	90	2154	0	3820	0	0	0	0	0	0	0	588	0	942	0	534	0	0	0	0	0	0	0	0	0	0	0	0	0	0	0	0	0	0	0	0	0	0	0	0	0	0	0	0	0	0	
178208	Rolandic_Oper_L	7618	0	5818	0	0	0	1592	0	0	0	7774	0	642	0	72	0	0	0	4390	0	0	0	0	0	0	0	0	0	18034	0	0	0	0	0	106	0	1052	0	0	0	0	0	82	0	0	0	0	0	108	0	2118	0	0	0	496	0	6740	0	490	0	3184	0	3802	0	2554	0	1114	0	0	0	0	0	636	0	0	0	150	0	9178	0	10152	0	864	0	222	0	0	0	116	0	0	0	0	0	0	0	0	0	0	0	0	0	0	0	0	0	0	0	0	0	0	0	0	0	0	0	
91636	Rolandic_Oper_R	0	2470	0	1152	0	0	0	862	0	0	0	4696	0	98	0	0	0	0	0	214	0	0	0	0	0	0	0	0	0	10044	0	0	0	0	260	352	258	636	0	0	0	0	0	0	0	1986	0	0	0	1968	0	300	0	0	0	0	0	5532	0	168	0	144	0	2952	0	156	0	2410	0	0	262	0	0	1658	0	130	234	104	0	2506	0	2198	0	872	0	970	0	0	0	226	0	0	0	0	0	0	0	0	0	0	0	0	0	0	0	0	0	0	0	0	0	0	0	0	0	0	
522552	Supp_Motor_Area_L	3788	2584	64644	15666	100	322	8950	2538	118	0	7408	664	8648	646	830	944	4390	0	0	34724	0	0	5146	3068	0	484	0	0	16074	1684	6908	8642	10120	18408	420	264	810	402	0	192	0	0	0	0	0	184	0	0	0	246	0	0	0	0	0	0	134	122	0	0	0	0	0	0	0	0	90	280	6978	84	9116	1172	7632	1666	1100	170	1036	72	334	0	1074	0	128	0	0	72	0	0	0	0	0	0	0	0	0	0	0	0	0	0	0	0	0	0	0	0	0	0	0	0	0	0	0	0	0	0	
692140	Supp_Motor_Area_R	5740	6608	20258	66784	0	688	1840	8916	0	0	0	5842	0	3492	0	2920	0	214	34724	0	0	0	1044	11712	0	796	0	0	144	9798	1120	15936	5278	48174	442	2076	182	3718	0	1344	0	0	0	416	0	414	0	102	0	706	0	292	0	0	0	518	74	4204	0	120	0	0	0	108	0	0	186	1496	14406	13570	7776	19134	290	14588	0	2088	470	4940	0	0	0	100	0	0	0	186	0	0	0	96	0	0	0	0	0	0	0	0	0	0	0	0	0	0	0	0	0	0	0	0	0	0	0	0	0	0	
71748	Olfactory_L	0	0	134	0	1510	0	0	0	184	0	0	0	0	0	1894	0	0	0	0	0	0	3938	104	0	560	0	2812	498	3118	0	3720	1178	0	0	0	0	1112	0	1424	0	1292	0	0	0	0	0	0	0	0	0	0	0	0	0	128	0	0	0	0	0	0	0	0	0	0	0	0	0	0	0	6540	2368	2004	0	0	0	0	0	0	0	0	0	1356	0	0	0	0	0	0	0	0	0	0	0	0	0	0	0	0	0	0	0	0	0	0	0	0	0	0	0	0	0	0	0	0	0	
65888	Olfactory_R	0	0	0	260	0	1002	0	0	0	0	0	0	0	0	0	1296	0	0	0	0	3938	0	0	420	0	1352	496	3590	0	1944	2694	2900	0	0	0	0	0	178	0	294	0	1340	0	0	0	0	0	0	0	0	0	0	0	0	0	0	0	0	0	0	0	0	0	0	0	0	0	0	0	0	4946	3668	2170	456	0	0	0	0	0	0	0	0	0	0	0	0	0	0	0	0	0	0	0	0	0	0	0	0	0	0	0	0	0	0	0	0	0	0	0	0	0	0	0	0	0	0	
317864	Frontal_Sup_Medial_L	82	0	38072	3748	4264	582	15164	236	296	0	176	0	4896	0	1734	1574	0	0	5146	1044	104	0	0	11232	4144	1282	1458	120	6270	0	23718	11900	8840	9450	0	0	0	0	0	0	0	0	0	0	0	0	0	0	0	0	0	0	0	0	0	0	0	0	0	0	0	0	0	0	0	0	0	0	0	0	940	0	2384	76	0	0	0	0	0	0	0	0	0	0	0	0	0	0	0	0	0	0	0	0	0	0	0	0	0	0	0	0	0	0	0	0	0	0	0	0	0	0	0	0	0	0	
366028	Frontal_Sup_Medial_R	0	0	1690	38630	88	7276	0	8724	0	0	0	266	0	880	0	5424	0	0	3068	11712	0	420	11232	0	424	15446	0	2100	128	864	8918	34732	506	19674	0	0	0	0	0	0	0	0	0	0	0	0	0	0	0	0	0	0	0	0	0	0	0	0	0	0	0	0	0	0	0	0	0	0	0	0	104	7280	0	3284	0	0	0	144	0	0	0	0	0	0	0	0	0	0	0	0	0	0	0	0	0	0	0	0	0	0	0	0	0	0	0	0	0	0	0	0	0	0	0	0	0	0	
43728	Frontal_Med_Orb_L	0	0	2844	0	4064	0	0	0	350	0	0	0	0	0	0	0	0	0	0	0	560	0	4144	424	0	1028	2930	0	76	0	4430	362	0	0	0	0	0	0	0	0	0	0	0	0	0	0	0	0	0	0	0	0	0	0	0	0	0	0	0	0	0	0	0	0	0	0	0	0	0	0	480	0	172	0	0	0	0	0	0	0	0	0	0	0	0	0	0	0	0	0	0	0	0	0	0	0	0	0	0	0	0	0	0	0	0	0	0	0	0	0	0	0	0	0	0	0	
160168	Frontal_Med_Orb_R	0	0	212	12990	0	11276	0	1194	0	868	0	0	0	108	0	396	0	0	484	796	0	1352	1282	15446	1028	0	152	8968	0	0	3334	11350	214	2684	0	0	0	0	0	0	0	0	0	0	0	0	0	0	0	0	0	0	0	0	0	0	0	0	0	0	0	0	0	0	0	0	0	0	0	0	76	3824	0	2050	0	0	0	0	0	0	0	0	0	0	0	0	0	0	0	0	0	0	0	0	0	0	0	0	0	0	0	0	0	0	0	0	0	0	0	0	0	0	0	0	0	0	
56364	Rectus_L	0	0	1800	0	6524	0	0	0	958	0	0	0	0	0	688	0	0	0	0	0	2812	496	1458	0	2930	152	0	292	720	0	6232	392	0	0	0	0	0	0	128	0	0	0	0	0	0	0	0	0	0	0	0	0	0	0	0	0	0	0	0	0	0	0	0	0	0	0	0	0	0	0	1840	92	668	0	0	0	0	0	0	0	0	0	0	0	0	0	0	0	0	0	0	0	0	0	0	0	0	0	0	0	0	0	0	0	0	0	0	0	0	0	0	0	0	0	0	0	
76276	Rectus_R	0	0	0	2356	0	8690	0	0	0	1132	0	0	0	0	0	1024	0	0	0	0	498	3590	120	2100	0	8968	292	0	0	674	1066	3848	0	0	0	0	0	0	0	0	0	114	0	0	0	0	0	0	0	0	0	0	0	0	0	0	0	0	0	0	0	0	0	0	0	0	0	0	0	0	538	2336	300	492	0	0	0	0	0	0	0	0	0	0	0	0	0	0	0	0	0	0	0	0	0	0	0	0	0	0	0	0	0	0	0	0	0	0	0	0	0	0	0	0	0	0	
628292	Insula_L	14598	110	41040	250	3656	0	26266	82	4016	0	18428	0	33746	0	15600	0	18034	0	16074	144	3118	0	6270	128	76	0	720	0	0	0	7722	208	806	0	1924	1858	15926	1760	1546	532	2366	0	0	0	0	0	0	0	0	0	2014	0	0	0	3724	0	7090	0	668	0	758	0	552	0	230	0	1822	0	452	0	1036	0	24228	76	304	0	3530	766	12720	0	7840	0	5522	0	1008	0	0	0	2566	0	92	0	0	0	0	0	144	0	0	0	0	0	0	0	0	0	0	0	0	0	0	0	0	0	0	0	
354736	Insula_R	78	4218	476	16354	0	668	0	12786	0	0	0	22160	0	14684	0	12066	0	10044	1684	9798	0	1944	0	864	0	0	0	674	0	0	0	336	84	3436	854	1010	842	5036	0	1406	0	2228	0	0	0	1838	0	0	0	1650	0	140	0	0	0	538	0	4150	0	88	0	0	0	1408	0	0	0	2788	0	0	764	5160	0	23440	0	584	790	806	0	2242	0	4280	0	892	0	1816	0	0	0	264	0	0	0	0	0	0	0	0	0	0	0	0	0	0	0	0	0	0	0	0	0	0	0	0	0	0	
367728	Cingulum_Ant_L	324	0	21386	7598	4168	652	5634	938	310	0	556	0	2604	0	1066	188	0	0	6908	1120	3720	2694	23718	8918	4430	3334	6232	1066	7722	0	0	21730	11904	6986	732	0	0	0	0	0	0	0	0	0	0	0	0	0	0	0	0	0	0	0	0	0	0	0	0	0	0	0	0	0	0	0	92	0	0	0	12252	3086	10746	1050	0	0	0	0	0	0	0	0	0	0	0	0	0	0	0	0	0	0	0	0	0	0	0	0	0	0	0	0	0	0	0	0	0	0	0	0	0	0	0	0	0	0	
478420	Cingulum_Ant_R	94	132	6032	33368	142	3100	374	8626	0	0	0	150	316	166	198	3810	0	0	8642	15936	1178	2900	11900	34732	362	11350	392	3848	208	336	21730	0	6700	28308	0	104	0	84	0	0	0	0	0	0	0	0	0	0	0	0	0	0	0	0	0	0	0	0	0	0	0	0	0	0	0	0	0	0	126	0	3018	20198	1386	8924	0	118	0	222	0	0	0	0	0	0	0	0	0	0	0	0	0	0	0	0	0	0	0	0	0	0	0	0	0	0	0	0	0	0	0	0	0	0	0	0	0	0	
189780	Cingulum_Mid_L	1138	226	5880	1238	0	168	3946	212	208	0	0	0	2144	0	1470	872	0	0	10120	5278	0	0	8840	506	0	214	0	0	806	84	11904	6700	0	14088	5460	448	0	0	0	0	0	0	210	258	184	186	0	0	144	0	438	0	0	0	0	0	236	218	268	0	0	0	0	0	0	0	4572	1412	3306	210	672	0	626	0	0	0	0	0	0	0	0	0	0	0	0	0	0	0	0	0	0	0	0	0	0	0	0	0	0	0	0	0	0	0	0	0	0	0	0	0	0	0	0	0	0	0	
566004	Cingulum_Mid_R	5258	4714	7368	22734	0	1620	1926	3696	0	0	0	1782	380	2352	236	8178	0	0	18408	48174	0	0	9450	19674	0	2684	0	0	0	3436	6986	28308	14088	0	1594	8438	0	276	0	158	0	0	0	1464	78	612	0	282	0	770	0	474	0	0	0	764	80	6680	0	206	0	0	0	0	0	0	1018	7950	12594	17982	2914	3458	104	1854	86	98	1208	186	0	0	0	0	0	0	0	148	0	0	0	74	0	0	0	0	0	0	0	0	0	0	0	0	0	0	0	0	0	0	0	0	0	0	0	0	0	0	
172572	Cingulum_Post_L	3046	610	834	362	0	0	200	256	0	0	0	0	0	0	0	0	106	260	420	442	0	0	0	0	0	0	0	0	1924	854	732	0	5460	1594	0	12198	9766	7158	780	1240	0	0	4446	0	1468	0	464	112	654	0	572	0	0	0	348	0	562	620	242	0	110	0	0	0	0	0	11012	1004	4282	1056	0	0	814	306	0	0	6466	2956	276	0	274	0	0	0	0	0	0	0	0	0	0	0	0	0	0	0	0	0	0	0	0	0	0	0	0	0	0	0	0	0	0	0	0	0	0	0	
176804	Cingulum_Post_R	2744	720	784	490	0	0	162	260	0	0	0	0	0	0	0	0	0	352	264	2076	0	0	0	0	0	0	0	0	1858	1010	0	104	448	8438	12198	0	7208	10878	96	2174	0	0	0	514	76	0	0	1406	0	0	0	0	0	0	0	1238	456	1218	0	0	0	0	0	0	0	0	1698	8010	2080	3966	214	0	744	310	0	0	8364	4498	264	86	250	0	0	0	0	0	0	0	0	0	0	0	0	0	0	0	0	0	0	0	0	0	0	0	0	0	0	0	0	0	746	0	0	0	0	0	
279684	Hippocampus_L	8396	476	4440	326	0	0	1278	250	0	0	138	0	0	0	898	0	1052	258	810	182	1112	0	0	0	0	0	0	0	15926	842	0	0	0	0	9766	7208	0	6472	6736	1216	5120	0	2946	0	186	0	2796	112	0	0	152	0	0	0	9126	0	2972	240	78	0	120	0	144	0	0	0	5374	686	1984	0	254	0	8462	304	1318	0	9506	2360	5236	0	2714	0	1758	0	1482	0	0	0	5690	0	248	0	76	0	0	0	360	0	256	0	0	0	0	0	0	0	0	0	0	0	0	0	0	0	0	0	
329516	Hippocampus_R	1718	4624	994	6616	0	0	148	4322	0	0	0	1158	0	360	0	0	0	636	402	3718	0	178	0	0	0	0	0	0	1760	5036	0	84	0	276	7158	10878	6472	0	96	24504	0	10268	0	888	0	92	0	3700	0	0	0	0	0	106	0	18386	356	566	0	0	0	0	0	0	0	0	530	4394	548	204	1146	492	664	13700	0	950	7144	7086	218	222	224	1414	0	1808	0	2444	0	396	0	4158	0	0	0	0	0	84	0	800	0	0	0	0	0	0	0	0	0	0	0	0	632	0	0	0	0	0	
69004	ParaHippocampal_L	182	0	0	0	350	0	80	0	0	0	0	0	0	0	772	0	0	0	0	0	1424	0	0	0	0	0	128	0	1546	0	0	0	0	0	780	96	6736	96	0	0	1478	0	1172	0	100	0	5814	0	116	0	874	0	182	0	6002	0	0	0	0	0	0	0	0	0	0	0	2218	0	78	0	0	0	346	0	0	0	206	0	0	0	78	0	1174	0	402	0	326	0	626	0	82	0	0	0	254	0	652	0	132	0	0	0	0	0	0	0	0	0	0	0	0	0	0	0	0	0	
154560	ParaHippocampal_R	366	994	450	2478	0	0	0	872	0	0	0	234	0	224	0	118	0	0	192	1344	0	294	0	0	0	0	0	0	532	1406	0	0	0	158	1240	2174	1216	24504	0	0	0	6994	0	626	0	82	0	1986	0	0	0	0	0	0	0	13242	100	104	0	0	0	0	0	0	0	0	112	1806	96	178	490	302	168	5288	0	382	1064	494	0	102	0	350	0	1638	0	268	0	470	0	920	0	0	0	0	0	110	0	852	0	118	0	0	0	0	0	0	0	0	0	0	142	0	0	0	0	0	
30464	Amygdala_L	0	0	0	0	106	0	0	0	0	0	0	0	0	0	790	0	0	0	0	0	1292	0	0	0	0	0	0	0	2366	0	0	0	0	0	0	0	5120	0	1478	0	0	0	0	0	0	0	0	0	0	0	0	0	0	0	2044	0	0	0	0	0	0	0	0	0	0	0	0	0	0	0	0	0	202	0	0	0	0	0	0	0	0	0	1318	0	172	0	0	0	344	0	0	0	0	0	0	0	0	0	0	0	0	0	0	0	0	0	0	0	0	0	0	0	0	0	0	0	
63844	Amygdala_R	0	0	0	0	0	0	0	0	0	0	0	0	0	0	0	282	0	0	0	0	0	1340	0	0	0	0	0	114	0	2228	0	0	0	0	0	0	0	10268	0	6994	0	0	0	0	0	0	0	0	0	0	0	0	0	0	0	5208	0	0	0	0	0	0	0	0	0	0	0	0	0	0	0	0	0	1828	0	0	0	0	0	0	0	0	0	2544	0	200	0	306	0	610	0	0	0	0	0	0	0	0	0	0	0	0	0	0	0	0	0	0	0	0	0	0	0	0	0	0	
179932	Calcarine_L	0	0	0	0	0	0	0	0	0	0	0	0	0	0	0	0	82	0	0	0	0	0	0	0	0	0	0	0	0	0	0	0	210	0	4446	0	2946	0	1172	0	0	0	0	7288	10772	3148	13712	3370	8760	2396	12912	190	990	76	3516	0	0	0	326	0	0	0	0	0	0	0	12878	196	230	0	0	0	0	0	0	0	0	0	0	0	0	0	0	0	350	0	0	0	0	0	0	0	0	0	0	0	0	0	0	0	0	0	0	0	0	0	0	0	0	0	0	0	0	0	0	0	
357620	Calcarine_R	0	142	0	0	0	0	0	0	0	0	0	0	0	0	0	0	0	0	0	416	0	0	0	0	0	0	0	0	0	0	0	0	258	1464	0	514	0	888	0	626	0	0	7288	0	6888	36358	1880	16394	310	29898	260	12902	0	2976	0	9662	0	1316	0	2388	0	706	0	186	0	1702	2570	24142	0	1008	0	0	0	0	0	0	0	0	0	354	0	2008	0	0	0	10054	0	0	0	3120	0	0	0	0	0	0	0	0	0	0	0	0	0	0	0	0	0	0	0	0	132	0	0	0	0	0	
182652	Cuneus_L	102	0	0	0	0	0	0	0	0	0	0	0	0	0	0	0	0	0	0	0	0	0	0	0	0	0	0	0	0	0	0	0	184	78	1468	76	186	0	100	0	0	0	10772	6888	0	6874	4040	1242	20312	3268	13686	1344	90	166	918	192	122	0	2892	0	90	0	0	0	72	0	13984	978	554	76	0	0	0	0	0	0	0	0	0	0	0	0	0	0	572	0	0	0	0	0	0	0	0	0	0	0	0	0	0	0	0	0	0	0	0	0	0	0	0	0	0	0	0	0	0	0	
386400	Cuneus_R	0	1042	0	280	0	0	0	398	0	0	0	0	0	0	0	0	0	1986	184	414	0	0	0	0	0	0	0	0	0	1838	0	0	186	612	0	0	0	92	0	82	0	0	3148	36358	6874	0	592	2896	328	48178	308	9726	0	640	0	1994	0	4202	0	9060	0	2956	0	810	0	3858	2836	34860	188	630	0	0	0	0	0	0	0	0	0	878	0	4352	0	0	0	7926	0	0	0	2488	0	0	0	0	0	0	0	0	0	0	0	0	0	0	0	0	0	0	0	0	0	0	0	0	0	0	
194288	Lingual_L	192	0	0	0	0	0	0	0	0	0	0	0	0	0	0	0	0	0	0	0	0	0	0	0	0	0	0	0	0	0	0	0	0	0	464	0	2796	0	5814	0	0	0	13712	1880	4040	592	0	2040	4692	524	11298	0	3538	80	12586	102	0	0	86	0	0	0	0	0	0	0	7434	0	158	0	0	0	0	0	0	0	340	0	0	0	0	0	0	0	410	0	0	0	338	0	5798	128	998	0	0	0	5948	148	7892	194	76	0	120	0	0	0	0	0	0	96	1800	830	0	0	0	0	
226836	Lingual_R	0	0	0	132	0	0	0	0	0	0	0	0	0	0	0	0	0	0	0	102	0	0	0	0	0	0	0	0	0	0	0	0	0	282	112	1406	112	3700	0	1986	0	0	3370	16394	1242	2896	2040	0	0	4648	0	2154	0	3590	202	12176	0	0	0	0	0	0	0	0	0	0	328	5824	0	160	0	0	0	0	0	0	106	204	0	0	0	0	0	0	0	140	0	0	0	232	3574	4970	758	904	182	262	1332	4970	4610	9120	174	150	606	1456	740	602	110	0	0	156	4874	8274	1946	0	110	0	
199748	Occipital_Sup_L	76	0	0	0	0	0	0	0	0	0	0	0	0	0	0	0	108	0	0	0	0	0	0	0	0	0	0	0	0	0	0	0	144	0	654	0	0	0	116	0	0	0	8760	310	20312	328	4692	0	0	170	34736	92	372	0	1112	0	0	0	10860	0	1412	0	0	0	2304	0	9630	106	468	0	0	0	0	0	0	0	0	0	0	0	140	0	0	0	2428	0	0	0	544	0	0	0	0	0	0	0	0	0	0	0	0	0	0	0	0	0	0	0	0	0	0	0	0	0	0	0	
430204	Occipital_Sup_R	0	1604	0	360	0	0	0	530	0	0	0	0	0	0	0	0	0	1968	246	706	0	0	0	0	0	0	0	0	0	1650	0	0	0	770	0	0	0	0	0	0	0	0	2396	29898	3268	48178	524	4648	170	0	156	26196	0	1164	0	1544	0	5436	0	15684	0	5518	0	1100	0	11672	722	28560	246	1038	0	0	0	0	0	0	0	0	0	876	0	5204	0	0	0	10332	0	0	0	2738	0	0	0	0	0	0	0	0	0	0	0	0	0	0	0	0	0	0	0	0	0	0	0	0	0	0	
370384	Occipital_Mid_L	2922	0	0	0	0	0	112	0	0	0	0	0	0	0	0	0	2118	0	0	0	0	0	0	0	0	0	0	0	2014	0	0	0	438	0	572	0	152	0	874	0	0	0	12912	260	13686	308	11298	0	34736	156	0	82	13420	0	8464	0	3000	0	15422	0	11470	0	1048	0	15512	0	12906	0	496	0	0	0	0	0	0	0	0	0	634	0	690	0	0	0	14362	0	0	0	4738	0	196	0	0	0	0	0	0	0	194	0	0	0	0	0	0	0	0	0	0	0	0	0	0	0	0	0	
236388	Occipital_Mid_R	0	550	0	118	0	0	0	182	0	0	0	0	0	0	0	0	0	300	0	292	0	0	0	0	0	0	0	0	0	140	0	0	0	474	0	0	0	0	0	0	0	0	190	12902	1344	9726	0	2154	92	26196	82	0	0	2254	0	964	0	1594	0	9482	0	5970	0	494	0	21034	426	5468	0	562	0	0	0	0	0	0	0	0	0	104	0	700	0	0	0	12486	0	0	0	1914	0	0	0	0	0	0	0	0	0	0	0	0	0	0	0	0	0	0	0	0	0	0	0	0	0	0	
62972	Occipital_Inf_L	0	0	0	0	0	0	0	0	0	0	0	0	0	0	0	0	0	0	0	0	0	0	0	0	0	0	0	0	0	0	0	0	0	0	0	0	0	0	182	0	0	0	990	0	90	0	3538	0	372	0	13420	0	0	0	6584	0	0	0	0	0	0	0	0	0	0	0	88	0	0	0	0	0	0	0	0	0	0	0	0	0	0	0	0	0	2288	0	0	0	2726	0	432	0	102	0	0	0	0	0	498	0	0	0	0	0	0	0	0	0	0	0	0	176	0	0	0	0	
39148	Occipital_Inf_R	0	0	0	0	0	0	0	0	0	0	0	0	0	0	0	0	0	0	0	0	0	0	0	0	0	0	0	0	0	0	0	0	0	0	0	0	0	106	0	0	0	0	76	2976	166	640	80	3590	0	1164	0	2254	0	0	0	4048	0	0	0	0	0	0	0	0	0	0	110	342	0	0	0	0	0	0	0	0	0	0	0	0	0	88	0	0	0	512	0	0	0	1460	226	92	0	0	0	0	0	0	354	568	0	0	0	0	0	0	0	0	0	0	0	644	78	0	0	0	
281368	Fusiform_L	570	0	152	0	0	0	72	0	0	0	0	0	0	0	84	0	496	0	0	0	128	0	0	0	0	0	0	0	3724	0	0	0	0	0	348	0	9126	0	6002	0	2044	0	3516	0	918	0	12586	202	1112	0	8464	0	6584	0	0	86	296	0	144	0	178	0	0	0	160	0	3688	0	338	0	0	0	816	0	0	0	240	0	1392	0	2972	0	1628	0	4188	0	1216	0	14638	0	19662	142	3064	0	0	0	6466	0	19192	230	476	0	1420	0	76	0	0	0	0	0	926	922	0	0	0	0	
294416	Fusiform_R	0	280	0	148	0	0	0	134	0	0	0	0	0	0	0	0	0	0	0	518	0	0	0	0	0	0	0	0	0	538	0	0	0	764	0	1238	0	18386	0	13242	0	5208	0	9662	192	1994	102	12176	0	1544	0	964	0	4048	86	0	0	476	0	200	0	0	0	0	0	118	90	5590	0	706	72	0	0	462	0	0	0	0	0	624	0	1258	0	4120	0	6272	0	3756	0	13196	854	9916	120	410	0	650	248	6018	1150	13402	0	0	0	860	0	242	0	0	0	328	2120	2258	468	0	0	0	
197228	Postcentral_L	20764	0	2356	0	0	0	380	0	0	0	992	0	0	0	0	0	6740	0	134	74	0	0	0	0	0	0	0	0	7090	0	0	0	236	80	562	456	2972	356	0	100	0	0	0	0	122	0	0	0	0	0	3000	0	0	0	296	0	0	0	9190	0	15870	0	8532	0	1554	0	5268	0	2288	0	0	0	152	0	0	0	452	110	5334	0	3154	0	0	0	0	0	0	0	0	0	0	0	0	0	0	0	0	0	0	0	0	0	0	0	0	0	0	0	0	0	0	0	0	0	0	0	
217128	Postcentral_R	428	18522	0	460	0	0	0	674	0	0	0	2108	0	0	0	0	0	5532	122	4204	0	0	0	0	0	0	0	0	0	4150	0	0	218	6680	620	1218	240	566	0	104	0	0	0	1316	0	4202	0	0	0	5436	0	1594	0	0	0	476	0	0	0	4464	0	4148	0	11682	0	1020	234	10860	2224	9918	312	272	0	654	0	84	268	360	0	666	0	914	0	0	0	1232	0	0	0	382	0	0	0	0	0	0	0	0	0	0	0	0	0	0	0	0	0	0	0	0	0	0	0	0	0	0	
163016	Parietal_Sup_L	2644	0	0	0	0	0	0	0	0	0	0	0	0	0	0	0	490	0	0	0	0	0	0	0	0	0	0	0	668	0	0	0	268	0	242	0	78	0	0	0	0	0	326	0	2892	0	86	0	10860	0	15422	0	0	0	144	0	9190	0	0	0	13986	0	140	0	3018	0	18288	0	898	0	0	0	0	0	0	0	0	0	244	0	168	0	0	0	1170	0	0	0	286	0	0	0	0	0	0	0	0	0	0	0	0	0	0	0	0	0	0	0	0	0	0	0	0	0	0	0	
169376	Parietal_Sup_R	0	416	0	0	0	0	0	110	0	0	0	0	0	0	0	0	0	168	0	120	0	0	0	0	0	0	0	0	0	88	0	0	0	206	0	0	0	0	0	0	0	0	0	2388	0	9060	0	0	0	15684	0	9482	0	0	0	200	0	4464	0	0	0	10688	0	1554	0	11362	350	14664	0	284	0	0	0	0	0	0	0	0	0	226	0	1098	0	0	0	1782	0	0	0	294	0	0	0	0	0	0	0	0	0	0	0	0	0	0	0	0	0	0	0	0	0	0	0	0	0	0	
222716	Parietal_Inf_L	2328	0	0	0	0	0	162	0	0	0	0	0	0	0	0	0	3184	0	0	0	0	0	0	0	0	0	0	0	758	0	0	0	0	0	110	0	120	0	0	0	0	0	0	0	90	0	0	0	1412	0	11470	0	0	0	178	0	15870	0	13986	0	0	0	11194	0	28988	0	4780	0	760	0	0	0	0	0	0	0	0	0	474	0	7688	0	0	0	6282	0	0	0	1524	0	0	0	0	0	0	0	0	0	0	0	0	0	0	0	0	0	0	0	0	0	0	0	0	0	0	0	
111204	Parietal_Inf_R	0	216	0	0	0	0	0	0	0	0	0	0	0	0	0	0	0	144	0	0	0	0	0	0	0	0	0	0	0	0	0	0	0	0	0	0	0	0	0	0	0	0	0	706	0	2956	0	0	0	5518	0	5970	0	0	0	0	0	4148	0	10688	0	0	0	4992	0	13748	0	3826	0	0	0	0	0	0	0	0	0	0	0	0	0	184	0	0	0	1786	0	0	0	720	0	0	0	0	0	0	0	0	0	0	0	0	0	0	0	0	0	0	0	0	0	0	0	0	0	0	
89272	SupraMarginal_L	1644	0	1120	0	0	0	0	0	0	0	0	0	0	0	0	0	3802	0	0	0	0	0	0	0	0	0	0	0	552	0	0	0	0	0	0	0	144	0	0	0	0	0	0	0	0	0	0	0	0	0	1048	0	0	0	0	0	8532	0	140	0	11194	0	0	0	6772	0	246	0	0	0	0	0	0	0	0	0	0	0	316	0	6956	0	0	0	2098	0	0	0	72	0	0	0	0	0	0	0	0	0	0	0	0	0	0	0	0	0	0	0	0	0	0	0	0	0	0	0	
71232	SupraMarginal_R	0	1954	0	108	0	0	0	282	0	0	0	0	0	0	0	0	0	2952	0	108	0	0	0	0	0	0	0	0	0	1408	0	0	0	0	0	0	0	0	0	0	0	0	0	186	0	810	0	0	0	1100	0	494	0	0	0	0	0	11682	0	1554	0	4992	0	0	0	1982	0	1142	0	0	138	0	0	0	0	0	0	0	0	146	0	2666	0	0	0	1770	0	0	0	142	0	0	0	0	0	0	0	0	0	0	0	0	0	0	0	0	0	0	0	0	0	0	0	0	0	0	
164264	Angular_L	676	0	0	0	0	0	0	0	0	0	0	0	0	0	0	0	2554	0	0	0	0	0	0	0	0	0	0	0	230	0	0	0	0	0	0	0	0	0	0	0	0	0	0	0	72	0	0	0	2304	0	15512	0	0	0	160	0	1554	0	3018	0	28988	0	6772	0	0	0	1544	0	132	0	0	0	0	0	0	0	0	0	306	0	7384	0	0	0	8674	0	0	0	2252	0	0	0	0	0	0	0	0	0	0	0	0	0	0	0	0	0	0	0	0	0	0	0	0	0	0	0	
174960	Angular_R	0	136	0	0	0	0	0	0	0	0	0	0	0	0	0	0	0	156	0	0	0	0	0	0	0	0	0	0	0	0	0	0	0	0	0	0	0	0	0	0	0	0	0	1702	0	3858	0	0	0	11672	0	21034	0	0	0	118	0	1020	0	11362	0	13748	0	1982	0	0	0	4366	0	0	0	0	0	0	0	0	0	0	0	0	0	3532	0	0	0	9372	0	0	0	3422	0	0	0	0	0	0	0	0	0	0	0	0	0	0	0	0	0	0	0	0	0	0	0	0	0	0	
289352	Precuneus_L	3532	0	200	0	0	0	162	0	0	0	0	0	0	0	0	0	1114	0	90	186	0	0	0	0	0	0	0	0	1822	0	92	0	4572	1018	11012	1698	5374	530	2218	112	0	0	12878	2570	13984	2836	7434	328	9630	722	12906	426	88	110	3688	90	5268	234	18288	350	4780	0	246	0	1544	0	0	5228	4798	500	0	0	260	0	0	0	184	0	538	0	330	0	0	0	342	0	0	0	86	0	134	0	0	0	0	0	0	0	144	0	0	0	0	0	0	0	0	0	0	0	0	0	0	0	0	0	
413216	Precuneus_R	214	3262	0	492	0	0	0	908	0	0	0	0	0	0	0	0	0	2410	280	1496	0	0	0	0	0	0	0	0	0	2788	0	0	1412	7950	1004	8010	686	4394	0	1806	0	0	196	24142	978	34860	0	5824	106	28560	0	5468	0	342	0	5590	0	10860	0	14664	0	3826	0	1142	0	4366	5228	0	476	4768	84	0	0	0	0	0	600	446	0	1076	0	5324	0	0	0	6612	0	0	0	2668	0	0	0	0	0	0	0	260	0	0	0	0	0	0	0	0	0	0	0	0	1030	0	0	0	0	0	
213584	Paracentral_Lobule_L	19972	3956	1990	2758	0	0	82	124	0	0	0	0	0	0	0	0	0	0	6978	14406	0	0	0	0	0	0	0	0	452	0	0	126	3306	12594	4282	2080	1984	548	78	96	0	0	230	0	554	188	158	0	468	246	496	0	0	0	338	0	2288	2224	898	0	760	0	0	0	132	0	4798	476	0	7302	190	156	1496	302	1164	94	5098	164	80	0	210	0	0	0	202	72	0	0	196	0	0	0	0	0	0	0	0	0	0	0	0	0	0	0	0	0	0	0	0	0	0	0	0	0	0	0	
142784	Paracentral_Lobule_R	2760	3580	0	0	0	0	0	0	0	0	0	0	0	0	0	0	0	0	84	13570	0	0	0	0	0	0	0	0	0	0	0	0	210	17982	1056	3966	0	204	0	178	0	0	0	1008	76	630	0	160	0	1038	0	562	0	0	0	706	0	9918	0	284	0	0	0	0	0	0	500	4768	7302	0	82	160	0	0	0	0	206	186	0	0	0	0	0	0	0	140	0	0	0	76	0	0	0	0	0	0	0	0	0	0	0	0	0	0	0	0	0	0	0	0	0	0	0	0	0	0	
245576	Caudate_L	188	1616	13848	8996	260	0	638	7190	0	0	0	482	0	0	0	90	0	262	9116	7776	6540	4946	940	104	480	76	1840	538	1036	764	12252	3018	672	2914	0	214	254	1146	0	490	0	0	0	0	0	0	0	0	0	0	0	0	0	0	0	72	0	312	0	0	0	0	0	138	0	0	0	84	190	82	0	5728	13954	2690	2608	374	7268	452	0	0	0	74	0	0	0	76	0	0	0	0	0	0	0	0	0	0	0	0	0	0	0	0	0	0	0	0	0	0	0	0	0	0	0	0	0	0	
329920	Caudate_R	84	2470	358	25480	0	2808	0	8638	0	0	0	3978	0	2028	0	2154	0	0	1172	19134	2368	3668	0	7280	0	3824	92	2336	0	5160	3086	20198	0	3458	0	0	0	492	0	302	0	0	0	0	0	0	0	0	0	0	0	0	0	0	0	0	0	272	0	0	0	0	0	0	0	0	0	0	156	160	5728	0	1926	15518	0	2120	846	17666	0	0	0	0	0	0	0	0	0	0	0	0	0	0	0	0	0	0	0	0	0	0	0	0	0	0	0	0	0	0	0	0	0	0	0	0	0	0	
289756	Putamen_L	3376	126	25524	352	3950	0	2452	130	4142	0	1350	0	402	0	5410	0	636	0	7632	290	2004	2170	2384	0	172	0	668	300	24228	0	10746	1386	626	104	814	744	8462	664	346	168	202	0	0	0	0	0	0	0	0	0	0	0	0	0	816	0	152	0	0	0	0	0	0	0	0	0	260	0	1496	0	13954	1926	0	152	6528	0	3326	332	992	0	1396	0	474	0	176	0	0	0	938	0	0	0	0	0	0	0	0	0	0	0	0	0	0	0	0	0	0	0	0	0	0	0	0	0	0	0	
329964	Putamen_R	0	4536	642	22194	0	1910	0	11436	0	154	0	7514	0	3636	0	3820	0	1658	1666	14588	0	456	76	3284	0	2050	0	492	76	23440	1050	8924	0	1854	306	310	304	13700	0	5288	0	1828	0	0	0	0	0	0	0	0	0	0	0	0	0	462	0	654	0	0	0	0	0	0	0	0	0	0	302	0	2690	15518	152	0	0	3334	288	3814	0	0	0	218	0	274	0	84	0	0	0	0	0	0	0	0	0	0	0	0	0	0	0	0	0	0	0	0	0	0	0	0	0	0	0	0	0	0	
42812	Pallidum_L	1786	94	4476	0	0	0	128	0	0	0	0	0	0	0	0	0	0	0	1100	0	0	0	0	0	0	0	0	0	304	0	0	0	0	86	0	0	1318	0	0	0	0	0	0	0	0	0	0	0	0	0	0	0	0	0	0	0	0	0	0	0	0	0	0	0	0	0	0	0	1164	0	2608	0	6528	0	0	0	1740	0	74	0	0	0	0	0	0	0	0	0	0	0	0	0	0	0	0	0	0	0	0	0	0	0	0	0	0	0	0	0	0	0	0	0	0	0	0	0	
30180	Pallidum_R	0	1080	98	1360	0	0	0	1328	0	0	0	582	0	0	0	0	0	130	170	2088	0	0	0	0	0	0	0	0	0	584	0	118	0	98	0	0	0	950	0	382	0	0	0	0	0	0	0	0	0	0	0	0	0	0	0	0	0	84	0	0	0	0	0	0	0	0	0	0	94	0	374	2120	0	3334	0	0	0	116	0	0	0	0	0	0	0	0	0	0	0	0	0	0	0	0	0	0	0	0	0	0	0	0	0	0	0	0	0	0	0	0	0	0	0	0	0	0	
161160	Thalamus_L	4092	1628	2674	364	0	0	958	258	0	0	0	0	0	0	0	0	150	234	1036	470	0	0	0	0	0	0	0	0	3530	790	0	0	0	1208	6466	8364	9506	7144	206	1064	0	0	0	0	0	0	340	106	0	0	0	0	0	0	240	0	452	268	0	0	0	0	0	0	0	0	184	600	5098	206	7268	846	3326	288	1740	0	0	8500	504	0	228	0	0	0	0	0	0	0	244	0	0	0	0	0	0	0	0	0	0	0	0	0	0	0	0	0	0	0	0	0	0	0	0	0	0	0	
144924	Thalamus_R	754	4516	306	7358	0	0	102	1888	0	0	0	454	0	0	0	0	0	104	72	4940	0	0	0	144	0	0	0	0	766	806	0	222	0	186	2956	4498	2360	7086	0	494	0	0	0	0	0	0	0	204	0	0	0	0	0	0	0	0	110	360	0	0	0	0	0	0	0	0	0	446	164	186	452	17666	332	3814	0	116	8500	0	0	0	100	0	0	0	0	0	0	0	0	0	0	0	0	0	0	0	0	0	0	0	0	0	0	0	0	0	0	0	0	0	0	0	0	0	0	0	
103352	Heschl_L	5886	0	1218	0	0	0	1368	0	0	0	652	0	0	0	0	0	9178	0	334	0	0	0	0	0	0	0	0	0	12720	0	0	0	0	0	276	264	5236	218	0	0	0	0	0	0	0	0	0	0	0	0	634	0	0	0	1392	0	5334	0	244	0	474	0	316	0	306	0	538	0	80	0	0	0	992	0	74	0	504	0	0	0	2420	0	0	0	0	0	0	0	782	0	236	0	0	0	0	0	0	0	0	0	0	0	0	0	0	0	0	0	0	0	0	0	0	0	0	0	
30644	Heschl_R	0	272	0	0	0	0	0	0	0	0	0	84	0	0	0	0	0	2506	0	0	0	0	0	0	0	0	0	0	0	2242	0	0	0	0	0	86	0	222	0	102	0	0	0	354	0	878	0	0	0	876	0	104	0	0	0	624	0	666	0	226	0	0	0	146	0	0	0	1076	0	0	0	0	0	0	0	0	0	0	0	0	0	3410	0	0	0	784	0	0	0	664	0	0	0	0	0	0	0	0	0	0	0	0	0	0	0	0	0	0	0	0	0	0	0	0	0	0	
183496	Temporal_Sup_L	1816	0	2060	0	0	0	0	0	0	0	3072	0	760	0	94	0	10152	0	1074	0	0	0	0	0	0	0	0	0	7840	0	0	0	0	0	274	250	2714	224	78	0	0	0	0	0	0	0	0	0	140	0	690	0	0	0	2972	0	3154	0	168	0	7688	0	6956	0	7384	0	330	0	210	0	0	0	1396	0	0	0	228	100	2420	0	0	0	3180	0	14988	0	0	0	8974	0	212	0	0	0	0	0	72	0	78	0	0	0	0	0	0	0	0	0	0	0	0	0	0	0	0	0	
129448	Temporal_Sup_R	0	188	0	274	0	0	0	110	0	0	0	374	0	0	0	588	0	2198	0	100	0	0	0	0	0	0	0	0	0	4280	0	0	0	0	0	0	0	1414	0	350	0	0	0	2008	0	4352	0	0	0	5204	0	700	0	88	0	1258	0	914	0	1098	0	184	0	2666	0	3532	0	5324	0	0	74	0	0	218	0	0	0	0	0	3410	0	0	0	2972	0	19102	0	154	0	1590	0	0	0	0	0	0	0	0	0	0	0	0	0	0	0	0	0	0	0	0	0	0	0	0	0	0	
63656	Temporal_Pole_Sup_L	108	0	176	0	244	0	0	0	430	0	1406	0	926	0	1664	0	864	0	128	0	1356	0	0	0	0	0	0	0	5522	0	0	0	0	0	0	0	1758	0	1174	0	1318	0	0	0	0	0	0	0	0	0	0	0	0	0	1628	0	0	0	0	0	0	0	0	0	0	0	0	0	0	0	0	0	474	0	0	0	0	0	0	0	3180	0	0	0	3894	0	3138	0	2440	0	0	0	0	0	0	0	0	0	0	0	0	0	0	0	0	0	0	0	0	0	0	0	0	0	0	0	
50056	Temporal_Pole_Sup_R	0	0	0	298	0	0	0	0	0	0	0	850	0	0	0	942	0	872	0	0	0	0	0	0	0	0	0	0	0	892	0	0	0	0	0	0	0	1808	0	1638	0	2544	0	0	0	0	0	0	0	0	0	0	0	0	0	4120	0	0	0	0	0	0	0	0	0	0	0	0	0	0	0	0	0	274	0	0	0	0	0	0	0	2972	0	0	0	4184	0	3062	0	572	0	0	0	0	0	0	0	0	0	0	0	0	0	0	0	0	0	0	0	0	0	0	0	0	0	0	
194228	Temporal_Mid_L	0	0	0	0	0	0	0	0	0	0	0	0	0	0	0	0	222	0	0	0	0	0	0	0	0	0	0	0	1008	0	0	0	0	0	0	0	1482	0	402	0	172	0	350	0	572	0	410	0	2428	0	14362	0	2288	0	4188	0	0	0	1170	0	6282	0	2098	0	8674	0	342	0	202	0	0	0	176	0	0	0	0	0	0	0	14988	0	3894	0	0	0	2448	0	28956	0	0	0	0	0	0	0	0	0	0	0	0	0	0	0	0	0	0	0	0	0	0	0	0	0	0	0	
254780	Temporal_Mid_R	0	416	0	166	0	0	0	158	0	0	0	0	0	0	0	534	0	970	72	186	0	0	0	0	0	0	0	0	0	1816	0	0	0	148	0	0	0	2444	0	268	0	200	0	10054	0	7926	0	140	0	10332	0	12486	0	512	0	6272	0	1232	0	1782	0	1786	0	1770	0	9372	0	6612	72	140	76	0	0	84	0	0	0	0	0	784	0	19102	0	4184	0	0	0	1570	0	23724	0	0	0	0	0	0	0	0	0	0	0	0	0	0	0	0	0	0	0	0	0	0	0	0	0	0	
19540	Temporal_Pole_Mid_L	0	0	0	0	0	0	0	0	0	0	0	0	0	0	0	0	0	0	0	0	0	0	0	0	0	0	0	0	0	0	0	0	0	0	0	0	0	0	326	0	0	0	0	0	0	0	0	0	0	0	0	0	0	0	1216	0	0	0	0	0	0	0	0	0	0	0	0	0	0	0	0	0	0	0	0	0	0	0	0	0	0	0	3138	0	2448	0	0	0	2642	0	0	0	0	0	0	0	0	0	0	0	0	0	0	0	0	0	0	0	0	0	0	0	0	0	0	0	
22664	Temporal_Pole_Mid_R	0	0	0	0	0	0	0	0	0	0	0	0	0	0	0	0	0	0	0	0	0	0	0	0	0	0	0	0	0	0	0	0	0	0	0	0	0	396	0	470	0	306	0	0	0	0	0	0	0	0	0	0	0	0	0	3756	0	0	0	0	0	0	0	0	0	0	0	0	0	0	0	0	0	0	0	0	0	0	0	0	0	154	0	3062	0	1570	0	0	0	1618	0	0	0	0	0	0	0	0	0	0	0	0	0	0	0	0	0	0	0	0	0	0	0	0	0	0	
171220	Temporal_Inf_L	354	0	252	0	0	0	0	0	0	0	0	0	0	0	0	0	116	0	0	0	0	0	0	0	0	0	0	0	2566	0	0	0	0	0	0	0	5690	0	626	0	344	0	0	0	0	0	338	0	544	0	4738	0	2726	0	14638	0	0	0	286	0	1524	0	72	0	2252	0	86	0	196	0	0	0	938	0	0	0	244	0	782	0	8974	0	2440	0	28956	0	2642	0	0	0	2278	0	134	0	0	0	200	0	556	0	0	0	118	0	0	0	0	0	0	0	0	0	0	0	0	0	
136312	Temporal_Inf_R	0	296	0	114	0	0	0	110	0	0	0	0	0	0	0	0	0	226	0	96	0	0	0	0	0	0	0	0	0	264	0	0	0	74	0	0	0	4158	0	920	0	610	0	3120	0	2488	0	232	0	2738	0	1914	0	1460	0	13196	0	382	0	294	0	720	0	142	0	3422	0	2668	0	76	0	0	0	0	0	0	0	0	0	664	0	1590	0	572	0	23724	0	1618	0	0	0	268	0	0	0	0	0	0	0	0	0	0	0	0	0	0	0	0	0	0	0	0	0	0	0	0	
539868	Cerebelum_Crus1_L	0	0	0	0	0	0	0	0	0	0	0	0	0	0	0	0	0	0	0	0	0	0	0	0	0	0	0	0	92	0	0	0	0	0	0	0	248	0	82	0	0	0	0	0	0	0	5798	3574	0	0	196	0	432	226	19662	854	0	0	0	0	0	0	0	0	0	0	134	0	0	0	0	0	0	0	0	0	0	0	236	0	212	0	0	0	0	0	0	0	2278	0	0	2882	47722	1386	1378	0	28252	762	69666	5102	17944	150	29482	1944	4238	288	2338	236	288	752	6826	9430	3956	354	456	78	
421200	Cerebelum_Crus1_R	0	0	0	0	0	0	0	0	0	0	0	0	0	0	0	0	0	0	0	0	0	0	0	0	0	0	0	0	0	0	0	0	0	0	0	0	0	0	0	0	0	0	0	0	0	0	128	4970	0	0	0	0	0	92	142	9916	0	0	0	0	0	0	0	0	0	0	0	0	0	0	0	0	0	0	0	0	0	0	0	0	0	0	0	0	0	0	0	0	0	268	2882	0	808	34722	108	3710	1222	18894	3408	53716	170	5072	264	29824	346	4090	196	204	498	3326	10276	11750	7398	980	768	452	
468392	Cerebelum_Crus2_L	0	0	0	0	0	0	0	0	0	0	0	0	0	0	0	0	0	0	0	0	0	0	0	0	0	0	0	0	0	0	0	0	0	0	0	0	76	0	0	0	0	0	0	0	0	0	998	758	0	0	0	0	102	0	3064	120	0	0	0	0	0	0	0	0	0	0	0	0	0	0	0	0	0	0	0	0	0	0	0	0	0	0	0	0	0	0	0	0	134	0	47722	808	0	6524	616	0	9942	210	24430	1398	47200	4820	51024	7848	4884	152	1472	0	108	368	1964	2176	11066	4078	134	0	
356740	Cerebelum_Crus2_R	0	0	0	0	0	0	0	0	0	0	0	0	0	0	0	0	0	0	0	0	0	0	0	0	0	0	0	0	0	0	0	0	0	0	0	0	0	0	0	0	0	0	0	0	0	0	0	904	0	0	0	0	0	0	0	410	0	0	0	0	0	0	0	0	0	0	0	0	0	0	0	0	0	0	0	0	0	0	0	0	0	0	0	0	0	0	0	0	0	0	1386	34722	6524	0	0	1214	286	3204	892	11470	5504	27768	7078	48410	696	3724	102	574	158	762	1608	2988	13390	3786	564	246	
36592	Cerebelum_3_L	0	0	0	0	0	0	0	0	0	0	0	0	0	0	0	0	0	0	0	0	0	0	0	0	0	0	0	0	0	0	0	0	0	0	0	0	0	0	254	0	0	0	0	0	0	0	0	182	0	0	0	0	0	0	0	0	0	0	0	0	0	0	0	0	0	0	0	0	0	0	0	0	0	0	0	0	0	0	0	0	0	0	0	0	0	0	0	0	0	0	1378	108	616	0	0	0	7156	136	2802	270	188	0	570	0	448	0	78	0	800	922	1956	432	0	0	0	0	
54648	Cerebelum_3_R	0	0	0	0	0	0	0	0	0	0	0	0	0	0	0	0	0	0	0	0	0	0	0	0	0	0	0	0	0	0	0	0	0	0	0	0	0	84	0	110	0	0	0	0	0	0	0	262	0	0	0	0	0	0	0	650	0	0	0	0	0	0	0	0	0	0	0	0	0	0	0	0	0	0	0	0	0	0	0	0	0	0	0	0	0	0	0	0	0	0	0	3710	0	1214	0	0	134	4150	98	5260	0	286	0	1568	0	846	0	0	1068	4368	1338	796	388	486	436	72	
259964	Cerebelum_4_5_L	0	0	0	0	0	0	0	0	0	0	0	0	0	0	0	0	0	0	0	0	0	0	0	0	0	0	0	0	144	0	0	0	0	0	0	0	360	0	652	0	0	0	0	0	0	0	5948	1332	0	0	0	0	0	0	6466	248	0	0	0	0	0	0	0	0	0	0	0	0	0	0	0	0	0	0	0	0	0	0	0	0	72	0	0	0	0	0	0	0	200	0	28252	1222	9942	286	7156	134	0	1488	34974	2006	2206	0	5440	330	3004	192	222	0	686	1742	12146	2156	324	0	324	328	
190152	Cerebelum_4_5_R	0	0	0	80	0	0	0	0	0	0	0	0	0	0	0	0	0	0	0	0	0	0	0	0	0	0	0	0	0	0	0	0	0	0	0	0	0	800	0	852	0	0	0	0	0	0	148	4970	0	0	0	0	0	0	0	6018	0	0	0	0	0	0	0	0	0	0	0	260	0	0	0	0	0	0	0	0	0	0	0	0	0	0	0	0	0	0	0	0	0	0	762	18894	210	3204	136	4150	1488	0	1350	25182	0	498	0	4458	572	936	108	0	280	3490	12660	2436	598	230	192	114	
478176	Cerebelum_6_L	0	0	0	0	0	0	0	0	0	0	0	0	0	0	0	0	0	0	0	0	0	0	0	0	0	0	0	0	0	0	0	0	0	0	0	0	256	0	132	0	0	0	0	0	0	0	7892	4610	0	0	194	0	498	354	19192	1150	0	0	0	0	0	0	0	0	0	0	144	0	0	0	0	0	0	0	0	0	0	0	0	0	78	0	0	0	0	0	0	0	556	0	69666	3408	24430	892	2802	98	34974	1350	0	6180	8798	0	16428	1092	5006	186	2528	106	386	916	9832	11934	2688	122	210	0	
405336	Cerebelum_6_R	0	0	0	0	0	0	0	0	0	0	0	0	0	0	0	0	0	0	0	0	0	0	0	0	0	0	0	0	0	0	0	0	0	0	0	0	0	0	0	118	0	0	0	0	0	0	194	9120	0	0	0	0	0	568	230	13402	0	0	0	0	0	0	0	0	0	0	0	0	0	0	0	0	0	0	0	0	0	0	0	0	0	0	0	0	0	0	0	0	0	0	5102	53716	1398	11470	270	5260	2006	25182	6180	0	308	1732	812	15790	1280	3238	366	342	582	4412	13078	15990	8010	1198	960	354	
342060	Cerebelum_7b_L	0	0	0	0	0	0	0	0	0	0	0	0	0	0	0	0	0	0	0	0	0	0	0	0	0	0	0	0	0	0	0	0	0	0	0	0	0	0	0	0	0	0	0	0	0	0	76	174	0	0	0	0	0	0	476	0	0	0	0	0	0	0	0	0	0	0	0	0	0	0	0	0	0	0	0	0	0	0	0	0	0	0	0	0	0	0	0	0	0	0	17944	170	47200	5504	188	0	2206	0	8798	308	0	4490	49342	8430	5912	156	1554	0	0	74	310	614	10852	6120	132	0	
183516	Cerebelum_7b_R	0	0	0	0	0	0	0	0	0	0	0	0	0	0	0	0	0	0	0	0	0	0	0	0	0	0	0	0	0	0	0	0	0	0	0	0	0	0	0	0	0	0	0	0	0	0	0	150	0	0	0	0	0	0	0	0	0	0	0	0	0	0	0	0	0	0	0	0	0	0	0	0	0	0	0	0	0	0	0	0	0	0	0	0	0	0	0	0	0	0	150	5072	4820	27768	0	286	0	498	0	1732	4490	0	5002	28378	104	1908	0	0	0	148	100	302	7276	3470	104	0	
464828	Cerebelum_8_L	0	0	0	0	0	0	0	0	0	0	0	0	0	0	0	0	0	0	0	0	0	0	0	0	0	0	0	0	0	0	0	0	0	0	0	0	0	0	0	0	0	0	0	0	0	0	120	606	0	0	0	0	0	0	1420	0	0	0	0	0	0	0	0	0	0	0	0	0	0	0	0	0	0	0	0	0	0	0	0	0	0	0	0	0	0	0	0	0	118	0	29482	264	51024	7078	570	0	5440	0	16428	812	49342	5002	0	14284	15590	2774	2020	250	0	98	562	1456	11902	13242	2530	0	
454220	Cerebelum_8_R	0	0	0	0	0	0	0	0	0	0	0	0	0	0	0	0	0	0	0	0	0	0	0	0	0	0	0	0	0	0	0	0	0	0	0	0	0	0	0	0	0	0	0	0	0	0	0	1456	0	0	0	0	0	0	0	860	0	0	0	0	0	0	0	0	0	0	0	0	0	0	0	0	0	0	0	0	0	0	0	0	0	0	0	0	0	0	0	0	0	0	1944	29824	7848	48410	0	1568	330	4458	1092	15790	8430	28378	14284	0	1570	18050	130	1444	296	1026	1870	4504	16686	13480	2790	592	
122896	Cerebelum_9_L	0	0	0	0	0	0	0	0	0	0	0	0	0	0	0	0	0	0	0	0	0	0	0	0	0	0	0	0	0	0	0	0	0	0	0	0	0	0	0	0	0	0	0	0	0	0	0	740	0	0	0	0	0	0	76	0	0	0	0	0	0	0	0	0	0	0	0	0	0	0	0	0	0	0	0	0	0	0	0	0	0	0	0	0	0	0	0	0	0	0	4238	346	4884	696	448	0	3004	572	5006	1280	5912	104	15590	1570	0	1234	4234	184	0	128	2318	2422	1528	2384	2292	258	
130576	Cerebelum_9_R	0	0	0	0	0	0	0	0	0	0	0	0	0	0	0	0	0	0	0	0	0	0	0	0	0	0	0	0	0	0	0	0	0	0	0	0	0	0	0	0	0	0	0	0	0	0	0	602	0	0	0	0	0	0	0	242	0	0	0	0	0	0	0	0	0	0	0	0	0	0	0	0	0	0	0	0	0	0	0	0	0	0	0	0	0	0	0	0	0	0	288	4090	152	3724	0	846	192	936	186	3238	156	1908	2774	18050	1234	0	0	1636	556	978	2156	3928	2582	6534	5958	2342	
32168	Cerebelum_10_L	0	0	0	0	0	0	0	0	0	0	0	0	0	0	0	0	0	0	0	0	0	0	0	0	0	0	0	0	0	0	0	0	0	0	0	0	0	0	0	0	0	0	0	0	0	0	0	110	0	0	0	0	0	0	0	0	0	0	0	0	0	0	0	0	0	0	0	0	0	0	0	0	0	0	0	0	0	0	0	0	0	0	0	0	0	0	0	0	0	0	2338	196	1472	102	78	0	222	108	2528	366	1554	0	2020	130	4234	0	0	0	0	0	0	472	154	0	0	0	
13368	Cerebelum_10_R	0	0	0	0	0	0	0	0	0	0	0	0	0	0	0	0	0	0	0	0	0	0	0	0	0	0	0	0	0	0	0	0	0	0	0	0	0	0	0	0	0	0	0	0	0	0	0	0	0	0	0	0	0	0	0	0	0	0	0	0	0	0	0	0	0	0	0	0	0	0	0	0	0	0	0	0	0	0	0	0	0	0	0	0	0	0	0	0	0	0	236	204	0	574	0	0	0	0	106	342	0	0	250	1444	184	1636	0	0	0	0	0	120	880	332	376	0	
23844	Vermis_1_2	0	0	0	0	0	0	0	0	0	0	0	0	0	0	0	0	0	0	0	0	0	0	0	0	0	0	0	0	0	0	0	0	0	0	0	0	0	0	0	0	0	0	0	0	0	0	0	0	0	0	0	0	0	0	0	0	0	0	0	0	0	0	0	0	0	0	0	0	0	0	0	0	0	0	0	0	0	0	0	0	0	0	0	0	0	0	0	0	0	0	288	498	108	158	800	1068	686	280	386	582	0	0	0	296	0	556	0	0	0	3798	1522	328	142	196	230	0	
69776	Vermis_3	0	0	0	0	0	0	0	0	0	0	0	0	0	0	0	0	0	0	0	0	0	0	0	0	0	0	0	0	0	0	0	0	0	0	0	0	0	0	0	0	0	0	0	0	0	0	96	156	0	0	0	0	0	0	0	328	0	0	0	0	0	0	0	0	0	0	0	0	0	0	0	0	0	0	0	0	0	0	0	0	0	0	0	0	0	0	0	0	0	0	752	3326	368	762	922	4368	1742	3490	916	4412	74	148	98	1026	128	978	0	0	3798	0	5052	814	290	368	400	76	
213696	Vermis_4_5	0	0	0	0	0	0	0	0	0	0	0	0	0	0	0	0	0	0	0	0	0	0	0	0	0	0	0	0	0	0	0	0	0	0	0	746	0	632	0	142	0	0	0	132	0	0	1800	4874	0	0	0	0	0	0	926	2120	0	0	0	0	0	0	0	0	0	0	0	1030	0	0	0	0	0	0	0	0	0	0	0	0	0	0	0	0	0	0	0	0	0	0	6826	10276	1964	1608	1956	1338	12146	12660	9832	13078	310	100	562	1870	2318	2156	0	0	1522	5052	0	5446	148	0	848	2430	
215132	Vermis_6	0	0	0	0	0	0	0	0	0	0	0	0	0	0	0	0	0	0	0	0	0	0	0	0	0	0	0	0	0	0	0	0	0	0	0	0	0	0	0	0	0	0	0	0	0	0	830	8274	0	0	0	0	176	644	922	2258	0	0	0	0	0	0	0	0	0	0	0	0	0	0	0	0	0	0	0	0	0	0	0	0	0	0	0	0	0	0	0	0	0	0	9430	11750	2176	2988	432	796	2156	2436	11934	15990	614	302	1456	4504	2422	3928	472	120	328	814	5446	0	7888	1240	2196	2644	
244756	Vermis_7	0	0	0	0	0	0	0	0	0	0	0	0	0	0	0	0	0	0	0	0	0	0	0	0	0	0	0	0	0	0	0	0	0	0	0	0	0	0	0	0	0	0	0	0	0	0	0	1946	0	0	0	0	0	78	0	468	0	0	0	0	0	0	0	0	0	0	0	0	0	0	0	0	0	0	0	0	0	0	0	0	0	0	0	0	0	0	0	0	0	0	3956	7398	11066	13390	0	388	324	598	2688	8010	10852	7276	11902	16686	1528	2582	154	880	142	290	148	7888	0	8850	2584	306	
148324	Vermis_8	0	0	0	0	0	0	0	0	0	0	0	0	0	0	0	0	0	0	0	0	0	0	0	0	0	0	0	0	0	0	0	0	0	0	0	0	0	0	0	0	0	0	0	0	0	0	0	0	0	0	0	0	0	0	0	0	0	0	0	0	0	0	0	0	0	0	0	0	0	0	0	0	0	0	0	0	0	0	0	0	0	0	0	0	0	0	0	0	0	0	354	980	4078	3786	0	486	0	230	122	1198	6120	3470	13242	13480	2384	6534	0	332	196	368	0	1240	8850	0	6206	506	
64100	Vermis_9	0	0	0	0	0	0	0	0	0	0	0	0	0	0	0	0	0	0	0	0	0	0	0	0	0	0	0	0	0	0	0	0	0	0	0	0	0	0	0	0	0	0	0	0	0	0	0	110	0	0	0	0	0	0	0	0	0	0	0	0	0	0	0	0	0	0	0	0	0	0	0	0	0	0	0	0	0	0	0	0	0	0	0	0	0	0	0	0	0	0	456	768	134	564	0	436	324	192	210	960	132	104	2530	2790	2292	5958	0	376	230	400	848	2196	2584	6206	0	1250	
24096	Vermis_10	0	0	0	0	0	0	0	0	0	0	0	0	0	0	0	0	0	0	0	0	0	0	0	0	0	0	0	0	0	0	0	0	0	0	0	0	0	0	0	0	0	0	0	0	0	0	0	0	0	0	0	0	0	0	0	0	0	0	0	0	0	0	0	0	0	0	0	0	0	0	0	0	0	0	0	0	0	0	0	0	0	0	0	0	0	0	0	0	0	0	78	452	0	246	0	72	328	114	0	354	0	0	0	592	258	2342	0	0	0	76	2430	2644	306	506	1250	0	
