data	data	484028	307156	956792	633856	208908	142740	465364	144600	98636	28460	279760	203084	247904	217832	173160	96332	322876	148068	855492	732224	89168	106676	338388	361744	66596	78728	53552	76576	697804	443100	334892	488540	160296	491196	156336	182868	326180	390348	151428	258508	63048	63284	354340	376420	191136	331476	383912	387480	255240	326368	542448	281000	244012	175624	595872	554352	441492	181928	295392	89148	210756	59696	160244	83484	123104	127868	368096	448088	220344	150592	309948	317644	376372	279872	49608	32168	239628	178404	137324	31964	364628	157716	194136	85016	417020	228244	22576	36448	364048	208000	749496	568932	447860	405900	53756	78108	416892	298268	633444	539124	293988	187040	335924	313224	136536	171652	22968	4112	34124	69244	315396	298476	346004	187504	144644	54116	
data	data	Precentral_L	Precentral_R	Frontal_Sup_L	Frontal_Sup_R	Frontal_Sup_Orb_L	Frontal_Sup_Orb_R	Frontal_Mid_L	Frontal_Mid_R	Frontal_Mid_Orb_L	Frontal_Mid_Orb_R	Frontal_Inf_Oper_L	Frontal_Inf_Oper_R	Frontal_Inf_Tri_L	Frontal_Inf_Tri_R	Frontal_Inf_Orb_L	Frontal_Inf_Orb_R	Rolandic_Oper_L	Rolandic_Oper_R	Supp_Motor_Area_L	Supp_Motor_Area_R	Olfactory_L	Olfactory_R	Frontal_Sup_Medial_L	Frontal_Sup_Medial_R	Frontal_Med_Orb_L	Frontal_Med_Orb_R	Rectus_L	Rectus_R	Insula_L	Insula_R	Cingulum_Ant_L	Cingulum_Ant_R	Cingulum_Mid_L	Cingulum_Mid_R	Cingulum_Post_L	Cingulum_Post_R	Hippocampus_L	Hippocampus_R	ParaHippocampal_L	ParaHippocampal_R	Amygdala_L	Amygdala_R	Calcarine_L	Calcarine_R	Cuneus_L	Cuneus_R	Lingual_L	Lingual_R	Occipital_Sup_L	Occipital_Sup_R	Occipital_Mid_L	Occipital_Mid_R	Occipital_Inf_L	Occipital_Inf_R	Fusiform_L	Fusiform_R	Postcentral_L	Postcentral_R	Parietal_Sup_L	Parietal_Sup_R	Parietal_Inf_L	Parietal_Inf_R	SupraMarginal_L	SupraMarginal_R	Angular_L	Angular_R	Precuneus_L	Precuneus_R	Paracentral_Lobule_L	Paracentral_Lobule_R	Caudate_L	Caudate_R	Putamen_L	Putamen_R	Pallidum_L	Pallidum_R	Thalamus_L	Thalamus_R	Heschl_L	Heschl_R	Temporal_Sup_L	Temporal_Sup_R	Temporal_Pole_Sup_L	Temporal_Pole_Sup_R	Temporal_Mid_L	Temporal_Mid_R	Temporal_Pole_Mid_L	Temporal_Pole_Mid_R	Temporal_Inf_L	Temporal_Inf_R	Cerebelum_Crus1_L	Cerebelum_Crus1_R	Cerebelum_Crus2_L	Cerebelum_Crus2_R	Cerebelum_3_L	Cerebelum_3_R	Cerebelum_4_5_L	Cerebelum_4_5_R	Cerebelum_6_L	Cerebelum_6_R	Cerebelum_7b_L	Cerebelum_7b_R	Cerebelum_8_L	Cerebelum_8_R	Cerebelum_9_L	Cerebelum_9_R	Cerebelum_10_L	Cerebelum_10_R	Vermis_1_2	Vermis_3	Vermis_4_5	Vermis_6	Vermis_7	Vermis_8	Vermis_9	Vermis_10	
484028	Precentral_L	0	6920	23220	2758	244	0	22236	318	0	0	12372	0	3288	0	120	0	7722	0	13882	5936	128	0	612	0	0	0	0	0	10722	316	892	172	762	4616	4832	2396	9196	1992	1006	456	0	0	670	0	492	0	562	304	156	0	2432	0	264	0	534	396	24452	0	1278	0	3012	0	810	0	0	0	3094	1038	17498	1566	5874	708	6442	0	530	0	22070	3446	2276	0	1810	0	456	0	2108	0	0	0	422	0	0	0	0	0	0	0	0	0	0	0	0	0	0	0	0	0	0	0	0	0	200	0	0	0	0	0	
307156	Precentral_R	6920	0	994	15794	0	0	0	4752	0	0	524	5958	0	0	0	0	398	1544	5002	15764	0	0	0	0	0	0	0	0	690	1332	0	0	936	6948	3040	5922	706	7322	104	1230	0	0	0	824	102	1874	0	346	0	1048	0	1472	0	812	0	2418	286	15370	0	172	0	372	0	730	0	120	552	5208	8216	12638	980	1654	164	1680	0	478	1906	5806	0	196	0	170	330	0	0	970	0	0	0	682	0	122	0	0	0	0	0	0	0	0	0	0	0	0	0	0	0	0	0	0	0	0	0	0	0	0	
956792	Frontal_Sup_L	23220	994	0	5152	11914	0	66452	572	2618	0	16722	578	18084	160	3662	0	13724	298	97728	10182	0	0	41936	1630	4206	0	498	0	36258	378	23556	3716	3318	2464	250	196	4796	0	294	0	0	0	0	0	0	0	0	0	0	0	460	0	0	0	216	0	4560	0	0	0	308	0	116	0	0	0	244	0	5754	0	13522	2266	23104	550	5176	0	15922	576	1950	0	3598	0	3570	0	830	0	0	0	118	0	0	0	0	0	0	0	0	0	0	0	0	0	0	0	0	0	0	0	0	0	0	0	0	0	0	0	
633856	Frontal_Sup_R	2758	15794	5152	0	112	4804	1668	17832	0	168	824	13066	866	13096	0	2474	212	6440	20552	57904	0	100	8892	32504	0	2332	0	118	1068	17234	2526	26204	1690	22658	916	1308	0	3006	0	572	0	0	0	120	0	250	0	0	0	0	0	150	0	0	0	514	0	924	0	0	0	0	0	128	0	0	100	1042	2038	130	1192	11032	312	6816	0	1620	516	4866	0	0	0	0	124	0	0	204	0	0	0	0	0	0	0	0	0	0	0	0	0	0	0	0	0	0	0	0	0	0	0	0	0	0	0	0	0	0	
208908	Frontal_Sup_Orb_L	244	0	11914	112	0	458	3480	0	13100	0	232	0	3230	0	16444	0	0	0	1948	0	3282	1318	2848	116	6448	0	6416	726	12396	0	4760	844	0	0	0	0	208	0	0	0	378	0	0	0	0	0	0	0	0	0	0	0	0	0	0	0	0	0	0	0	0	0	0	0	0	0	0	0	0	0	3328	924	6294	350	0	0	190	0	0	0	334	0	1740	0	262	0	130	0	0	0	0	0	0	0	0	0	0	0	0	0	0	0	0	0	0	0	0	0	0	0	0	0	0	0	0	0	
142740	Frontal_Sup_Orb_R	0	0	0	4804	458	0	0	880	0	4490	0	180	0	1698	246	8244	0	0	0	344	1150	5158	116	2048	794	9268	520	9278	0	4326	698	2300	0	0	0	0	0	0	0	0	0	0	0	0	0	0	0	0	0	0	0	0	0	0	0	0	0	0	0	0	0	0	0	0	0	0	0	0	0	0	1104	5384	402	6764	0	0	0	0	0	0	0	0	0	716	0	0	0	0	0	0	0	0	0	0	0	0	0	0	0	0	0	0	0	0	0	0	0	0	0	0	0	0	0	0	0	0	
465364	Frontal_Mid_L	22236	0	66452	1668	3480	0	0	158	3048	0	7800	0	28352	178	4108	0	2918	0	20324	1960	0	0	14714	422	744	0	0	0	15226	148	7190	764	1320	394	500	0	4784	0	574	0	0	0	0	0	0	0	310	0	0	0	310	0	0	0	310	0	1294	0	0	0	754	0	254	0	0	0	428	0	220	0	4930	1372	6234	0	718	0	4140	120	872	0	368	0	166	0	274	0	0	0	146	0	0	0	0	0	0	0	0	0	0	0	0	0	0	0	0	0	0	0	0	0	0	0	0	0	0	0	
144600	Frontal_Mid_R	318	4752	572	17832	0	880	158	0	0	618	960	5190	112	12778	0	1094	750	1200	1136	2838	0	0	136	2298	0	124	0	0	1074	5270	190	1752	0	1560	102	406	0	1746	0	160	0	0	0	0	0	0	0	0	0	0	0	0	0	0	0	504	0	390	0	0	0	0	0	0	0	0	0	134	0	0	984	582	0	814	0	0	152	1188	0	0	140	242	526	0	0	344	0	0	0	294	0	0	0	0	0	0	0	0	0	0	0	0	0	0	0	0	0	0	0	0	0	0	0	0	0	0	
98636	Frontal_Mid_Orb_L	0	0	2618	0	13100	0	3048	0	0	0	0	0	4702	0	15828	0	0	0	0	0	678	284	0	0	660	0	2294	110	2644	0	220	136	0	0	0	0	0	0	0	0	0	0	0	0	0	0	0	0	0	0	0	0	0	0	0	0	0	0	0	0	0	0	0	0	0	0	0	0	0	0	610	206	1146	102	0	0	0	0	0	0	196	0	574	0	162	0	0	0	0	0	0	0	0	0	0	0	0	0	0	0	0	0	0	0	0	0	0	0	0	0	0	0	0	0	0	0	
28460	Frontal_Mid_Orb_R	0	0	0	168	0	4490	0	618	0	0	0	0	0	794	0	6904	0	0	0	0	0	0	0	0	0	0	0	106	0	342	0	0	0	0	0	0	0	0	0	0	0	0	0	0	0	0	0	0	0	0	0	0	0	0	0	0	0	0	0	0	0	0	0	0	0	0	0	0	0	0	0	194	0	614	0	0	0	0	0	0	0	0	0	0	0	0	0	0	0	0	0	0	0	0	0	0	0	0	0	0	0	0	0	0	0	0	0	0	0	0	0	0	0	0	0	0	
279760	Frontal_Inf_Oper_L	12372	524	16722	824	232	0	7800	960	0	0	0	834	14224	0	262	0	14470	278	16218	658	144	0	164	182	0	0	0	0	23418	250	262	586	0	116	0	120	1008	114	0	0	0	0	0	0	0	0	0	0	0	0	0	0	0	0	0	0	4214	0	0	0	0	0	0	0	0	0	0	0	0	0	3834	1250	2884	0	110	0	750	272	846	0	4886	0	7464	0	628	0	0	0	0	0	0	0	0	0	0	0	0	0	0	0	0	0	0	0	0	0	0	0	0	0	0	0	0	0	0	0	
203084	Frontal_Inf_Oper_R	0	5958	578	13066	0	180	0	5190	0	0	834	0	108	15040	0	158	542	4746	2474	10824	0	0	0	3902	0	0	0	0	1118	18972	456	4496	0	2230	0	0	0	614	0	122	0	0	0	0	0	0	0	0	0	0	0	0	0	0	0	164	0	2390	0	0	0	0	0	0	0	0	0	0	0	0	1170	1844	248	3212	0	160	0	248	0	0	0	0	498	0	0	0	0	0	0	0	0	0	0	0	0	0	0	0	0	0	0	0	0	0	0	0	0	0	0	0	0	0	0	0	0	0	
247904	Frontal_Inf_Tri_L	3288	0	18084	866	3230	0	28352	112	4702	0	14224	108	0	114	8402	0	3106	0	7122	874	0	0	1274	208	200	0	0	0	18824	134	1504	516	0	174	0	0	126	0	0	0	0	0	0	0	0	0	0	0	0	0	0	0	0	0	0	0	412	0	0	0	0	0	0	0	0	0	0	0	0	0	1684	934	764	0	0	0	0	0	0	0	1814	0	2394	0	406	0	0	0	0	0	0	0	0	0	0	0	0	0	0	0	0	0	0	0	0	0	0	0	0	0	0	0	0	0	0	0	
217832	Frontal_Inf_Tri_R	0	0	160	13096	0	1698	178	12778	0	794	0	15040	114	0	0	4292	0	0	2012	8696	0	0	192	7414	0	170	0	0	166	24318	662	8850	0	5068	0	0	0	0	0	0	0	0	0	0	0	0	0	0	0	0	0	0	0	0	0	0	0	0	0	0	0	0	0	0	0	0	0	0	0	0	430	1582	0	1206	0	0	0	0	0	0	0	0	0	0	0	0	0	0	0	0	0	0	0	0	0	0	0	0	0	0	0	0	0	0	0	0	0	0	0	0	0	0	0	0	0	0	
173160	Frontal_Inf_Orb_L	120	0	3662	0	16444	246	4108	0	15828	0	262	0	8402	0	0	0	184	0	188	0	3244	706	246	0	148	0	2496	398	10886	0	904	400	0	0	0	0	0	0	0	0	230	0	0	0	0	0	0	0	0	0	0	0	0	0	0	0	0	0	0	0	0	0	0	0	0	0	0	0	0	0	1634	342	5706	166	0	0	0	0	0	0	1722	0	5644	0	1640	0	202	0	422	0	0	0	0	0	0	0	0	0	0	0	0	0	0	0	0	0	0	0	0	0	0	0	0	0	0	0	
96332	Frontal_Inf_Orb_R	0	0	0	2474	0	8244	0	1094	0	6904	0	158	0	4292	0	0	0	0	0	338	270	1646	0	838	0	0	0	1804	0	10584	0	1348	0	116	0	0	0	0	0	200	0	0	0	0	0	0	0	0	0	0	0	0	0	0	0	128	0	0	0	0	0	0	0	0	0	0	0	0	0	0	268	2220	164	2724	0	0	0	0	0	0	0	0	0	2116	0	0	0	236	0	0	0	0	0	0	0	0	0	0	0	0	0	0	0	0	0	0	0	0	0	0	0	0	0	0	0	0	
322876	Rolandic_Oper_L	7722	398	13724	212	0	0	2918	750	0	0	14470	542	3106	0	184	0	0	108	13172	120	0	0	0	0	0	0	0	0	28066	0	0	172	0	0	112	0	4104	128	518	0	0	0	944	0	156	0	116	0	586	0	2882	0	2088	0	2244	0	10692	0	1070	0	178	0	1890	0	0	0	794	0	160	0	1698	328	3072	0	662	0	1232	108	11090	0	15436	0	6502	0	4752	0	0	0	2232	0	0	0	0	0	0	0	0	0	0	0	0	0	0	0	0	0	0	0	0	0	0	0	0	0	0	0	
148068	Rolandic_Oper_R	0	1544	298	6440	0	0	0	1200	0	0	278	4746	0	0	0	0	108	0	294	6298	0	0	0	0	0	0	0	0	396	17800	0	190	0	0	0	218	0	2870	0	826	0	0	0	230	0	0	0	192	0	0	0	396	0	0	0	488	0	3898	0	0	0	0	0	1418	0	148	0	340	0	0	438	820	0	11262	0	1992	0	1876	0	2116	0	3456	124	524	0	668	0	0	0	142	0	0	0	0	0	0	0	0	0	0	0	0	0	0	0	0	0	0	0	0	0	0	0	0	0	0	
855492	Supp_Motor_Area_L	13882	5002	97728	20552	1948	0	20324	1136	0	0	16218	2474	7122	2012	188	0	13172	294	0	47564	0	0	10224	8360	572	0	110	0	24870	2222	10758	11382	8308	26122	876	482	3344	122	224	0	0	0	0	0	0	0	0	0	0	0	190	120	0	0	170	0	4454	0	0	0	238	0	106	0	0	0	716	126	5140	1406	12886	1584	20836	672	5588	104	6414	562	1778	0	3322	0	3292	0	450	0	0	0	0	0	0	0	0	0	0	0	0	0	0	0	0	0	0	0	0	0	0	0	0	0	0	0	0	0	0	0	
732224	Supp_Motor_Area_R	5936	15764	10182	57904	0	344	1960	2838	0	0	658	10824	874	8696	0	338	120	6298	47564	0	0	0	3652	18606	0	314	0	0	680	13062	4640	21502	7206	51322	2048	5348	0	1112	0	422	0	0	0	632	0	904	0	436	0	0	0	0	0	602	0	1244	280	1320	0	0	0	0	0	386	0	0	750	3010	11642	16958	902	14970	128	4206	0	790	0	6234	0	0	0	128	0	0	0	0	0	0	0	376	0	0	0	0	0	0	0	0	0	0	0	0	0	0	0	0	0	0	0	0	0	0	0	0	0	0	
89168	Olfactory_L	128	0	0	0	3282	1150	0	0	678	0	144	0	0	0	3244	270	0	0	0	0	0	4686	0	0	616	228	2446	1654	3878	106	2262	1872	0	0	0	0	476	0	576	0	996	0	0	0	0	0	0	0	0	0	0	0	0	0	302	0	0	0	0	0	0	0	0	0	0	0	0	0	0	0	6398	3168	3876	878	0	0	0	0	0	0	0	0	1166	104	0	0	0	0	0	0	0	0	0	0	0	0	0	0	0	0	0	0	0	0	0	0	0	0	0	0	0	0	0	0	0	0	
106676	Olfactory_R	0	0	0	100	1318	5158	0	0	284	0	0	0	0	0	706	1646	0	0	0	0	4686	0	0	0	112	2188	932	6402	0	1980	1922	3582	0	0	0	0	0	0	0	264	0	312	0	0	0	0	0	0	0	0	0	0	0	0	0	0	0	0	0	0	0	0	0	0	0	0	0	0	0	0	6916	8032	4082	2216	202	0	0	0	0	0	0	0	0	298	0	0	0	0	0	0	0	0	0	0	0	0	0	0	0	0	0	0	0	0	0	0	0	0	0	0	0	0	0	0	0	0	
338388	Frontal_Sup_Medial_L	612	0	41936	8892	2848	116	14714	136	0	0	164	0	1274	192	246	0	0	0	10224	3652	0	0	0	17584	4492	378	520	0	1218	174	25712	12882	6120	9744	0	0	0	0	0	0	0	0	0	0	0	0	0	0	0	0	0	0	0	0	0	0	0	0	0	0	0	0	0	0	0	0	0	0	0	0	1442	400	3312	210	0	0	0	0	0	0	0	0	0	0	0	0	0	0	0	0	0	0	0	0	0	0	0	0	0	0	0	0	0	0	0	0	0	0	0	0	0	0	0	0	0	0	
361744	Frontal_Sup_Medial_R	0	0	1630	32504	116	2048	422	2298	0	0	182	3902	208	7414	0	838	0	0	8360	18606	0	0	17584	0	214	3336	0	102	592	8550	5124	32220	890	22430	0	0	0	0	0	0	0	0	0	0	0	0	0	0	0	0	0	0	0	0	0	0	0	0	0	0	0	0	0	0	0	0	0	0	0	0	646	5672	106	4878	0	0	0	0	0	0	0	0	0	0	0	0	0	0	0	0	0	0	0	0	0	0	0	0	0	0	0	0	0	0	0	0	0	0	0	0	0	0	0	0	0	0	
66596	Frontal_Med_Orb_L	0	0	4206	0	6448	794	744	0	660	0	0	0	200	0	148	0	0	0	572	0	616	112	4492	214	0	1302	2600	200	314	0	6856	602	0	0	0	0	0	0	0	0	0	0	0	0	0	0	0	0	0	0	0	0	0	0	0	0	0	0	0	0	0	0	0	0	0	0	0	0	0	0	690	256	1272	0	0	0	0	0	0	0	0	0	0	0	0	0	0	0	0	0	0	0	0	0	0	0	0	0	0	0	0	0	0	0	0	0	0	0	0	0	0	0	0	0	0	0	
78728	Frontal_Med_Orb_R	0	0	0	2332	0	9268	0	124	0	0	0	0	0	170	0	0	0	0	0	314	228	2188	378	3336	1302	0	174	4878	0	194	938	4024	0	206	0	0	0	0	0	0	0	0	0	0	0	0	0	0	0	0	0	0	0	0	0	0	0	0	0	0	0	0	0	0	0	0	0	0	0	0	192	4800	184	4134	0	0	0	0	0	0	0	0	0	0	0	0	0	0	0	0	0	0	0	0	0	0	0	0	0	0	0	0	0	0	0	0	0	0	0	0	0	0	0	0	0	0	
53552	Rectus_L	0	0	498	0	6416	520	0	0	2294	0	0	0	0	0	2496	0	0	0	110	0	2446	932	520	0	2600	174	0	728	744	0	2080	516	0	0	0	0	0	0	0	0	0	0	0	0	0	0	0	0	0	0	0	0	0	0	0	0	0	0	0	0	0	0	0	0	0	0	0	0	0	0	1692	366	964	152	0	0	0	0	0	0	0	0	528	0	0	0	0	0	0	0	0	0	0	0	0	0	0	0	0	0	0	0	0	0	0	0	0	0	0	0	0	0	0	0	0	0	
76576	Rectus_R	0	0	0	118	726	9278	0	0	110	106	0	0	0	0	398	1804	0	0	0	0	1654	6402	0	102	200	4878	728	0	0	1180	568	2446	0	0	0	0	0	0	0	0	0	0	0	0	0	0	0	0	0	0	0	0	0	0	0	0	0	0	0	0	0	0	0	0	0	0	0	0	0	0	1472	3108	504	1914	0	0	0	0	0	0	0	0	0	592	0	0	0	0	0	0	0	0	0	0	0	0	0	0	0	0	0	0	0	0	0	0	0	0	0	0	0	0	0	0	0	0	
697804	Insula_L	10722	690	36258	1068	12396	0	15226	1074	2644	0	23418	1118	18824	166	10886	0	28066	396	24870	680	3878	0	1218	592	314	0	744	0	0	460	2272	1668	0	0	778	482	14238	258	3382	0	5488	0	424	0	0	0	386	0	168	0	1250	0	1748	0	6292	0	6204	0	126	0	122	0	3330	0	0	0	694	0	640	0	14164	3686	26192	116	368	0	5774	1188	9054	0	16844	0	12256	0	6972	0	220	0	6100	0	0	0	0	0	0	0	310	0	0	0	0	0	0	0	0	0	0	0	0	0	0	0	0	0	0	0	
443100	Insula_R	316	1332	378	17234	0	4326	148	5270	0	342	250	18972	134	24318	0	10584	0	17800	2222	13062	106	1980	174	8550	0	194	0	1180	460	0	636	10018	0	4434	388	1696	258	11040	0	4962	0	3484	0	192	0	0	0	532	0	0	0	0	0	0	0	5740	0	910	0	0	0	0	0	264	0	0	0	882	0	0	792	4060	168	20198	0	832	496	3764	0	1290	0	6128	106	4586	0	1580	0	152	0	2314	0	0	0	0	0	0	0	316	0	0	0	0	0	0	0	0	0	0	0	0	0	0	0	0	0	0	
334892	Cingulum_Ant_L	892	0	23556	2526	4760	698	7190	190	220	0	262	456	1504	662	904	0	0	0	10758	4640	2262	1922	25712	5124	6856	938	2080	568	2272	636	0	20402	9088	9018	602	0	0	0	0	0	0	0	0	0	0	0	0	0	0	0	0	0	0	0	0	0	0	0	0	0	0	0	0	0	0	0	0	0	0	0	6116	4110	8410	1874	0	0	138	100	0	0	0	0	0	0	0	0	0	0	0	0	0	0	0	0	0	0	0	0	0	0	0	0	0	0	0	0	0	0	0	0	0	0	0	0	0	0	
488540	Cingulum_Ant_R	172	0	3716	26204	844	2300	764	1752	136	0	586	4496	516	8850	400	1348	172	190	11382	21502	1872	3582	12882	32220	602	4024	516	2446	1668	10018	20402	0	4762	28904	0	0	0	0	0	0	0	0	0	0	0	0	0	0	0	0	0	0	0	0	0	0	0	0	0	0	0	0	0	0	0	0	0	0	0	0	3424	20126	900	8516	0	0	0	1906	0	0	0	0	170	0	0	0	0	0	0	0	0	0	0	0	0	0	0	0	0	0	0	0	0	0	0	0	0	0	0	0	0	0	0	0	0	0	
160296	Cingulum_Mid_L	762	936	3318	1690	0	0	1320	0	0	0	0	0	0	0	0	0	0	0	8308	7206	0	0	6120	890	0	0	0	0	0	0	9088	4762	0	12040	4984	448	0	0	0	0	0	0	686	0	732	0	186	0	1872	0	1920	0	268	0	0	0	652	0	266	0	0	0	0	0	118	0	5988	442	3480	984	0	0	0	0	0	0	0	0	0	0	0	0	0	0	542	0	0	0	140	0	0	0	0	0	0	0	0	0	0	0	0	0	0	0	0	0	0	0	0	0	0	0	0	0	0	0	
491196	Cingulum_Mid_R	4616	6948	2464	22658	0	0	394	1560	0	0	116	2230	174	5068	0	116	0	0	26122	51322	0	0	9744	22430	0	206	0	0	0	4434	9018	28904	12040	0	666	5368	0	106	0	0	0	0	0	470	0	1212	0	374	0	0	0	0	0	0	0	0	0	650	0	0	0	0	0	0	0	0	1616	5738	6730	10692	244	278	0	890	0	0	0	0	0	0	0	0	0	0	0	0	0	0	0	0	0	0	0	0	0	0	0	0	0	0	0	0	0	0	0	0	0	0	0	0	0	0	0	0	0	0	
156336	Cingulum_Post_L	4832	3040	250	916	0	0	500	102	0	0	0	0	0	0	0	0	112	0	876	2048	0	0	0	0	0	0	0	0	778	388	602	0	4984	666	0	9672	6048	4466	394	350	0	0	3082	0	1176	0	1134	0	426	0	0	0	268	0	796	342	2246	696	128	0	0	0	202	160	0	0	11124	1156	3292	1260	258	0	150	0	0	0	2776	3130	930	0	190	0	0	0	0	0	0	0	676	0	0	0	0	0	0	0	146	0	0	0	0	0	0	0	0	0	0	0	0	0	1400	0	0	0	0	0	
182868	Cingulum_Post_R	2396	5922	196	1308	0	0	0	406	0	0	120	0	0	0	0	0	0	218	482	5348	0	0	0	0	0	0	0	0	482	1696	0	0	448	5368	9672	0	1336	12074	238	2008	0	0	414	2246	0	652	0	3246	0	0	0	0	0	456	0	2596	374	1724	0	0	0	0	0	350	0	0	620	9922	1102	4126	600	114	398	0	0	0	4620	5408	0	236	0	228	0	0	0	0	0	0	0	430	0	0	0	0	0	0	0	0	0	0	0	0	0	0	0	0	0	0	0	0	1854	0	0	0	0	0	
326180	Hippocampus_L	9196	706	4796	0	208	0	4784	0	0	0	1008	0	126	0	0	0	4104	0	3344	0	476	0	0	0	0	0	0	0	14238	258	0	0	0	0	6048	1336	0	1484	18302	256	8912	0	2058	0	0	0	8622	0	0	0	102	0	2676	0	17702	0	2578	0	0	0	0	0	122	0	0	0	6138	316	590	0	236	0	8884	0	400	0	6152	1270	5550	0	7060	0	732	0	1046	0	0	0	9030	0	122	0	0	0	0	0	1360	0	182	0	0	0	0	0	0	0	0	0	0	0	580	0	0	0	0	0	
390348	Hippocampus_R	1992	7322	0	3006	0	0	0	1746	0	0	114	614	0	0	0	0	128	2870	122	1112	0	0	0	0	0	0	0	0	258	11040	0	0	0	106	4466	12074	1484	0	430	33800	0	8674	146	2020	0	268	214	8574	0	146	0	196	0	800	0	32578	0	1454	0	0	0	0	0	554	0	0	0	7704	0	858	198	0	0	11092	0	1538	4156	8712	0	1780	0	5834	0	960	0	2906	0	0	0	5714	0	532	0	0	0	182	0	2896	0	306	0	0	0	0	0	0	0	0	0	0	1498	0	0	0	0	0	
151428	ParaHippocampal_L	1006	104	294	0	0	0	574	0	0	0	0	0	0	0	0	0	518	0	224	0	576	0	0	0	0	0	0	0	3382	0	0	0	0	0	394	238	18302	430	0	158	5628	0	318	0	0	0	9894	0	0	0	442	0	1896	0	14864	0	576	0	0	0	0	0	0	0	0	0	1454	0	0	0	0	0	2714	0	0	0	788	248	358	0	1746	0	1282	0	118	0	554	0	3742	0	450	0	0	0	136	0	1800	0	506	0	0	0	0	0	0	0	0	0	0	0	0	0	0	0	0	0	
258508	ParaHippocampal_R	456	1230	0	572	0	0	0	160	0	0	0	122	0	0	0	200	0	826	0	422	0	264	0	0	0	0	0	0	0	4962	0	0	0	0	350	2008	256	33800	158	0	0	9316	0	1316	0	186	190	9554	0	168	0	0	0	586	0	28464	0	0	0	0	0	0	0	0	0	0	0	3920	0	324	0	0	0	5888	0	1092	786	2786	0	612	0	1678	0	4972	0	508	0	2320	0	2120	0	400	0	0	0	334	0	5298	0	256	0	0	0	0	0	0	0	0	0	0	394	0	0	0	0	0	
63048	Amygdala_L	0	0	0	0	378	0	0	0	0	0	0	0	0	0	230	0	0	0	0	0	996	0	0	0	0	0	0	0	5488	0	0	0	0	0	0	0	8912	0	5628	0	0	0	0	0	0	0	0	0	0	0	0	0	0	0	5320	0	0	0	0	0	0	0	0	0	0	0	0	0	0	0	0	0	3082	0	0	0	0	0	0	0	444	0	352	0	0	0	0	0	498	0	0	0	0	0	0	0	196	0	0	0	0	0	0	0	0	0	0	0	0	0	0	0	0	0	0	0	
63284	Amygdala_R	0	0	0	0	0	0	0	0	0	0	0	0	0	0	0	0	0	0	0	0	0	312	0	0	0	0	0	0	0	3484	0	0	0	0	0	0	0	8674	0	9316	0	0	0	0	0	0	0	0	0	0	0	0	0	0	0	4614	0	0	0	0	0	0	0	0	0	0	0	0	0	0	0	0	0	1212	0	0	0	0	0	0	0	0	0	3440	0	0	0	590	0	0	0	0	0	0	0	0	0	0	0	0	0	0	0	0	0	0	0	0	0	0	0	0	0	0	0	0	
354340	Calcarine_L	670	0	0	0	0	0	0	0	0	0	0	0	0	0	0	0	944	0	0	0	0	0	0	0	0	0	0	0	424	0	0	0	686	0	3082	414	2058	146	318	0	0	0	0	11024	13598	9380	14904	4624	15454	5246	29388	1150	8406	436	8088	1192	3848	0	3296	352	1144	0	262	0	0	0	19532	2278	2096	106	0	0	0	0	0	0	0	0	362	0	1124	0	0	0	5926	0	0	0	3300	0	0	98	0	0	0	0	268	194	0	172	0	0	0	0	0	0	0	0	0	0	1180	0	0	0	0	0	
376420	Calcarine_R	0	824	0	120	0	0	0	0	0	0	0	0	0	0	0	0	0	230	0	632	0	0	0	0	0	0	0	0	0	192	0	0	0	470	0	2246	0	2020	0	1316	0	0	11024	0	3484	28452	1488	24566	0	24374	0	16946	0	11272	0	8164	0	1558	0	868	0	100	0	1780	0	1098	1898	29716	0	856	0	0	0	0	0	0	0	0	0	442	0	668	0	0	0	4990	0	0	0	6044	0	0	0	0	0	0	0	106	0	164	0	0	0	0	0	0	0	0	0	0	102	0	0	0	0	0	
191136	Cuneus_L	492	102	0	0	0	0	0	0	0	0	0	0	0	0	0	0	156	0	0	0	0	0	0	0	0	0	0	0	0	0	0	0	732	0	1176	0	0	0	0	0	0	0	13598	3484	0	5724	622	800	19782	2120	8484	456	724	156	414	386	4840	0	6364	152	1332	0	0	0	0	0	17430	1270	3610	0	0	0	0	0	0	0	0	0	0	0	0	0	0	0	912	0	0	0	250	0	0	0	0	0	0	0	0	0	0	0	0	0	0	0	0	0	0	0	0	0	0	0	0	0	0	0	
331476	Cuneus_R	0	1874	0	250	0	0	0	0	0	0	0	0	0	0	0	0	0	0	0	904	0	0	0	0	0	0	0	0	0	0	0	0	0	1212	0	652	0	268	0	186	0	0	9380	28452	5724	0	662	9946	226	37252	0	14340	0	3882	0	4022	0	3776	0	3884	0	134	0	0	0	340	6234	28722	0	1324	0	0	0	0	0	0	0	0	0	0	0	114	0	0	0	1428	0	0	0	550	0	0	0	0	0	0	0	0	0	0	0	0	0	0	0	0	0	0	0	0	0	0	0	0	0	0	
383912	Lingual_L	562	0	0	0	0	0	310	0	0	0	0	0	0	0	0	0	116	0	0	0	0	0	0	0	0	0	0	0	386	0	0	0	186	0	1134	0	8622	214	9894	190	0	0	14904	1488	622	662	0	4172	4254	442	15558	122	12134	858	32100	2104	0	0	0	0	0	0	0	0	0	0	7696	140	0	0	0	0	420	0	0	0	1444	0	412	0	426	0	0	0	162	0	0	0	3312	0	11810	3604	1854	490	0	0	12272	2030	17082	5378	0	0	0	0	0	0	0	0	0	0	4592	4886	2776	0	0	136	
387480	Lingual_R	304	346	0	0	0	0	0	0	0	0	0	0	0	0	0	0	0	192	0	436	0	0	0	0	0	0	0	0	0	532	0	0	0	374	0	3246	0	8574	0	9554	0	0	4624	24566	800	9946	4172	0	0	11232	0	5550	224	8472	2036	25174	0	402	0	310	0	0	0	0	0	0	200	13812	0	764	0	0	0	702	0	188	372	1216	0	118	0	264	0	0	0	380	0	0	0	1718	2558	5922	634	220	0	150	3986	10028	4772	10570	0	0	0	0	0	0	0	0	0	0	8264	5388	448	0	0	0	
255240	Occipital_Sup_L	156	0	0	0	0	0	0	0	0	0	0	0	0	0	0	0	586	0	0	0	0	0	0	0	0	0	0	0	168	0	0	0	1872	0	426	0	0	0	0	0	0	0	15454	0	19782	226	4254	0	0	0	34010	0	2918	0	1590	0	3416	0	15214	0	2828	0	366	0	1326	0	17000	0	1156	0	0	0	0	0	0	0	0	0	0	0	432	0	0	0	3458	0	0	0	982	0	0	0	0	0	0	0	0	0	0	0	0	0	0	0	0	0	0	0	0	0	0	0	0	0	0	0	
326368	Occipital_Sup_R	0	1048	0	0	0	0	0	0	0	0	0	0	0	0	0	0	0	0	0	0	0	0	0	0	0	0	0	0	0	0	0	0	0	0	0	0	0	146	0	168	0	0	5246	24374	2120	37252	442	11232	0	0	0	25098	0	5064	0	4494	0	4396	0	8020	0	720	0	606	0	3858	1782	21674	0	128	0	0	0	0	0	0	0	0	0	0	0	296	0	0	0	3668	0	0	0	1352	0	0	0	0	0	0	0	0	0	0	0	0	0	0	0	0	0	0	0	0	0	0	0	0	0	0	
542448	Occipital_Mid_L	2432	0	460	0	0	0	310	0	0	0	0	0	0	0	0	0	2882	0	190	0	0	0	0	0	0	0	0	0	1250	0	0	0	1920	0	0	0	102	0	442	0	0	0	29388	0	8484	0	15558	0	34010	0	0	0	23482	0	12544	0	21140	0	28376	0	16494	0	4520	0	13916	0	14680	0	2024	0	108	0	0	0	0	0	0	0	360	0	2782	0	0	0	26778	0	0	0	6182	0	196	0	0	0	0	0	0	0	214	0	0	0	0	0	0	0	0	0	0	0	0	0	0	0	0	0	
281000	Occipital_Mid_R	0	1472	0	150	0	0	0	0	0	0	0	0	0	0	0	0	0	396	120	0	0	0	0	0	0	0	0	0	0	0	0	0	0	0	0	0	0	196	0	0	0	0	1150	16946	456	14340	122	5550	0	25098	0	0	0	8296	0	4106	0	2418	0	2224	0	2004	0	3800	0	12878	830	15668	0	0	0	0	0	0	0	0	0	0	0	226	0	1808	0	0	0	17462	0	0	0	2622	0	0	0	0	0	0	0	0	0	162	0	0	0	0	0	0	0	0	0	0	0	0	0	0	0	0	
244012	Occipital_Inf_L	264	0	0	0	0	0	0	0	0	0	0	0	0	0	0	0	2088	0	0	0	0	0	0	0	0	0	0	0	1748	0	0	0	268	0	268	0	2676	0	1896	0	0	0	8406	0	724	0	12134	224	2918	0	23482	0	0	0	26248	142	1166	0	786	0	390	0	940	0	484	0	3102	0	260	0	0	0	0	0	0	0	112	0	1916	0	4490	0	0	0	8958	0	0	0	12980	0	928	0	0	0	0	0	358	162	792	202	0	0	0	0	0	0	0	0	0	0	328	166	0	0	0	0	
175624	Occipital_Inf_R	0	812	0	0	0	0	0	0	0	0	0	0	0	0	0	0	0	0	0	602	0	0	0	0	0	0	0	0	0	0	0	0	0	0	0	456	0	800	0	586	0	0	436	11272	156	3882	858	8472	0	5064	0	8296	0	0	472	14528	0	118	0	0	0	0	0	396	0	318	0	8144	0	634	0	0	0	0	0	0	0	0	0	238	0	776	0	0	0	2146	0	0	0	12248	326	0	0	0	0	0	254	136	988	1934	0	0	0	0	0	0	0	0	0	0	824	1640	0	0	0	0	
595872	Fusiform_L	534	0	216	0	0	0	310	0	0	0	0	0	0	0	0	0	2244	0	170	0	302	0	0	0	0	0	0	0	6292	0	0	0	0	0	796	0	17702	0	14864	0	5320	0	8088	0	414	0	32100	2036	1590	0	12544	0	26248	472	0	1000	888	0	298	0	0	0	566	0	0	0	4186	0	284	0	0	0	1638	0	0	0	344	0	2732	0	10484	0	5318	0	6820	0	1598	0	27814	0	28334	2466	4896	588	512	0	14960	1996	33294	3198	1316	0	876	0	248	0	146	0	0	0	3648	3730	1516	0	0	0	
554352	Fusiform_R	396	2418	0	514	0	0	0	504	0	0	0	164	0	0	0	128	0	488	0	1244	0	0	0	0	0	0	0	0	0	5740	0	0	0	0	342	2596	0	32578	0	28464	0	4614	1192	8164	386	4022	2104	25174	0	4494	0	4106	142	14528	1000	0	0	0	0	0	0	0	0	0	0	0	116	7252	0	1278	110	0	0	2318	0	402	704	2270	0	1268	0	9106	0	9272	0	7416	0	3704	0	20148	1182	16282	328	828	0	1144	1930	11350	2518	22264	0	0	0	396	0	0	0	0	0	0	4026	3880	182	0	0	0	
441492	Postcentral_L	24452	286	4560	0	0	0	1294	0	0	0	4214	0	412	0	0	0	10692	0	4454	280	0	0	0	0	0	0	0	0	6204	0	0	0	652	0	2246	374	2578	0	576	0	0	0	3848	0	4840	0	0	0	3416	0	21140	0	1166	0	888	0	0	0	31286	0	25806	0	16346	0	5544	0	11298	0	8426	250	1584	0	2968	0	590	0	650	0	4328	0	5210	0	170	0	5996	0	0	0	1722	0	0	0	0	0	0	0	0	0	0	0	0	0	0	0	0	0	0	0	0	0	0	0	0	0	0	0	
181928	Postcentral_R	0	15370	0	924	0	0	0	390	0	0	0	2390	0	0	0	0	0	3898	0	1320	0	0	0	0	0	0	0	0	0	910	0	0	0	650	696	1724	0	1454	0	0	0	0	0	1558	0	3776	0	402	0	4396	0	2418	0	118	0	0	0	0	0	9164	0	5288	0	8838	0	2624	638	13984	142	3904	0	0	0	1036	0	950	174	362	0	290	0	252	0	0	0	814	0	0	0	110	0	0	0	0	0	0	0	0	0	0	0	0	0	0	0	0	0	0	0	0	0	0	0	0	0	0	
295392	Parietal_Sup_L	1278	0	0	0	0	0	0	0	0	0	0	0	0	0	0	0	1070	0	0	0	0	0	0	0	0	0	0	0	126	0	0	0	266	0	128	0	0	0	0	0	0	0	3296	0	6364	0	0	0	15214	0	28376	0	786	0	298	0	31286	0	0	0	19668	0	9124	0	7312	0	14404	0	1130	0	0	0	0	0	0	0	0	0	0	0	670	0	0	0	5324	0	0	0	1576	0	0	0	0	0	0	0	0	0	0	0	0	0	0	0	0	0	0	0	0	0	0	0	0	0	0	0	
89148	Parietal_Sup_R	0	172	0	0	0	0	0	0	0	0	0	0	0	0	0	0	0	0	0	0	0	0	0	0	0	0	0	0	0	0	0	0	0	0	0	0	0	0	0	0	0	0	352	868	152	3884	0	310	0	8020	0	2224	0	0	0	0	0	9164	0	0	0	5950	0	200	0	5538	184	6934	0	622	0	0	0	0	0	0	0	0	0	0	0	0	0	0	0	0	0	0	0	0	0	0	0	0	0	0	0	0	0	0	0	0	0	0	0	0	0	0	0	0	0	0	0	0	0	0	
210756	Parietal_Inf_L	3012	0	308	0	0	0	754	0	0	0	0	0	0	0	0	0	178	0	238	0	0	0	0	0	0	0	0	0	122	0	0	0	0	0	0	0	0	0	0	0	0	0	1144	0	1332	0	0	0	2828	0	16494	0	390	0	0	0	25806	0	19668	0	0	0	14982	0	13784	0	1588	0	364	0	204	0	0	0	0	0	0	0	0	0	214	0	0	0	1678	0	0	0	290	0	0	0	0	0	0	0	0	0	0	0	0	0	0	0	0	0	0	0	0	0	0	0	0	0	0	0	
59696	Parietal_Inf_R	0	372	0	0	0	0	0	0	0	0	0	0	0	0	0	0	0	0	0	0	0	0	0	0	0	0	0	0	0	0	0	0	0	0	0	0	0	0	0	0	0	0	0	100	0	134	0	0	0	720	0	2004	0	0	0	0	0	5288	0	5950	0	0	0	3542	0	11090	0	504	0	0	0	0	0	0	0	0	0	0	0	0	0	0	0	0	0	144	0	0	0	0	0	0	0	0	0	0	0	0	0	0	0	0	0	0	0	0	0	0	0	0	0	0	0	0	0	0	
160244	SupraMarginal_L	810	0	116	0	0	0	254	0	0	0	0	0	0	0	0	0	1890	0	106	0	0	0	0	0	0	0	0	0	3330	0	0	0	0	0	202	0	122	0	0	0	0	0	262	0	0	0	0	0	366	0	4520	0	940	0	566	0	16346	0	9124	0	14982	0	0	0	8618	0	958	0	228	0	0	0	0	0	0	0	0	0	576	0	4854	0	0	0	9218	0	0	0	1734	0	0	0	0	0	0	0	0	0	0	0	0	0	0	0	0	0	0	0	0	0	0	0	0	0	0	0	
83484	SupraMarginal_R	0	730	0	128	0	0	0	0	0	0	0	0	0	0	0	0	0	1418	0	386	0	0	0	0	0	0	0	0	0	264	0	0	0	0	160	350	0	554	0	0	0	0	0	1780	0	0	0	0	0	606	0	3800	0	396	0	0	0	8838	0	200	0	3542	0	0	0	7228	0	1002	0	0	0	0	0	0	0	0	0	0	0	0	0	4060	0	0	0	5368	0	0	0	932	0	0	0	0	0	0	0	0	0	0	0	0	0	0	0	0	0	0	0	0	0	0	0	0	0	0	
123104	Angular_L	0	0	0	0	0	0	0	0	0	0	0	0	0	0	0	0	0	0	0	0	0	0	0	0	0	0	0	0	0	0	0	0	118	0	0	0	0	0	0	0	0	0	0	0	0	0	0	0	1326	0	13916	0	484	0	0	0	5544	0	7312	0	13784	0	8618	0	0	0	350	0	0	0	0	0	0	0	0	0	0	0	0	0	2102	0	0	0	7572	0	0	0	426	0	0	0	0	0	0	0	0	0	0	0	0	0	0	0	0	0	0	0	0	0	0	0	0	0	0	0	
127868	Angular_R	0	120	0	0	0	0	0	0	0	0	0	0	0	0	0	0	0	148	0	0	0	0	0	0	0	0	0	0	0	0	0	0	0	0	0	0	0	0	0	0	0	0	0	1098	0	340	0	0	0	3858	0	12878	0	318	0	0	0	2624	0	5538	0	11090	0	7228	0	0	0	1252	0	0	0	0	0	0	0	0	0	0	0	0	0	4216	0	0	0	11930	0	0	0	1296	0	0	0	0	0	0	0	0	0	0	0	0	0	0	0	0	0	0	0	0	0	0	0	0	0	0	
368096	Precuneus_L	3094	552	244	100	0	0	428	0	0	0	0	0	0	0	0	0	794	0	716	750	0	0	0	0	0	0	0	0	694	0	0	0	5988	1616	11124	620	6138	0	1454	0	0	0	19532	1898	17430	6234	7696	200	17000	1782	14680	830	3102	0	4186	116	11298	638	14404	184	1588	0	958	0	350	0	0	8606	7928	1096	0	0	0	0	0	0	270	0	894	0	450	0	0	0	2552	0	0	0	1756	0	0	0	0	0	0	0	834	0	0	0	0	0	0	0	0	0	0	0	0	0	1244	0	0	0	0	0	
448088	Precuneus_R	1038	5208	0	1042	0	0	0	134	0	0	0	0	0	0	0	0	0	340	126	3010	0	0	0	0	0	0	0	0	0	882	0	0	442	5738	1156	9922	316	7704	0	3920	0	0	2278	29716	1270	28722	140	13812	0	21674	0	15668	0	8144	0	7252	0	13984	0	6934	0	504	0	1002	0	1252	8606	0	152	6556	0	0	0	0	0	0	1142	1390	0	696	0	906	0	0	0	3610	0	0	0	4746	0	0	0	0	0	0	0	556	0	0	0	0	0	0	0	0	0	0	0	0	2354	0	0	0	0	0	
220344	Paracentral_Lobule_L	17498	8216	5754	2038	0	0	220	0	0	0	0	0	0	0	0	0	160	0	5140	11642	0	0	0	0	0	0	0	0	640	0	0	0	3480	6730	3292	1102	590	0	0	0	0	0	2096	0	3610	0	0	0	1156	0	2024	0	260	0	284	0	8426	142	1130	0	364	0	228	0	0	0	7928	152	0	6450	1700	152	376	0	0	0	6096	500	0	0	0	0	0	0	596	0	0	0	0	0	0	0	0	0	0	0	0	0	0	0	0	0	0	0	0	0	0	0	0	0	0	0	0	0	0	0	
150592	Paracentral_Lobule_R	1566	12638	0	130	0	0	0	0	0	0	0	0	0	0	0	0	0	0	1406	16958	0	0	0	0	0	0	0	0	0	0	0	0	984	10692	1260	4126	0	858	0	324	0	0	106	856	0	1324	0	764	0	128	0	0	0	634	0	1278	250	3904	0	622	0	0	0	0	0	0	1096	6556	6450	0	0	0	0	0	0	0	0	0	0	0	0	0	0	0	0	0	0	0	0	386	0	0	0	0	0	0	0	0	0	0	0	0	0	0	0	0	0	0	0	0	0	0	0	0	0	0	
309948	Caudate_L	5874	980	13522	1192	3328	1104	4930	984	610	0	3834	1170	1684	430	1634	268	1698	438	12886	902	6398	6916	1442	646	690	192	1692	1472	14164	792	6116	3424	0	244	258	600	236	198	0	0	0	0	0	0	0	0	0	0	0	0	108	0	0	0	0	110	1584	0	0	0	204	0	0	0	0	0	0	0	1700	0	0	11474	18694	2384	2106	274	9294	2084	0	0	380	0	1504	0	126	0	0	0	0	0	0	0	0	0	0	0	0	0	0	0	0	0	0	0	0	0	0	0	0	0	0	0	0	0	0	0	
317644	Caudate_R	708	1654	2266	11032	924	5384	1372	582	206	194	1250	1844	934	1582	342	2220	328	820	1584	14970	3168	8032	400	5672	256	4800	366	3108	3686	4060	4110	20126	0	278	0	114	0	0	0	0	0	0	0	0	0	0	0	0	0	0	0	0	0	0	0	0	0	0	0	0	0	0	0	0	0	0	0	0	152	0	11474	0	4686	17310	212	1622	1378	12432	0	0	0	0	322	862	0	0	0	0	0	0	0	0	0	0	0	0	0	0	0	0	0	0	0	0	0	0	0	0	0	0	0	0	0	0	0	0	
376372	Putamen_L	6442	164	23104	312	6294	402	6234	0	1146	0	2884	248	764	0	5706	164	3072	0	20836	128	3876	4082	3312	106	1272	184	964	504	26192	168	8410	900	0	0	150	398	8884	0	2714	0	3082	0	0	0	0	0	420	0	0	0	0	0	0	0	1638	0	2968	0	0	0	0	0	0	0	0	0	0	0	376	0	18694	4686	0	590	5528	0	3972	964	1384	0	2196	0	1142	0	0	0	0	0	398	0	0	0	0	0	0	0	132	0	0	0	0	0	0	0	0	0	0	0	0	0	0	0	0	0	0	0	
279872	Putamen_R	0	1680	550	6816	350	6764	0	814	102	614	0	3212	0	1206	166	2724	0	11262	672	4206	878	2216	210	4878	0	4134	152	1914	116	20198	1874	8516	0	890	0	0	0	11092	0	5888	0	1212	0	0	0	0	0	702	0	0	0	0	0	0	0	2318	0	1036	0	0	0	0	0	0	0	0	0	0	0	0	2384	17310	590	0	0	3854	0	3326	0	0	0	826	0	910	0	704	0	0	0	160	0	0	0	0	0	0	0	510	0	0	0	0	0	0	0	0	0	0	0	0	0	0	0	0	0	0	
49608	Pallidum_L	530	0	5176	0	0	0	718	0	0	0	110	0	0	0	0	0	662	0	5588	0	0	202	0	0	0	0	0	0	368	0	0	0	0	0	0	0	400	0	0	0	0	0	0	0	0	0	0	0	0	0	0	0	0	0	0	0	590	0	0	0	0	0	0	0	0	0	0	0	0	0	2106	212	5528	0	0	0	1760	0	302	0	434	0	118	0	0	0	0	0	0	0	0	0	0	0	0	0	0	0	0	0	0	0	0	0	0	0	0	0	0	0	0	0	0	0	0	0	
32168	Pallidum_R	0	478	0	1620	0	0	0	0	0	0	0	160	0	0	0	0	0	1992	104	790	0	0	0	0	0	0	0	0	0	832	0	0	0	0	0	0	0	1538	0	1092	0	0	0	0	0	0	0	188	0	0	0	0	0	0	0	402	0	950	0	0	0	0	0	0	0	0	0	0	0	0	274	1622	0	3854	0	0	0	0	0	0	0	0	0	0	0	0	0	0	0	0	0	0	0	0	0	0	0	188	0	0	0	0	0	0	0	0	0	0	0	0	0	0	0	0	0	0	
239628	Thalamus_L	22070	1906	15922	516	190	0	4140	152	0	0	750	0	0	0	0	0	1232	0	6414	0	0	0	0	0	0	0	0	0	5774	496	138	0	0	0	2776	4620	6152	4156	788	786	0	0	0	0	0	0	1444	372	0	0	0	0	112	0	344	704	650	174	0	0	0	0	0	0	0	0	270	1142	6096	0	9294	1378	3972	0	1760	0	0	9824	1470	0	898	0	238	0	170	0	0	0	380	0	0	0	0	0	0	0	144	0	0	0	0	0	0	0	0	0	0	0	0	0	0	0	0	0	0	0	
178404	Thalamus_R	3446	5806	576	4866	0	0	120	1188	0	0	272	248	0	0	0	0	108	1876	562	6234	0	0	0	0	0	0	0	0	1188	3764	100	1906	0	0	3130	5408	1270	8712	248	2786	0	0	0	0	0	0	0	1216	0	0	0	0	0	0	0	2270	0	362	0	0	0	0	0	0	0	0	0	1390	500	0	2084	12432	964	3326	0	0	9824	0	0	108	100	344	0	0	0	0	0	0	0	0	0	0	0	0	0	0	0	284	0	0	0	0	0	0	0	0	0	0	0	0	184	0	0	0	0	0	
137324	Heschl_L	2276	0	1950	0	0	0	872	0	0	0	846	0	0	0	0	0	11090	0	1778	0	0	0	0	0	0	0	0	0	9054	0	0	0	0	0	930	0	5550	0	358	0	0	0	362	0	0	0	412	0	0	0	360	0	1916	0	2732	0	4328	0	0	0	0	0	576	0	0	0	894	0	0	0	0	0	1384	0	302	0	1470	0	0	0	10680	0	0	0	5148	0	0	0	3394	0	0	0	0	0	0	0	0	0	0	0	0	0	0	0	0	0	0	0	0	0	0	0	0	0	0	0	
31964	Heschl_R	0	196	0	0	0	0	0	0	0	0	0	0	0	0	0	0	0	2116	0	0	0	0	0	0	0	0	0	0	0	1290	0	0	0	0	0	236	0	1780	0	612	0	0	0	442	0	0	0	118	0	0	0	226	0	238	0	1268	0	290	0	0	0	0	0	0	0	0	0	696	0	0	0	0	0	0	0	0	0	108	0	0	0	5468	0	0	0	486	0	0	0	412	0	0	0	0	0	0	0	0	0	0	0	0	0	0	0	0	0	0	0	0	0	0	0	0	0	0	
364628	Temporal_Sup_L	1810	0	3598	0	334	0	368	140	196	0	4886	0	1814	0	1722	0	15436	0	3322	0	0	0	0	0	0	0	0	0	16844	0	0	0	0	0	190	0	7060	0	1746	0	444	0	1124	0	0	0	426	0	432	0	2782	0	4490	0	10484	0	5210	0	670	0	214	0	4854	0	2102	0	450	0	0	0	380	0	2196	0	434	0	898	100	10680	0	0	0	10704	0	37110	0	974	0	24850	0	654	0	0	0	0	0	186	0	0	0	0	0	0	0	0	0	0	0	0	0	0	0	0	0	0	0	
157716	Temporal_Sup_R	0	170	0	0	0	0	0	242	0	0	0	0	0	0	0	0	0	3456	0	128	0	0	0	0	0	0	0	0	0	6128	0	0	0	0	0	228	0	5834	0	1678	0	0	0	668	0	114	0	264	0	296	0	1808	0	776	0	9106	0	252	0	0	0	0	0	4060	0	4216	0	906	0	0	0	0	0	826	0	0	0	344	0	5468	0	0	0	3092	0	19654	0	974	0	7804	0	214	0	0	0	0	0	0	0	152	0	0	0	0	0	0	0	0	0	0	0	0	0	0	0	0	
194136	Temporal_Pole_Sup_L	456	330	3570	124	1740	0	166	526	574	0	7464	498	2394	0	5644	0	6502	124	3292	0	1166	0	0	0	0	0	528	0	12256	106	0	170	0	0	0	0	732	0	1282	0	352	0	0	0	0	0	0	0	0	0	0	0	0	0	5318	0	170	0	0	0	0	0	0	0	0	0	0	0	0	0	1504	322	1142	0	118	0	238	0	0	0	10704	0	0	0	13522	0	2942	0	10992	0	0	0	0	0	0	0	100	0	0	0	0	0	0	0	0	0	0	0	0	0	0	0	0	0	0	0	
85016	Temporal_Pole_Sup_R	0	0	0	0	0	716	0	0	0	0	0	0	0	0	0	2116	0	524	0	0	104	298	0	0	0	0	0	592	0	4586	0	0	0	0	0	0	0	960	0	4972	0	3440	0	0	0	0	0	0	0	0	0	0	0	0	0	9272	0	0	0	0	0	0	0	0	0	0	0	0	0	0	0	862	0	910	0	0	0	0	0	0	0	3092	0	0	0	2402	0	5730	0	1932	0	0	0	0	0	0	0	0	0	0	0	0	0	0	0	0	0	0	0	0	0	0	0	0	0	0	
417020	Temporal_Mid_L	2108	0	830	0	262	0	274	0	162	0	628	0	406	0	1640	0	4752	0	450	0	0	0	0	0	0	0	0	0	6972	0	0	0	542	0	0	0	1046	0	118	0	0	0	5926	0	912	0	162	0	3458	0	26778	0	8958	0	6820	0	5996	0	5324	0	1678	0	9218	0	7572	0	2552	0	596	0	126	0	0	0	0	0	170	0	5148	0	37110	0	13522	0	0	0	2594	0	43034	0	666	0	0	0	0	0	0	0	0	0	0	0	0	0	0	0	0	0	0	0	0	0	0	0	0	0	
228244	Temporal_Mid_R	0	970	0	204	0	0	0	344	0	0	0	0	0	0	0	0	0	668	0	0	0	0	0	0	0	0	0	0	0	1580	0	0	0	0	0	0	0	2906	0	508	0	0	0	4990	0	1428	0	380	0	3668	0	17462	0	2146	0	7416	0	814	0	0	0	144	0	5368	0	11930	0	3610	0	0	0	0	0	704	0	0	0	0	0	486	0	19654	0	2402	0	0	0	3330	0	21010	0	0	0	0	0	0	0	0	0	0	0	0	0	0	0	0	0	0	0	0	0	0	0	0	0	0	
22576	Temporal_Pole_Mid_L	0	0	0	0	130	0	0	0	0	0	0	0	0	0	202	0	0	0	0	0	0	0	0	0	0	0	0	0	220	0	0	0	0	0	0	0	0	0	554	0	0	0	0	0	0	0	0	0	0	0	0	0	0	0	1598	0	0	0	0	0	0	0	0	0	0	0	0	0	0	0	0	0	0	0	0	0	0	0	0	0	974	0	2942	0	2594	0	0	0	2074	0	0	0	0	0	0	0	0	0	0	0	0	0	0	0	0	0	0	0	0	0	0	0	0	0	0	0	
36448	Temporal_Pole_Mid_R	0	0	0	0	0	0	0	0	0	0	0	0	0	0	0	236	0	0	0	0	0	0	0	0	0	0	0	0	0	152	0	0	0	0	0	0	0	0	0	2320	0	590	0	0	0	0	0	0	0	0	0	0	0	0	0	3704	0	0	0	0	0	0	0	0	0	0	0	0	0	0	0	0	0	0	0	0	0	0	0	0	0	974	0	5730	0	3330	0	0	0	1188	0	0	0	0	0	0	0	0	0	0	0	0	0	0	0	0	0	0	0	0	0	0	0	0	0	0	
364048	Temporal_Inf_L	422	0	118	0	0	0	146	0	0	0	0	0	0	0	422	0	2232	0	0	0	0	0	0	0	0	0	0	0	6100	0	0	0	140	0	676	0	9030	0	3742	0	498	0	3300	0	250	0	3312	0	982	0	6182	0	12980	0	27814	0	1722	0	1576	0	290	0	1734	0	426	0	1756	0	0	0	0	0	398	0	0	0	380	0	3394	0	24850	0	10992	0	43034	0	2074	0	0	0	7326	0	1828	0	0	0	460	0	906	0	392	0	0	0	0	0	0	0	0	0	140	0	0	0	0	0	
208000	Temporal_Inf_R	0	682	0	0	0	0	0	294	0	0	0	0	0	0	0	0	0	142	0	376	0	0	0	0	0	0	0	0	0	2314	0	0	0	0	0	430	0	5714	0	2120	0	0	0	6044	0	550	0	1718	0	1352	0	2622	0	12248	0	20148	0	110	0	0	0	0	0	932	0	1296	0	4746	0	386	0	0	0	160	0	0	0	0	0	412	0	7804	0	1932	0	21010	0	1188	0	0	0	4264	0	822	0	0	0	364	0	1820	0	0	0	0	0	0	0	0	0	0	0	0	0	0	0	0	
749496	Cerebelum_Crus1_L	0	0	0	0	0	0	0	0	0	0	0	0	0	0	0	0	0	0	0	0	0	0	0	0	0	0	0	0	0	0	0	0	0	0	0	0	122	0	450	0	0	0	0	0	0	0	11810	2558	0	0	196	0	928	326	28334	1182	0	0	0	0	0	0	0	0	0	0	0	0	0	0	0	0	0	0	0	0	0	0	0	0	654	0	0	0	666	0	0	0	7326	0	0	14706	52038	14190	4042	1260	32418	5304	76332	13666	16418	4300	15934	7482	4106	1612	486	0	462	1372	10074	16050	21410	3142	2372	1020	
568932	Cerebelum_Crus1_R	0	122	0	0	0	0	0	0	0	0	0	0	0	0	0	0	0	0	0	0	0	0	0	0	0	0	0	0	0	0	0	0	0	0	0	0	0	532	0	400	0	0	98	0	0	0	3604	5922	0	0	0	0	0	0	2466	16282	0	0	0	0	0	0	0	0	0	0	0	0	0	0	0	0	0	0	0	0	0	0	0	0	0	214	0	0	0	0	0	0	0	4264	14706	0	4710	34354	534	3436	8458	21336	14488	60836	2176	6034	3326	16164	592	3820	0	124	774	2138	14442	14866	14388	4592	3870	398	
447860	Cerebelum_Crus2_L	0	0	0	0	0	0	0	0	0	0	0	0	0	0	0	0	0	0	0	0	0	0	0	0	0	0	0	0	0	0	0	0	0	0	0	0	0	0	0	0	0	0	0	0	0	0	1854	634	0	0	0	0	0	0	4896	328	0	0	0	0	0	0	0	0	0	0	0	0	0	0	0	0	0	0	0	0	0	0	0	0	0	0	0	0	0	0	0	0	1828	0	52038	4710	0	11290	792	874	7668	2360	21290	4214	36824	4358	29442	4500	4998	1178	1052	0	190	622	3438	3246	12406	4888	1520	492	
405900	Cerebelum_Crus2_R	0	0	0	0	0	0	0	0	0	0	0	0	0	0	0	0	0	0	0	0	0	0	0	0	0	0	0	0	0	0	0	0	0	0	0	0	0	0	0	0	0	0	0	0	0	0	490	220	0	0	0	0	0	0	588	828	0	0	0	0	0	0	0	0	0	0	0	0	0	0	0	0	0	0	0	0	0	0	0	0	0	0	0	0	0	0	0	0	0	822	14190	34354	11290	0	280	1758	1456	2206	4378	9876	7068	25006	6834	33788	512	5334	0	170	504	1442	1054	5494	21388	7552	3724	344	
53756	Cerebelum_3_L	0	0	0	0	0	0	0	0	0	0	0	0	0	0	0	0	0	0	0	0	0	0	0	0	0	0	0	0	0	0	0	0	0	0	0	0	0	0	136	0	0	0	0	0	0	0	0	0	0	0	0	0	0	0	512	0	0	0	0	0	0	0	0	0	0	0	0	0	0	0	0	0	0	0	0	0	0	0	0	0	0	0	0	0	0	0	0	0	0	0	4042	534	792	280	0	324	7642	0	4384	558	98	0	400	0	1788	122	0	0	612	1478	936	722	496	388	488	146	
78108	Cerebelum_3_R	0	0	0	0	0	0	0	0	0	0	0	0	0	0	0	0	0	0	0	0	0	0	0	0	0	0	0	0	0	0	0	0	0	0	0	0	0	182	0	334	0	0	0	0	0	0	0	150	0	0	0	0	0	0	0	1144	0	0	0	0	0	0	0	0	0	0	0	0	0	0	0	0	0	0	0	0	0	0	0	0	0	0	0	0	0	0	0	0	0	0	1260	3436	874	1758	324	0	1214	4700	764	4944	390	116	558	714	0	2000	0	0	1172	4696	1478	226	2368	2122	2014	116	
416892	Cerebelum_4_5_L	0	0	0	0	0	0	0	0	0	0	0	0	0	0	0	0	0	0	0	0	0	0	0	0	0	0	0	0	310	0	0	0	0	0	146	0	1360	0	1800	0	196	0	268	0	0	0	12272	3986	0	0	0	0	358	254	14960	1930	0	0	0	0	0	0	0	0	0	0	834	0	0	0	0	0	132	0	0	0	144	0	0	0	186	0	100	0	0	0	0	0	460	0	32418	8458	7668	1456	7642	1214	0	8748	41956	10612	1272	0	2532	154	4210	1138	836	0	720	2114	19444	8302	2446	910	1980	2520	
298268	Cerebelum_4_5_R	0	0	0	0	0	0	0	0	0	0	0	0	0	0	0	0	0	0	0	0	0	0	0	0	0	0	0	0	0	316	0	0	0	0	0	0	0	2896	0	5298	0	0	194	106	0	0	2030	10028	0	0	0	0	162	136	1996	11350	0	0	0	0	0	0	0	0	0	0	0	556	0	0	0	0	0	510	0	188	0	284	0	0	0	0	0	0	0	0	0	0	0	364	5304	21336	2360	2206	0	4700	8748	0	5950	32108	338	278	520	1312	0	2352	0	148	0	1616	17718	1026	2062	1276	1362	0	
633444	Cerebelum_6_L	0	0	0	0	0	0	0	0	0	0	0	0	0	0	0	0	0	0	0	0	0	0	0	0	0	0	0	0	0	0	0	0	0	0	0	0	182	0	506	0	0	0	0	0	0	0	17082	4772	0	0	214	0	792	988	33294	2518	0	0	0	0	0	0	0	0	0	0	0	0	0	0	0	0	0	0	0	0	0	0	0	0	0	0	0	0	0	0	0	0	906	0	76332	14488	21290	4378	4384	764	41956	5950	0	17308	5310	300	4344	756	4862	1354	624	0	746	1164	14220	20662	8362	1520	2486	1908	
539124	Cerebelum_6_R	0	0	0	0	0	0	0	0	0	0	0	0	0	0	0	0	0	0	0	0	0	0	0	0	0	0	0	0	0	0	0	0	0	0	0	0	0	306	0	256	0	0	172	164	0	0	5378	10570	0	0	0	162	202	1934	3198	22264	0	0	0	0	0	0	0	0	0	0	0	0	0	0	0	0	0	0	0	0	0	0	0	0	0	152	0	0	0	0	0	0	0	1820	13666	60836	4214	9876	558	4944	10612	32108	17308	0	1366	850	1786	3464	442	2576	0	118	794	2368	20156	18890	9706	3192	2948	206	
293988	Cerebelum_7b_L	0	0	0	0	0	0	0	0	0	0	0	0	0	0	0	0	0	0	0	0	0	0	0	0	0	0	0	0	0	0	0	0	0	0	0	0	0	0	0	0	0	0	0	0	0	0	0	0	0	0	0	0	0	0	1316	0	0	0	0	0	0	0	0	0	0	0	0	0	0	0	0	0	0	0	0	0	0	0	0	0	0	0	0	0	0	0	0	0	392	0	16418	2176	36824	7068	98	390	1272	338	5310	1366	0	3444	36704	5172	7138	1154	1184	0	0	184	110	1452	8966	6624	1478	416	
187040	Cerebelum_7b_R	0	0	0	0	0	0	0	0	0	0	0	0	0	0	0	0	0	0	0	0	0	0	0	0	0	0	0	0	0	0	0	0	0	0	0	0	0	0	0	0	0	0	0	0	0	0	0	0	0	0	0	0	0	0	0	0	0	0	0	0	0	0	0	0	0	0	0	0	0	0	0	0	0	0	0	0	0	0	0	0	0	0	0	0	0	0	0	0	0	0	4300	6034	4358	25006	0	116	0	278	300	850	3444	0	3074	28640	204	5926	0	0	0	0	0	596	6628	3240	526	0	
335924	Cerebelum_8_L	0	0	0	0	0	0	0	0	0	0	0	0	0	0	0	0	0	0	0	0	0	0	0	0	0	0	0	0	0	0	0	0	0	0	0	0	0	0	0	0	0	0	0	0	0	0	0	0	0	0	0	0	0	0	876	0	0	0	0	0	0	0	0	0	0	0	0	0	0	0	0	0	0	0	0	0	0	0	0	0	0	0	0	0	0	0	0	0	0	0	15934	3326	29442	6834	400	558	2532	520	4344	1786	36704	3074	0	7246	20356	2676	3232	0	218	370	502	2560	9816	9888	4028	740	
313224	Cerebelum_8_R	0	0	0	0	0	0	0	0	0	0	0	0	0	0	0	0	0	0	0	0	0	0	0	0	0	0	0	0	0	0	0	0	0	0	0	0	0	0	0	0	0	0	0	0	0	0	0	0	0	0	0	0	0	0	0	396	0	0	0	0	0	0	0	0	0	0	0	0	0	0	0	0	0	0	0	0	0	0	0	0	0	0	0	0	0	0	0	0	0	0	7482	16164	4500	33788	0	714	154	1312	756	3464	5172	28640	7246	0	1650	21652	0	464	112	556	620	1794	10002	7090	2722	162	
136536	Cerebelum_9_L	0	0	0	0	0	0	0	0	0	0	0	0	0	0	0	0	0	0	0	0	0	0	0	0	0	0	0	0	0	0	0	0	0	0	0	0	0	0	0	0	0	0	0	0	0	0	0	0	0	0	0	0	0	0	248	0	0	0	0	0	0	0	0	0	0	0	0	0	0	0	0	0	0	0	0	0	0	0	0	0	0	0	0	0	0	0	0	0	0	0	4106	592	4998	512	1788	0	4210	0	4862	442	7138	204	20356	1650	0	2224	3820	0	322	276	776	1948	848	2490	3320	1138	
171652	Cerebelum_9_R	0	0	0	0	0	0	0	0	0	0	0	0	0	0	0	0	0	0	0	0	0	0	0	0	0	0	0	0	0	0	0	0	0	0	0	0	0	0	0	0	0	0	0	0	0	0	0	0	0	0	0	0	0	0	0	0	0	0	0	0	0	0	0	0	0	0	0	0	0	0	0	0	0	0	0	0	0	0	0	0	0	0	0	0	0	0	0	0	0	0	1612	3820	1178	5334	122	2000	1138	2352	1354	2576	1154	5926	2676	21652	2224	0	0	1032	1244	1152	964	2600	4858	6960	8748	3150	
22968	Cerebelum_10_L	0	0	0	0	0	0	0	0	0	0	0	0	0	0	0	0	0	0	0	0	0	0	0	0	0	0	0	0	0	0	0	0	0	0	0	0	0	0	0	0	0	0	0	0	0	0	0	0	0	0	0	0	0	0	146	0	0	0	0	0	0	0	0	0	0	0	0	0	0	0	0	0	0	0	0	0	0	0	0	0	0	0	0	0	0	0	0	0	0	0	486	0	1052	0	0	0	836	0	624	0	1184	0	3232	0	3820	0	0	0	0	0	0	0	104	0	0	0	
4112	Cerebelum_10_R	0	0	0	0	0	0	0	0	0	0	0	0	0	0	0	0	0	0	0	0	0	0	0	0	0	0	0	0	0	0	0	0	0	0	0	0	0	0	0	0	0	0	0	0	0	0	0	0	0	0	0	0	0	0	0	0	0	0	0	0	0	0	0	0	0	0	0	0	0	0	0	0	0	0	0	0	0	0	0	0	0	0	0	0	0	0	0	0	0	0	0	124	0	170	0	0	0	148	0	118	0	0	0	464	0	1032	0	0	0	0	0	0	0	0	0	0	
34124	Vermis_1_2	0	0	0	0	0	0	0	0	0	0	0	0	0	0	0	0	0	0	0	0	0	0	0	0	0	0	0	0	0	0	0	0	0	0	0	0	0	0	0	0	0	0	0	0	0	0	0	0	0	0	0	0	0	0	0	0	0	0	0	0	0	0	0	0	0	0	0	0	0	0	0	0	0	0	0	0	0	0	0	0	0	0	0	0	0	0	0	0	0	0	462	774	190	504	612	1172	720	0	746	794	0	0	218	112	322	1244	0	0	0	3474	678	868	1064	1240	1464	404	
69244	Vermis_3	0	0	0	0	0	0	0	0	0	0	0	0	0	0	0	0	0	0	0	0	0	0	0	0	0	0	0	0	0	0	0	0	0	0	0	0	0	0	0	0	0	0	0	0	0	0	0	0	0	0	0	0	0	0	0	0	0	0	0	0	0	0	0	0	0	0	0	0	0	0	0	0	0	0	0	0	0	0	0	0	0	0	0	0	0	0	0	0	0	0	1372	2138	622	1442	1478	4696	2114	1616	1164	2368	184	0	370	556	276	1152	0	0	3474	0	2644	890	2128	2002	1936	0	
315396	Vermis_4_5	200	0	0	0	0	0	0	0	0	0	0	0	0	0	0	0	0	0	0	0	0	0	0	0	0	0	0	0	0	0	0	0	0	0	1400	1854	580	1498	0	394	0	0	1180	102	0	0	4592	8264	0	0	0	0	328	824	3648	4026	0	0	0	0	0	0	0	0	0	0	1244	2354	0	0	0	0	0	0	0	0	0	184	0	0	0	0	0	0	0	0	0	0	140	0	10074	14442	3438	1054	936	1478	19444	17718	14220	20156	110	0	502	620	776	964	0	0	678	2644	0	8528	1662	1066	1950	2426	
298476	Vermis_6	0	0	0	0	0	0	0	0	0	0	0	0	0	0	0	0	0	0	0	0	0	0	0	0	0	0	0	0	0	0	0	0	0	0	0	0	0	0	0	0	0	0	0	0	0	0	4886	5388	0	0	0	0	166	1640	3730	3880	0	0	0	0	0	0	0	0	0	0	0	0	0	0	0	0	0	0	0	0	0	0	0	0	0	0	0	0	0	0	0	0	0	0	16050	14866	3246	5494	722	226	8302	1026	20662	18890	1452	596	2560	1794	1948	2600	0	0	868	890	8528	0	9012	1836	3700	4280	
346004	Vermis_7	0	0	0	0	0	0	0	0	0	0	0	0	0	0	0	0	0	0	0	0	0	0	0	0	0	0	0	0	0	0	0	0	0	0	0	0	0	0	0	0	0	0	0	0	0	0	2776	448	0	0	0	0	0	0	1516	182	0	0	0	0	0	0	0	0	0	0	0	0	0	0	0	0	0	0	0	0	0	0	0	0	0	0	0	0	0	0	0	0	0	0	21410	14388	12406	21388	496	2368	2446	2062	8362	9706	8966	6628	9816	10002	848	4858	104	0	1064	2128	1662	9012	0	10110	6526	1324	
187504	Vermis_8	0	0	0	0	0	0	0	0	0	0	0	0	0	0	0	0	0	0	0	0	0	0	0	0	0	0	0	0	0	0	0	0	0	0	0	0	0	0	0	0	0	0	0	0	0	0	0	0	0	0	0	0	0	0	0	0	0	0	0	0	0	0	0	0	0	0	0	0	0	0	0	0	0	0	0	0	0	0	0	0	0	0	0	0	0	0	0	0	0	0	3142	4592	4888	7552	388	2122	910	1276	1520	3192	6624	3240	9888	7090	2490	6960	0	0	1240	2002	1066	1836	10110	0	9526	2098	
144644	Vermis_9	0	0	0	0	0	0	0	0	0	0	0	0	0	0	0	0	0	0	0	0	0	0	0	0	0	0	0	0	0	0	0	0	0	0	0	0	0	0	0	0	0	0	0	0	0	0	0	0	0	0	0	0	0	0	0	0	0	0	0	0	0	0	0	0	0	0	0	0	0	0	0	0	0	0	0	0	0	0	0	0	0	0	0	0	0	0	0	0	0	0	2372	3870	1520	3724	488	2014	1980	1362	2486	2948	1478	526	4028	2722	3320	8748	0	0	1464	1936	1950	3700	6526	9526	0	3634	
54116	Vermis_10	0	0	0	0	0	0	0	0	0	0	0	0	0	0	0	0	0	0	0	0	0	0	0	0	0	0	0	0	0	0	0	0	0	0	0	0	0	0	0	0	0	0	0	0	0	0	136	0	0	0	0	0	0	0	0	0	0	0	0	0	0	0	0	0	0	0	0	0	0	0	0	0	0	0	0	0	0	0	0	0	0	0	0	0	0	0	0	0	0	0	1020	398	492	344	146	116	2520	0	1908	206	416	0	740	162	1138	3150	0	0	404	0	2426	4280	1324	2098	3634	0	
