data	data	439920	143184	790712	841428	188308	125560	498220	264472	92972	39536	211484	179000	253824	113952	234452	59408	212192	105652	799920	798600	56492	68752	365380	302200	30644	91320	68728	82768	627584	316800	236428	368256	98272	462704	116404	166804	272440	243564	88768	165668	42008	59268	218596	375760	297212	469476	285200	346600	273452	452372	517176	389460	133740	99292	400160	431356	287696	181292	232712	134156	334868	159500	96528	157992	273880	175756	434292	458744	187716	125512	192116	328708	252272	335392	41424	27604	123692	194856	103500	48548	220068	137200	135488	53568	335680	273152	14860	25132	280268	241360	322324	320976	300640	248812	30260	51988	204192	167816	346388	371576	260356	143584	283572	228092	141768	129312	38364	15492	15040	44100	134628	178928	232384	139488	107992	18472	
data	data	Precentral_L	Precentral_R	Frontal_Sup_L	Frontal_Sup_R	Frontal_Sup_Orb_L	Frontal_Sup_Orb_R	Frontal_Mid_L	Frontal_Mid_R	Frontal_Mid_Orb_L	Frontal_Mid_Orb_R	Frontal_Inf_Oper_L	Frontal_Inf_Oper_R	Frontal_Inf_Tri_L	Frontal_Inf_Tri_R	Frontal_Inf_Orb_L	Frontal_Inf_Orb_R	Rolandic_Oper_L	Rolandic_Oper_R	Supp_Motor_Area_L	Supp_Motor_Area_R	Olfactory_L	Olfactory_R	Frontal_Sup_Medial_L	Frontal_Sup_Medial_R	Frontal_Med_Orb_L	Frontal_Med_Orb_R	Rectus_L	Rectus_R	Insula_L	Insula_R	Cingulum_Ant_L	Cingulum_Ant_R	Cingulum_Mid_L	Cingulum_Mid_R	Cingulum_Post_L	Cingulum_Post_R	Hippocampus_L	Hippocampus_R	ParaHippocampal_L	ParaHippocampal_R	Amygdala_L	Amygdala_R	Calcarine_L	Calcarine_R	Cuneus_L	Cuneus_R	Lingual_L	Lingual_R	Occipital_Sup_L	Occipital_Sup_R	Occipital_Mid_L	Occipital_Mid_R	Occipital_Inf_L	Occipital_Inf_R	Fusiform_L	Fusiform_R	Postcentral_L	Postcentral_R	Parietal_Sup_L	Parietal_Sup_R	Parietal_Inf_L	Parietal_Inf_R	SupraMarginal_L	SupraMarginal_R	Angular_L	Angular_R	Precuneus_L	Precuneus_R	Paracentral_Lobule_L	Paracentral_Lobule_R	Caudate_L	Caudate_R	Putamen_L	Putamen_R	Pallidum_L	Pallidum_R	Thalamus_L	Thalamus_R	Heschl_L	Heschl_R	Temporal_Sup_L	Temporal_Sup_R	Temporal_Pole_Sup_L	Temporal_Pole_Sup_R	Temporal_Mid_L	Temporal_Mid_R	Temporal_Pole_Mid_L	Temporal_Pole_Mid_R	Temporal_Inf_L	Temporal_Inf_R	Cerebelum_Crus1_L	Cerebelum_Crus1_R	Cerebelum_Crus2_L	Cerebelum_Crus2_R	Cerebelum_3_L	Cerebelum_3_R	Cerebelum_4_5_L	Cerebelum_4_5_R	Cerebelum_6_L	Cerebelum_6_R	Cerebelum_7b_L	Cerebelum_7b_R	Cerebelum_8_L	Cerebelum_8_R	Cerebelum_9_L	Cerebelum_9_R	Cerebelum_10_L	Cerebelum_10_R	Vermis_1_2	Vermis_3	Vermis_4_5	Vermis_6	Vermis_7	Vermis_8	Vermis_9	Vermis_10	
439920	Precentral_L	0	3468	8464	2886	0	0	25098	0	0	0	13174	298	3078	0	0	0	10518	0	5698	10386	0	0	536	0	0	0	0	0	13906	222	170	96	210	4570	3014	1462	4286	610	114	288	0	0	1008	0	1546	0	134	0	1242	0	2384	0	670	0	2896	890	30162	124	1156	0	3952	0	978	0	716	0	2594	108	18770	5928	7666	714	3166	0	690	0	6338	510	7046	0	2566	0	510	0	1690	0	0	0	920	106	0	0	0	0	0	0	0	0	0	0	0	0	0	0	0	0	0	0	0	228	0	0	0	0	0	0	
143184	Precentral_R	3468	0	374	6436	0	0	374	4356	0	0	0	4450	0	378	0	0	0	1882	608	6460	0	0	0	0	0	0	0	0	0	2164	0	0	0	812	76	600	0	1008	0	260	0	0	0	324	0	388	0	0	0	522	0	476	0	524	0	2070	0	8896	0	638	0	1450	0	1522	0	452	196	980	3254	5926	344	408	0	2022	0	110	178	1164	0	312	0	462	0	0	0	2864	0	0	0	2404	0	0	0	0	0	0	0	0	0	0	0	0	0	0	0	0	0	0	0	0	0	0	0	0	0	0	
790712	Frontal_Sup_L	8464	374	0	10016	11874	216	52820	2690	4640	0	8002	1752	14830	382	10592	0	7228	184	71966	12636	88	0	44646	4504	1842	0	888	0	35602	2170	20982	4224	1652	2024	338	696	4654	706	476	476	0	0	0	0	0	0	0	0	0	0	0	0	0	0	756	96	3074	0	0	0	0	0	0	0	0	0	0	0	266	0	5664	3786	18780	1626	3252	0	3388	672	884	0	3586	0	2982	0	120	0	0	0	1514	0	0	0	0	0	0	0	0	0	0	0	0	0	0	0	0	0	0	0	0	276	0	0	0	0	0	0	
841428	Frontal_Sup_R	2886	6436	10016	0	0	5230	2012	39390	0	1752	142	10288	0	5572	0	2408	0	7738	32048	75380	0	600	6348	35274	0	3210	0	2518	128	12862	2226	29924	2722	17624	0	1046	0	7220	0	1954	0	0	0	0	0	166	0	0	0	218	0	0	0	0	0	964	104	616	0	0	0	90	0	0	0	0	110	206	3196	128	1048	29962	948	26804	828	3976	2072	22622	0	136	0	838	0	414	0	132	0	0	0	182	0	0	0	0	0	0	0	0	0	0	0	0	0	0	0	0	0	0	0	0	0	0	0	0	0	0	
188308	Frontal_Sup_Orb_L	0	0	11874	0	0	0	2324	0	14326	0	88	0	2942	0	17476	0	0	0	128	0	1886	778	5094	0	3008	0	8068	86	12456	0	4336	0	0	0	0	0	0	0	80	0	102	0	0	0	0	0	0	0	0	0	0	0	0	0	0	0	0	0	0	0	0	0	0	0	0	0	0	0	0	0	1794	236	5742	0	0	0	0	0	0	0	0	0	1330	0	0	0	0	0	0	0	0	0	0	0	0	0	0	0	0	0	0	0	0	0	0	0	0	0	0	0	0	0	0	0	0	0	
125560	Frontal_Sup_Orb_R	0	0	216	5230	0	0	0	3702	0	4942	0	0	0	144	0	5168	0	0	900	960	416	2680	136	3020	294	10098	200	10384	0	1616	194	2534	0	80	0	0	0	0	0	0	0	0	0	0	0	0	0	0	0	0	0	0	0	0	0	0	0	0	0	0	0	0	0	0	0	0	0	0	0	0	480	5642	188	3556	0	0	0	0	0	0	0	0	0	0	0	0	0	0	0	0	0	0	0	0	0	0	0	0	0	0	0	0	0	0	0	0	0	0	0	0	0	0	0	0	0	0	
498220	Frontal_Mid_L	25098	374	52820	2012	2324	0	0	436	3308	0	10644	1752	28208	120	14890	0	5112	94	8132	702	0	0	16072	802	0	0	0	0	27130	1440	8330	1130	406	248	298	864	2990	698	0	310	0	0	0	0	0	0	0	0	0	0	0	0	0	0	276	0	3500	0	0	0	0	0	0	0	0	0	0	0	98	0	12122	1320	2632	152	0	0	6112	790	1840	0	1792	0	1242	0	0	0	0	0	490	0	0	0	0	0	0	0	0	0	0	0	0	0	0	0	0	0	0	0	0	0	0	0	0	0	0	0	
264472	Frontal_Mid_R	0	4356	2690	39390	0	3702	436	0	0	3648	76	9068	0	14628	0	3496	0	5926	5524	8488	0	0	482	4160	0	162	0	798	0	7014	0	902	352	4182	0	0	0	878	0	312	0	0	0	0	0	0	0	0	0	0	0	0	0	0	0	352	0	542	0	0	0	0	0	0	0	0	0	0	0	0	0	1608	0	6772	0	352	0	1082	0	0	0	654	0	88	0	0	0	0	0	116	0	0	0	0	0	0	0	0	0	0	0	0	0	0	0	0	0	0	0	0	0	0	0	0	0	0	
92972	Frontal_Mid_Orb_L	0	0	4640	0	14326	0	3308	0	0	0	0	0	2054	0	11818	0	0	0	0	0	186	134	236	0	92	0	4252	0	3400	0	160	0	0	0	0	0	0	0	0	0	0	0	0	0	0	0	0	0	0	0	0	0	0	0	0	0	0	0	0	0	0	0	0	0	0	0	0	0	0	0	436	0	1272	0	0	0	0	0	0	0	0	0	172	0	0	0	0	0	0	0	0	0	0	0	0	0	0	0	0	0	0	0	0	0	0	0	0	0	0	0	0	0	0	0	0	0	
39536	Frontal_Mid_Orb_R	0	0	0	1752	0	4942	0	3648	0	0	0	0	0	270	0	4246	0	0	212	290	0	86	0	176	0	1336	0	1914	0	406	0	154	0	212	0	0	0	0	0	0	0	0	0	0	0	0	0	0	0	0	0	0	0	0	0	0	0	0	0	0	0	0	0	0	0	0	0	0	0	0	0	124	0	0	0	0	0	0	0	0	0	0	0	0	0	0	0	0	0	0	0	0	0	0	0	0	0	0	0	0	0	0	0	0	0	0	0	0	0	0	0	0	0	0	0	0	
211484	Frontal_Inf_Oper_L	13174	0	8002	142	88	0	10644	76	0	0	0	338	11944	126	530	0	8766	0	6456	112	0	0	2552	0	0	0	0	0	15950	222	904	0	0	0	104	134	2476	136	0	0	0	0	0	0	0	0	0	0	0	0	0	0	0	0	762	0	6224	0	0	0	0	0	0	0	0	0	0	0	0	0	530	0	1616	0	0	0	270	86	2592	0	4000	0	5420	0	0	0	0	0	1366	0	0	0	0	0	0	0	0	0	0	0	0	0	0	0	0	0	0	0	0	0	0	0	0	0	0	0	
179000	Frontal_Inf_Oper_R	298	4450	1752	10288	0	0	1752	9068	0	0	338	0	88	4312	0	0	0	4030	6338	7932	0	0	100	80	0	0	0	0	380	16556	114	1132	0	3282	0	0	76	1144	0	630	0	0	0	0	0	0	0	0	0	0	0	0	0	0	0	434	0	1334	0	0	0	304	0	200	0	0	0	0	0	0	1088	1446	174	7020	0	0	0	1834	0	204	0	126	128	992	0	0	0	0	0	76	0	0	0	0	0	0	0	0	0	0	0	0	0	0	0	0	0	0	0	0	0	0	0	0	0	0	
253824	Frontal_Inf_Tri_L	3078	0	14830	0	2942	0	28208	0	2054	0	11944	88	0	0	20184	0	486	0	4424	0	0	0	6448	86	0	0	118	0	25568	0	3262	0	128	0	0	0	344	0	0	0	0	0	0	0	0	0	0	0	0	0	0	0	0	0	132	0	670	0	0	0	0	0	0	0	0	0	0	0	0	0	104	0	760	0	0	0	0	0	0	0	316	0	466	0	0	0	0	0	272	0	0	0	0	0	0	0	0	0	0	0	0	0	0	0	0	0	0	0	0	0	0	0	0	0	0	0	
113952	Frontal_Inf_Tri_R	0	378	382	5572	0	144	120	14628	0	270	126	4312	0	0	0	2056	0	186	3042	4878	0	0	238	2048	0	0	0	0	0	7648	180	2810	0	3914	0	0	0	324	0	134	0	0	0	0	0	0	0	0	0	0	0	0	0	0	0	106	0	0	0	0	0	0	0	0	0	0	0	0	0	0	776	1044	214	1142	0	0	0	304	0	0	0	0	0	0	0	0	0	0	0	0	0	0	0	0	0	0	0	0	0	0	0	0	0	0	0	0	0	0	0	0	0	0	0	0	0	0	
234452	Frontal_Inf_Orb_L	0	0	10592	0	17476	0	14890	0	11818	0	530	0	20184	0	0	0	0	0	334	0	1408	110	3074	0	0	0	2888	0	25138	0	1418	0	110	0	0	0	86	0	322	0	226	0	0	0	0	0	0	0	0	0	0	0	0	0	0	0	0	0	0	0	0	0	0	0	0	0	0	0	0	0	1020	0	3258	0	0	0	0	0	0	0	0	0	2344	0	0	0	0	0	0	0	0	0	0	0	0	0	0	0	0	0	0	0	0	0	0	0	0	0	0	0	0	0	0	0	0	0	
59408	Frontal_Inf_Orb_R	0	0	0	2408	0	5168	0	3496	0	4246	0	0	0	2056	0	0	0	0	528	642	0	840	0	0	0	1716	0	1658	0	5080	0	238	0	212	0	0	0	0	0	0	0	0	0	0	0	0	0	0	0	0	0	0	0	0	0	0	0	0	0	0	0	0	0	0	0	0	0	0	0	0	0	722	0	694	0	0	0	0	0	0	0	0	0	0	0	0	0	0	0	0	0	0	0	0	0	0	0	0	0	0	0	0	0	0	0	0	0	0	0	0	0	0	0	0	0	0	
212192	Rolandic_Oper_L	10518	0	7228	0	0	0	5112	0	0	0	8766	0	486	0	0	0	0	0	7562	0	0	0	140	0	0	0	0	0	14272	0	0	0	0	0	0	0	2166	0	0	0	0	0	0	0	0	0	0	0	382	0	2080	0	112	0	1044	0	13994	0	382	0	2052	0	2986	0	848	0	132	0	108	0	362	0	808	0	0	0	130	0	5916	0	10822	0	3942	0	2090	0	0	0	1656	0	0	0	0	0	0	0	0	0	0	0	0	0	0	0	0	0	0	0	0	0	0	0	0	0	0	0	
105652	Rolandic_Oper_R	0	1882	184	7738	0	0	94	5926	0	0	0	4030	0	186	0	0	0	0	1918	4124	0	0	0	0	0	0	0	0	0	6832	0	122	0	562	0	0	0	252	0	0	0	0	0	0	0	0	0	0	0	0	0	166	0	0	0	78	0	5166	0	0	0	126	0	3168	0	84	0	194	0	122	0	0	0	1682	0	174	0	272	0	2808	0	3806	0	608	0	388	0	0	0	134	0	0	0	0	0	0	0	0	0	0	0	0	0	0	0	0	0	0	0	0	0	0	0	0	0	0	
799920	Supp_Motor_Area_L	5698	608	71966	32048	128	900	8132	5524	0	212	6456	6338	4424	3042	334	528	7562	1918	0	66296	0	104	9778	6294	0	210	0	412	16692	7992	6516	12854	6592	30996	348	466	3664	1008	384	586	0	0	0	234	0	248	0	0	0	300	0	222	0	0	696	482	4188	0	0	0	182	0	140	0	0	0	0	590	9262	276	5884	7002	17840	7014	5262	96	4064	396	1020	0	3306	0	2480	162	120	0	0	0	1352	0	0	0	0	0	0	0	0	0	0	0	0	0	0	0	0	0	0	0	0	132	0	0	0	0	0	0	
798600	Supp_Motor_Area_R	10386	6460	12636	75380	0	960	702	8488	0	290	112	7932	0	4878	0	642	0	4124	66296	0	0	108	1424	9586	0	230	0	430	110	9760	1308	15704	4632	46434	168	2236	0	5500	0	1904	0	0	0	168	0	154	0	0	0	206	0	140	0	144	0	1522	0	952	0	0	0	218	0	170	0	0	100	392	18136	13028	352	22740	118	15104	78	2938	1074	19976	0	390	0	0	0	254	0	1220	0	0	0	906	0	0	0	0	0	0	0	0	0	0	0	0	0	0	0	0	0	0	0	0	0	0	0	0	0	0	
56492	Olfactory_L	0	0	88	0	1886	416	0	0	186	0	0	0	0	0	1408	0	0	0	0	0	0	3520	0	0	210	284	3140	558	1990	0	1666	1070	0	0	0	0	564	0	1434	0	894	0	0	0	0	0	0	0	0	0	0	0	0	0	390	0	0	0	0	0	0	0	0	0	0	0	0	0	0	0	4306	1380	1440	0	0	0	0	0	0	0	0	0	1416	0	0	0	0	0	0	0	0	0	0	0	0	0	0	0	0	0	0	0	0	0	0	0	0	0	0	0	0	0	0	0	0	0	
68752	Olfactory_R	0	0	0	600	778	2680	0	0	134	86	0	0	0	0	110	840	0	0	104	108	3520	0	0	530	78	1660	2376	3780	0	834	1546	1784	0	0	0	0	0	0	0	190	0	300	0	0	0	0	0	0	0	0	0	0	0	0	0	0	0	0	0	0	0	0	0	0	0	0	0	0	0	0	5050	4410	2082	796	0	0	0	0	0	0	0	0	0	0	0	0	0	0	0	0	0	0	0	0	0	0	0	0	0	0	0	0	0	0	0	0	0	0	0	0	0	0	0	0	0	0	
365380	Frontal_Sup_Medial_L	536	0	44646	6348	5094	136	16072	482	236	0	2552	100	6448	238	3074	0	140	0	9778	1424	0	0	0	15880	3266	902	354	0	16418	166	23644	11068	2132	5024	0	0	220	0	0	0	0	0	0	0	0	0	0	0	0	0	0	0	0	0	0	0	0	0	0	0	0	0	0	0	0	0	0	0	0	0	1698	280	4032	0	0	0	0	0	0	0	114	0	188	0	0	0	0	0	0	0	0	0	0	0	0	0	0	0	0	0	0	0	0	0	0	0	0	0	0	0	0	0	0	0	0	0	
302200	Frontal_Sup_Medial_R	0	0	4504	35274	0	3020	802	4160	0	176	0	80	86	2048	0	0	0	0	6294	9586	0	530	15880	0	154	4846	0	912	118	778	3976	27966	1722	14320	0	0	0	0	0	0	0	0	0	0	0	0	0	0	0	0	0	0	0	0	0	0	0	0	0	0	0	0	0	0	0	0	0	0	0	0	210	8876	0	4706	0	0	0	76	0	0	0	0	0	0	0	0	0	0	0	0	0	0	0	0	0	0	0	0	0	0	0	0	0	0	0	0	0	0	0	0	0	0	0	0	0	0	
30644	Frontal_Med_Orb_L	0	0	1842	0	3008	294	0	0	92	0	0	0	0	0	0	0	0	0	0	0	210	78	3266	154	0	1014	946	374	170	0	3400	92	0	0	0	0	0	0	0	0	0	0	0	0	0	0	0	0	0	0	0	0	0	0	0	0	0	0	0	0	0	0	0	0	0	0	0	0	0	0	176	0	206	0	0	0	0	0	0	0	0	0	0	0	0	0	0	0	0	0	0	0	0	0	0	0	0	0	0	0	0	0	0	0	0	0	0	0	0	0	0	0	0	0	0	0	
91320	Frontal_Med_Orb_R	0	0	0	3210	0	10098	0	162	0	1336	0	0	0	0	0	1716	0	0	210	230	284	1660	902	4846	1014	0	200	7642	0	428	418	3408	0	0	0	0	0	0	0	0	0	0	0	0	0	0	0	0	0	0	0	0	0	0	0	0	0	0	0	0	0	0	0	0	0	0	0	0	0	0	310	5256	96	2234	0	0	0	0	0	0	0	0	0	0	0	0	0	0	0	0	0	0	0	0	0	0	0	0	0	0	0	0	0	0	0	0	0	0	0	0	0	0	0	0	0	0	
68728	Rectus_L	0	0	888	0	8068	200	0	0	4252	0	0	0	118	0	2888	0	0	0	0	0	3140	2376	354	0	946	200	0	302	1618	0	2164	634	0	0	0	0	0	0	0	0	0	0	0	0	0	0	0	0	0	0	0	0	0	0	0	0	0	0	0	0	0	0	0	0	0	0	0	0	0	0	3626	878	1348	0	0	0	0	0	0	0	0	0	364	0	0	0	0	0	0	0	0	0	0	0	0	0	0	0	0	0	0	0	0	0	0	0	0	0	0	0	0	0	0	0	0	0	
82768	Rectus_R	0	0	0	2518	86	10384	0	798	0	1914	0	0	0	0	0	1658	0	0	412	430	558	3780	0	912	374	7642	302	0	0	584	156	1608	0	0	0	0	0	0	0	0	0	0	0	0	0	0	0	0	0	0	0	0	0	0	0	0	0	0	0	0	0	0	0	0	0	0	0	0	0	0	610	3668	244	2746	0	0	0	0	0	0	0	0	0	0	0	0	0	0	0	0	0	0	0	0	0	0	0	0	0	0	0	0	0	0	0	0	0	0	0	0	0	0	0	0	0	0	
627584	Insula_L	13906	0	35602	128	12456	0	27130	0	3400	0	15950	380	25568	0	25138	0	14272	0	16692	110	1990	0	16418	118	170	0	1618	0	0	212	4960	130	170	0	222	274	15078	294	1152	118	2356	0	152	0	0	0	0	0	332	0	648	0	180	0	6150	0	7632	0	128	0	1152	0	1220	0	676	0	152	0	128	0	958	116	14920	0	0	0	1348	184	10884	0	10154	0	10320	0	1642	0	0	0	8704	0	0	0	0	0	0	0	0	0	0	0	0	0	0	0	0	0	0	0	0	0	0	0	0	0	0	0	
316800	Insula_R	222	2164	2170	12862	0	1616	1440	7014	0	406	222	16556	0	7648	0	5080	0	6832	7992	9760	0	834	166	778	0	428	0	584	212	0	98	922	0	2194	0	118	0	5964	0	2608	0	1730	0	0	0	658	0	0	0	946	0	1598	0	0	0	3450	0	1080	0	268	0	526	0	1714	0	2616	466	782	0	0	778	2460	118	15958	0	0	0	646	0	2644	0	3052	78	1384	0	8316	0	0	0	10242	0	0	0	0	0	0	0	0	0	0	0	0	0	0	0	0	0	0	0	0	0	0	0	0	0	0	
236428	Cingulum_Ant_L	170	0	20982	2226	4336	194	8330	0	160	0	904	114	3262	180	1418	0	0	0	6516	1308	1666	1546	23644	3976	3400	418	2164	156	4960	98	0	10696	1424	1684	94	0	98	0	0	0	0	0	0	0	0	0	0	0	0	0	0	0	0	0	0	0	0	0	0	0	0	0	0	0	0	0	0	0	0	0	5100	2056	4484	368	0	0	0	0	82	0	0	0	0	0	0	0	0	0	0	0	0	0	0	0	0	0	0	0	0	0	0	0	0	0	0	0	0	0	0	0	0	0	0	0	0	0	
368256	Cingulum_Ant_R	96	0	4224	29924	0	2534	1130	902	0	154	0	1132	0	2810	0	238	0	122	12854	15704	1070	1784	11068	27966	92	3408	634	1608	130	922	10696	0	3526	25186	0	0	0	140	0	82	0	0	0	0	0	0	0	0	0	0	0	0	0	0	0	84	0	0	0	0	0	0	0	0	0	0	0	0	0	0	1582	13662	762	7822	0	0	0	80	0	0	0	0	0	0	0	0	0	0	0	0	0	0	0	0	0	0	0	0	0	0	0	0	0	0	0	0	0	0	0	0	0	0	0	0	0	0	
98272	Cingulum_Mid_L	210	0	1652	2722	0	0	406	352	0	0	0	0	128	0	110	0	0	0	6592	4632	0	0	2132	1722	0	0	0	0	170	0	1424	3526	0	10106	2932	1272	0	0	0	0	0	0	0	0	358	150	0	0	86	0	470	0	120	0	116	0	184	0	106	0	0	0	0	0	0	0	2708	668	3210	572	0	0	0	0	0	0	0	0	0	0	0	0	0	0	300	0	0	0	0	0	0	0	0	0	0	0	0	0	0	0	0	0	0	0	0	0	0	0	0	0	0	0	0	0	0	0	
462704	Cingulum_Mid_R	4570	812	2024	17624	0	80	248	4182	0	212	0	3282	0	3914	0	212	0	562	30996	46434	0	0	5024	14320	0	0	0	0	0	2194	1684	25186	10106	0	1124	5334	0	742	0	388	0	0	0	1940	720	3820	0	282	408	3188	0	2728	0	152	0	630	0	2332	0	0	0	0	0	78	0	262	2382	8416	11528	8014	0	456	0	1458	0	0	0	106	0	0	0	108	0	0	0	666	0	0	0	336	0	0	0	0	0	0	0	0	0	0	0	0	0	0	0	0	0	0	0	0	88	0	0	0	0	0	
116404	Cingulum_Post_L	3014	76	338	0	0	0	298	0	0	0	104	0	0	0	0	0	0	0	348	168	0	0	0	0	0	0	0	0	222	0	94	0	2932	1124	0	6692	3610	1978	1216	1020	0	0	5476	76	1770	0	1680	420	964	0	830	0	622	0	1456	638	1802	0	204	0	0	0	0	0	80	0	10162	1518	3846	120	112	0	162	0	0	0	484	556	252	0	0	0	0	0	1086	78	0	0	0	188	0	0	0	0	0	0	0	100	0	0	0	0	0	0	0	0	0	0	0	0	286	0	0	0	0	0	
166804	Cingulum_Post_R	1462	600	696	1046	0	0	864	0	0	0	134	0	0	0	0	0	0	0	466	2236	0	0	0	0	0	0	0	0	274	118	0	0	1272	5334	6692	0	3406	5616	406	2592	0	0	124	2710	1082	2722	0	2690	716	1800	0	1974	0	284	176	3634	0	804	0	144	0	0	0	0	0	0	3134	14028	996	1858	242	0	326	0	0	0	2554	2626	312	0	0	0	0	0	0	2132	0	0	0	2476	0	0	0	0	0	0	0	196	0	0	0	0	0	0	0	0	0	0	0	0	448	0	0	0	0	0	
272440	Hippocampus_L	4286	0	4654	0	0	0	2990	0	0	0	2476	76	344	0	86	0	2166	0	3664	0	564	0	220	0	0	0	0	0	15078	0	98	0	0	0	3610	3406	0	2794	14550	1702	6954	0	1370	0	0	0	3114	514	0	0	0	0	246	0	12962	320	1318	0	0	0	0	0	0	0	0	0	2598	612	120	0	896	0	7240	0	320	0	3328	1392	4876	0	2900	0	4168	0	1526	0	0	0	13410	0	202	0	0	0	376	0	1070	146	738	0	0	0	0	0	124	0	0	0	0	366	250	0	0	0	0	0	
243564	Hippocampus_R	610	1008	706	7220	0	0	698	878	0	0	136	1144	0	324	0	0	0	252	1008	5500	0	0	0	0	0	0	0	0	294	5964	0	140	0	742	1978	5616	2794	0	134	21328	0	9016	0	874	0	84	0	2366	0	118	0	88	0	0	128	18518	0	94	0	0	0	0	0	0	0	0	0	3234	128	0	338	318	390	12824	0	754	2574	5708	338	0	0	444	0	1776	0	198	0	308	0	2230	0	0	0	0	0	0	0	358	0	0	0	0	0	0	0	0	0	0	0	0	102	0	0	0	0	0	
88768	ParaHippocampal_L	114	0	476	0	80	0	0	0	0	0	0	0	0	0	322	0	0	0	384	0	1434	0	0	0	0	0	0	0	1152	0	0	0	0	0	1216	406	14550	134	0	0	2662	0	1134	0	0	0	3618	226	0	0	84	0	198	0	5754	0	0	0	0	0	0	0	0	0	0	0	2396	134	0	0	0	0	1408	0	170	0	370	0	0	0	0	0	1204	0	118	0	120	0	1334	0	196	0	0	0	498	0	1184	0	796	0	0	0	0	0	146	0	0	0	0	288	78	0	0	0	0	0	
165668	ParaHippocampal_R	288	260	476	1954	0	0	310	312	0	0	0	630	0	134	0	0	0	0	586	1904	0	190	0	0	0	0	0	0	118	2608	0	82	0	388	1020	2592	1702	21328	0	0	0	7036	0	760	0	0	0	3128	0	0	0	0	0	0	0	14212	0	0	0	0	0	0	0	0	0	0	0	2446	0	0	176	202	248	7108	0	502	1098	2772	118	0	0	0	0	3018	0	0	0	1474	0	664	0	0	0	0	0	78	0	600	0	106	0	0	0	0	0	0	0	0	0	0	206	0	0	0	0	0	
42008	Amygdala_L	0	0	0	0	102	0	0	0	0	0	0	0	0	0	226	0	0	0	0	0	894	0	0	0	0	0	0	0	2356	0	0	0	0	0	0	0	6954	0	2662	0	0	0	0	0	0	0	0	0	0	0	0	0	0	0	3234	0	0	0	0	0	0	0	0	0	0	0	0	0	0	0	0	0	370	0	0	0	0	0	0	0	0	0	2000	0	306	0	0	0	1900	0	0	0	0	0	0	0	0	0	0	0	0	0	0	0	0	0	0	0	0	0	0	0	0	0	0	0	
59268	Amygdala_R	0	0	0	0	0	0	0	0	0	0	0	0	0	0	0	0	0	0	0	0	0	300	0	0	0	0	0	0	0	1730	0	0	0	0	0	0	0	9016	0	7036	0	0	0	0	0	0	0	0	0	0	0	0	0	0	0	4518	0	0	0	0	0	0	0	0	0	0	0	0	0	0	0	0	0	3130	0	0	0	0	0	0	0	0	0	2838	0	0	0	614	0	452	0	0	0	0	0	0	0	0	0	0	0	0	0	0	0	0	0	0	0	0	0	0	0	0	0	0	
218596	Calcarine_L	1008	0	0	0	0	0	0	0	0	0	0	0	0	0	0	0	0	0	0	0	0	0	0	0	0	0	0	0	152	0	0	0	0	0	5476	124	1370	0	1134	0	0	0	0	7352	20062	5442	13084	2826	7640	1728	13496	250	3680	0	2816	0	1004	0	588	0	136	0	0	0	130	0	15646	616	606	0	0	0	0	0	0	0	0	0	0	0	0	0	0	0	2716	0	0	0	0	0	0	0	0	0	0	0	104	0	112	0	0	0	0	0	0	0	0	0	0	0	0	0	0	0	0	0	
375760	Calcarine_R	0	324	0	0	0	0	0	0	0	0	0	0	0	0	0	0	0	0	234	168	0	0	0	0	0	0	0	0	0	0	0	0	0	1940	76	2710	0	874	0	760	0	0	7352	0	7992	36474	4554	25524	522	28974	0	20504	0	8642	0	4854	0	230	0	0	0	0	0	0	0	0	3132	22304	0	508	0	0	0	0	0	0	0	0	0	0	0	0	0	0	0	5034	0	0	0	3032	0	0	0	0	0	0	0	126	0	460	0	0	0	0	0	0	0	0	0	0	494	82	0	0	0	0	
297212	Cuneus_L	1546	0	0	0	0	0	0	0	0	0	0	0	0	0	0	0	0	0	0	0	0	0	0	0	0	0	0	0	0	0	0	0	358	720	1770	1082	0	0	0	0	0	0	20062	7992	0	10604	2406	584	30298	1980	24346	466	1308	0	1384	96	636	0	6236	0	3218	0	0	0	3878	0	19694	4036	1930	0	0	0	0	0	0	0	0	0	0	0	0	0	0	0	1976	0	0	0	0	0	0	0	0	0	0	0	0	0	0	0	0	0	0	0	0	0	0	0	0	0	0	0	0	0	0	0	
469476	Cuneus_R	0	388	0	166	0	0	0	0	0	0	0	0	0	0	0	0	0	0	248	154	0	0	0	0	0	0	0	0	0	658	0	0	150	3820	0	2722	0	84	0	0	0	0	5442	36474	10604	0	2072	11010	846	56060	140	27188	0	1052	0	1668	0	1810	0	5340	0	1352	0	1346	0	2794	17174	36540	106	762	0	0	0	0	0	0	0	0	0	326	0	1322	0	0	0	2888	0	0	0	1000	0	0	0	0	0	0	0	282	0	388	0	0	0	0	0	0	0	0	0	0	362	0	0	0	0	0	
285200	Lingual_L	134	0	0	0	0	0	0	0	0	0	0	0	0	0	0	0	0	0	0	0	0	0	0	0	0	0	0	0	0	0	0	0	0	0	1680	0	3114	0	3618	0	0	0	13084	4554	2406	2072	0	5080	2258	1752	12812	406	8912	132	20910	312	306	0	230	0	0	0	0	0	172	0	6932	262	98	0	0	0	0	0	0	0	0	0	0	0	0	0	0	0	1718	0	0	0	254	0	6704	536	2564	398	308	0	11402	202	16638	864	0	0	0	0	240	0	0	0	0	78	2490	4578	2288	0	102	0	
346600	Lingual_R	0	0	0	0	0	0	0	0	0	0	0	0	0	0	0	0	0	0	0	0	0	0	0	0	0	0	0	0	0	0	0	0	0	282	420	2690	514	2366	226	3128	0	0	2826	25524	584	11010	5080	0	106	11798	0	8726	132	7278	1164	21264	0	0	0	0	0	0	0	0	0	0	1024	9192	0	0	0	0	0	0	0	0	0	0	0	0	0	0	0	0	0	516	0	0	0	916	756	3778	268	328	0	130	1556	8824	3346	14568	0	0	94	206	298	1160	0	232	144	260	5878	8760	3342	1324	1282	0	
273452	Occipital_Sup_L	1242	0	0	0	0	0	0	0	0	0	0	0	0	0	0	0	382	0	0	0	0	0	0	0	0	0	0	0	332	0	0	0	86	408	964	716	0	0	0	0	0	0	7640	522	30298	846	2258	106	0	0	40232	0	878	0	1442	0	1806	0	13934	0	7186	0	402	0	6396	0	15532	2232	202	0	0	0	0	0	0	0	0	0	0	0	232	0	0	0	452	0	0	0	0	0	0	0	0	0	0	0	0	0	0	0	0	0	0	0	0	0	0	0	0	0	0	0	0	0	0	0	
452372	Occipital_Sup_R	0	522	0	218	0	0	0	0	0	0	0	0	0	0	0	0	0	0	300	206	0	0	0	0	0	0	0	0	0	946	0	0	0	3188	0	1800	0	118	0	0	0	0	1728	28974	1980	56060	1752	11798	0	0	0	41350	0	1382	0	1698	0	2494	0	8026	0	1944	0	1628	0	6964	11312	28740	156	1152	0	0	0	0	0	0	0	0	0	412	0	1628	0	0	0	5288	0	0	0	1458	0	0	0	0	0	0	0	276	0	428	0	0	0	0	0	0	0	0	0	0	260	0	0	0	0	0	
517176	Occipital_Mid_L	2384	0	0	0	0	0	0	0	0	0	0	0	0	0	0	0	2080	0	0	0	0	0	0	0	0	0	0	0	648	0	0	0	470	0	830	0	0	0	84	0	0	0	13496	0	24346	140	12812	0	40232	0	0	0	17046	0	9588	0	4164	0	29376	0	25948	0	788	0	26770	0	16272	280	408	0	0	0	0	0	0	0	0	0	82	0	1938	0	0	0	22728	0	0	0	4218	0	114	0	110	0	0	0	406	0	512	0	0	0	0	0	0	0	0	0	0	0	186	132	0	0	0	0	
389460	Occipital_Mid_R	0	476	0	0	0	0	0	0	0	0	0	0	0	0	0	0	0	166	222	140	0	0	0	0	0	0	0	0	0	1598	0	0	0	2728	0	1974	0	88	0	0	0	0	250	20504	466	27188	406	8726	0	41350	0	0	0	5490	0	2324	0	2160	0	4218	0	7394	0	3838	0	16914	7508	17324	104	954	0	0	0	0	0	0	0	0	0	322	0	1548	0	0	0	13636	0	0	0	3886	0	0	0	0	0	0	0	276	0	334	0	0	0	0	0	0	0	0	0	0	218	0	0	0	0	0	
133740	Occipital_Inf_L	670	0	0	0	0	0	0	0	0	0	0	0	0	0	0	0	112	0	0	0	0	0	0	0	0	0	0	0	180	0	0	0	120	0	622	0	246	0	198	0	0	0	3680	0	1308	0	8912	132	878	0	17046	0	0	0	13596	0	420	0	796	0	624	0	0	0	812	0	2534	0	94	0	0	0	0	0	0	0	0	0	126	0	192	0	0	0	5474	0	0	0	3128	0	958	0	398	0	0	0	774	0	1786	128	0	0	0	0	0	0	0	0	0	0	358	334	234	0	0	0	
99292	Occipital_Inf_R	0	524	0	0	0	0	0	0	0	0	0	0	0	0	0	0	0	0	0	144	0	0	0	0	0	0	0	0	0	0	0	0	0	152	0	284	0	0	0	0	0	0	0	8642	0	1052	132	7278	0	1382	0	5490	0	0	0	8024	0	90	0	0	0	0	0	0	0	0	254	3006	0	206	0	0	0	0	0	0	0	0	0	0	0	0	0	0	0	2052	0	0	0	5352	0	208	0	0	0	0	0	1356	76	1890	0	0	0	0	0	132	0	0	0	0	848	528	250	144	150	0	
400160	Fusiform_L	2896	0	756	0	0	0	276	0	0	0	762	0	132	0	0	0	1044	0	696	0	390	0	0	0	0	0	0	0	6150	0	0	0	116	0	1456	176	12962	128	5754	0	3234	0	2816	0	1384	0	20910	1164	1442	0	9588	0	13596	0	0	160	1168	0	370	0	358	0	0	0	290	0	4226	92	108	0	0	0	1256	0	0	0	308	0	2714	0	3498	0	2066	0	5316	0	316	0	14506	0	20004	448	1456	136	528	0	14330	226	30170	1090	0	0	80	0	852	0	0	0	0	0	1852	3144	1092	0	92	0	
431356	Fusiform_R	890	2070	96	964	0	0	0	352	0	0	0	434	0	106	0	0	0	78	482	1522	0	0	0	0	0	0	0	0	0	3450	0	84	0	630	638	3634	320	18518	0	14212	0	4518	0	4854	96	1668	312	21264	0	1698	0	2324	0	8024	160	0	0	0	0	0	0	0	0	0	0	0	456	4130	624	492	102	0	0	4544	0	258	226	1490	0	0	0	2244	0	5646	0	2350	0	2974	0	14598	358	17874	160	340	0	1590	252	14792	710	29748	0	0	0	282	106	1184	0	210	168	420	4026	4628	2710	1280	1202	106	
287696	Postcentral_L	30162	0	3074	104	0	0	3500	0	0	0	6224	0	670	0	0	0	13994	0	4188	0	0	0	0	0	0	0	0	0	7632	0	0	0	184	0	1802	0	1318	0	0	0	0	0	1004	0	636	0	306	0	1806	0	4164	0	420	0	1168	0	0	0	7526	0	22356	0	10432	0	1918	0	5238	0	1930	0	482	0	156	0	0	0	272	0	4906	0	3920	0	134	0	1538	0	0	0	684	0	0	0	0	0	0	0	0	0	0	0	0	0	0	0	0	0	0	0	0	0	0	0	0	0	0	0	
181292	Postcentral_R	124	8896	0	616	0	0	0	542	0	0	0	1334	0	0	0	0	0	5166	0	952	0	0	0	0	0	0	0	0	0	1080	0	0	0	2332	0	804	0	94	0	0	0	0	0	230	0	1810	0	0	0	2494	0	2160	0	90	0	0	0	0	0	7436	0	14774	0	15748	0	3220	1004	5450	162	6812	0	0	0	1432	0	126	0	1012	0	408	0	1118	0	0	0	1878	0	0	0	1342	0	0	0	0	0	0	0	0	0	0	0	0	0	0	0	0	0	0	0	0	0	0	0	0	0	0	
232712	Parietal_Sup_L	1156	0	0	0	0	0	0	0	0	0	0	0	0	0	0	0	382	0	0	0	0	0	0	0	0	0	0	0	128	0	0	0	106	0	204	0	0	0	0	0	0	0	588	0	6236	0	230	0	13934	0	29376	0	796	0	370	0	7526	0	0	0	23938	0	182	0	15846	0	12836	172	76	0	0	0	0	0	0	0	0	0	0	0	328	0	0	0	1660	0	0	0	286	0	0	0	0	0	0	0	0	0	0	0	0	0	0	0	0	0	0	0	0	0	0	0	0	0	0	0	
134156	Parietal_Sup_R	0	638	0	0	0	0	0	0	0	0	0	0	0	0	0	0	0	0	0	0	0	0	0	0	0	0	0	0	0	268	0	0	0	0	0	144	0	0	0	0	0	0	0	0	0	5340	0	0	0	8026	0	4218	0	0	0	0	0	7436	0	0	0	11572	0	7142	0	9116	2222	9460	0	112	0	0	0	76	0	0	0	0	0	148	0	132	0	0	0	672	0	0	0	356	0	0	0	0	0	0	0	0	0	0	0	0	0	0	0	0	0	0	0	0	0	0	0	0	0	0	
334868	Parietal_Inf_L	3952	0	0	0	0	0	0	0	0	0	0	0	0	0	0	0	2052	0	182	0	0	0	0	0	0	0	0	0	1152	0	0	0	0	0	0	0	0	0	0	0	0	0	136	0	3218	0	0	0	7186	0	25948	0	624	0	358	0	22356	0	23938	0	0	0	14098	0	38184	0	3504	0	230	0	0	0	0	0	0	0	0	0	386	0	2404	0	0	0	13392	0	0	0	4134	0	0	0	0	0	0	0	0	0	0	0	0	0	0	0	0	0	0	0	0	0	0	0	0	0	0	0	
159500	Parietal_Inf_R	0	1450	0	90	0	0	0	0	0	0	0	304	0	0	0	0	0	126	0	218	0	0	0	0	0	0	0	0	0	526	0	0	0	0	0	0	0	0	0	0	0	0	0	0	0	1352	0	0	0	1944	0	7394	0	0	0	0	0	14774	0	11572	0	0	0	18768	0	14990	864	1710	0	186	0	0	0	748	0	92	0	462	0	178	0	412	0	0	0	1008	0	0	0	582	0	0	0	0	0	0	0	0	0	0	0	0	0	0	0	0	0	0	0	0	0	0	0	0	0	0	
96528	SupraMarginal_L	978	0	0	0	0	0	0	0	0	0	0	0	0	0	0	0	2986	0	140	0	0	0	0	0	0	0	0	0	1220	0	0	0	0	0	0	0	0	0	0	0	0	0	0	0	0	0	0	0	402	0	788	0	0	0	0	0	10432	0	182	0	14098	0	0	0	7860	0	0	0	110	0	0	0	0	0	0	0	0	0	192	0	4012	0	0	0	3948	0	0	0	916	0	0	0	0	0	0	0	0	0	0	0	0	0	0	0	0	0	0	0	0	0	0	0	0	0	0	0	
157992	SupraMarginal_R	0	1522	0	0	0	0	0	0	0	0	0	200	0	0	0	0	0	3168	0	170	0	0	0	0	0	0	0	0	0	1714	0	0	0	78	0	0	0	0	0	0	0	0	0	0	0	1346	0	0	0	1628	0	3838	0	0	0	0	0	15748	0	7142	0	18768	0	0	0	8598	852	1520	0	226	0	0	0	580	0	84	0	322	0	688	0	5722	0	0	0	3074	0	0	0	2008	0	0	0	0	0	0	0	0	0	0	0	0	0	0	0	0	0	0	0	0	0	0	0	0	0	0	
273880	Angular_L	716	0	0	0	0	0	0	0	0	0	0	0	0	0	0	0	848	0	0	0	0	0	0	0	0	0	0	0	676	0	0	0	0	0	80	0	0	0	0	0	0	0	130	0	3878	0	172	0	6396	0	26770	0	812	0	290	0	1918	0	15846	0	38184	0	7860	0	0	0	1562	0	0	0	0	0	0	0	0	0	0	0	102	0	3128	0	0	0	21370	0	0	0	6202	0	0	0	0	0	0	0	0	0	0	0	0	0	0	0	0	0	0	0	0	0	0	0	0	0	0	0	
175756	Angular_R	0	452	0	0	0	0	0	0	0	0	0	0	0	0	0	0	0	84	0	0	0	0	0	0	0	0	0	0	0	2616	0	0	0	262	0	0	0	0	0	0	0	0	0	0	0	2794	0	0	0	6964	0	16914	0	0	0	0	0	3220	0	9116	0	14990	0	8598	0	0	1052	2620	0	344	0	0	0	0	0	0	0	0	0	524	0	4794	0	0	0	8906	0	0	0	3628	0	0	0	0	0	0	0	0	0	0	0	0	0	0	0	0	0	0	0	0	0	0	0	0	0	0	
434292	Precuneus_L	2594	196	0	110	0	0	0	0	0	0	0	0	0	0	0	0	132	0	0	100	0	0	0	0	0	0	0	0	152	466	0	0	2708	2382	10162	3134	2598	0	2396	0	0	0	15646	3132	19694	17174	6932	1024	15532	11312	16272	7508	2534	254	4226	456	5238	1004	12836	2222	3504	864	0	852	1562	1052	0	25124	3020	356	0	0	0	0	0	0	0	0	0	234	184	826	0	0	4290	1702	0	0	0	612	340	0	0	0	0	0	1236	0	1150	0	0	0	0	0	0	0	0	0	0	0	112	0	0	0	0	0	
458744	Precuneus_R	108	980	0	206	0	0	0	0	0	0	0	0	0	0	0	0	0	194	590	392	0	0	0	0	0	0	0	0	0	782	0	0	668	8416	1518	14028	612	3234	134	2446	0	0	616	22304	4036	36540	262	9192	2232	28740	280	17324	0	3006	92	4130	0	5450	172	9460	0	1710	0	1520	0	2620	25124	0	242	4076	0	0	0	0	0	0	78	84	0	382	0	1622	0	0	0	7106	0	0	0	5114	0	0	0	0	0	0	0	466	0	182	0	0	0	0	0	0	0	0	0	0	902	0	0	0	0	0	
187716	Paracentral_Lobule_L	18770	3254	266	3196	0	0	98	0	0	0	0	0	0	0	0	0	108	0	9262	18136	0	0	0	0	0	0	0	0	128	0	0	0	3210	11528	3846	996	120	128	0	0	0	0	606	0	1930	106	98	0	202	156	408	104	94	0	108	624	1930	162	76	0	230	0	110	0	0	0	3020	242	0	7220	524	0	556	0	870	0	1052	0	0	0	0	0	0	0	304	0	0	0	0	80	0	0	0	0	0	0	0	0	0	0	0	0	0	0	0	0	0	0	0	0	0	0	0	0	0	0	
125512	Paracentral_Lobule_R	5928	5926	0	128	0	0	0	0	0	0	0	0	0	0	0	0	0	122	276	13028	0	0	0	0	0	0	0	0	0	0	0	0	572	8014	120	1858	0	0	0	0	0	0	0	508	0	762	0	0	0	1152	0	954	0	206	0	492	0	6812	0	112	0	186	0	226	0	344	356	4076	7220	0	0	0	0	0	0	0	0	0	0	0	0	76	0	0	0	2056	0	0	0	1246	0	0	0	0	0	0	0	0	0	0	0	0	0	0	0	0	0	0	0	0	0	0	0	0	0	0	
192116	Caudate_L	7666	344	5664	1048	1794	480	12122	0	436	0	530	1088	104	776	1020	0	362	0	5884	352	4306	5050	1698	210	176	310	3626	610	958	778	5100	1582	0	0	112	242	896	338	0	176	0	0	0	0	0	0	0	0	0	0	0	0	0	0	0	102	482	0	0	0	0	0	0	0	0	0	0	0	524	0	0	6438	8230	210	1072	0	12134	290	170	0	150	0	206	0	0	0	0	0	100	0	0	0	0	0	0	0	0	0	0	0	0	0	0	0	0	0	0	0	0	112	0	0	0	0	0	0	
328708	Caudate_R	714	408	3786	29962	236	5642	1320	1608	0	124	0	1446	0	1044	0	722	0	0	7002	22740	1380	4410	280	8876	0	5256	878	3668	116	2460	2056	13662	0	456	0	0	0	318	0	202	0	0	0	0	0	0	0	0	0	0	0	0	0	0	0	0	0	0	0	0	0	0	0	0	0	0	0	0	0	0	6438	0	1610	16722	94	1130	412	17066	0	0	0	0	0	110	0	0	0	0	0	0	0	0	0	0	0	0	0	0	0	0	0	0	0	0	0	0	0	0	0	0	0	0	0	0	0	0	
252272	Putamen_L	3166	0	18780	948	5742	188	2632	0	1272	0	1616	174	760	214	3258	0	808	0	17840	118	1440	2082	4032	0	206	96	1348	244	14920	118	4484	762	0	0	162	326	7240	390	1408	248	370	0	0	0	0	0	0	0	0	0	0	0	0	0	1256	0	156	0	0	0	0	0	0	0	0	0	0	0	556	0	8230	1610	0	0	6560	0	3982	350	202	0	1182	0	2284	0	336	0	0	0	1874	0	0	0	0	0	0	0	0	0	0	0	0	0	0	0	0	0	0	0	0	166	0	0	0	0	0	0	
335392	Putamen_R	0	2022	1626	26804	0	3556	152	6772	0	0	0	7020	0	1142	0	694	0	1682	7014	15104	0	796	0	4706	0	2234	0	2746	0	15958	368	7822	0	1458	0	0	0	12824	0	7108	0	3130	0	0	0	0	0	0	0	0	0	0	0	0	0	4544	0	1432	0	76	0	748	0	580	0	0	0	0	0	0	210	16722	0	0	0	3210	0	6690	0	0	0	112	0	344	0	0	0	0	0	290	0	0	0	0	0	0	0	0	0	0	0	0	0	0	0	0	0	0	0	0	0	0	0	0	0	0	
41424	Pallidum_L	690	0	3252	828	0	0	0	0	0	0	0	0	0	0	0	0	0	0	5262	78	0	0	0	0	0	0	0	0	0	0	0	0	0	0	0	0	320	0	170	0	0	0	0	0	0	0	0	0	0	0	0	0	0	0	0	0	0	0	0	0	0	0	0	0	0	0	0	0	870	0	1072	94	6560	0	0	0	1516	0	0	0	0	0	0	0	0	0	0	0	0	0	0	0	0	0	0	0	0	0	0	0	0	0	0	0	0	0	0	0	0	0	0	0	0	0	0	0	
27604	Pallidum_R	0	110	0	3976	0	0	0	352	0	0	0	0	0	0	0	0	0	174	96	2938	0	0	0	0	0	0	0	0	0	0	0	0	0	0	0	0	0	754	0	502	0	0	0	0	0	0	0	0	0	0	0	0	0	0	0	258	0	126	0	0	0	92	0	84	0	0	0	0	0	0	0	1130	0	3210	0	0	0	0	0	0	0	0	0	0	0	0	0	0	0	0	0	0	0	0	0	0	0	0	0	0	0	0	0	0	0	0	0	0	0	0	0	0	0	0	0	0	
123692	Thalamus_L	6338	178	3388	2072	0	0	6112	0	0	0	270	0	0	0	0	0	130	0	4064	1074	0	0	0	0	0	0	0	0	1348	0	0	0	0	0	484	2554	3328	2574	370	1098	0	0	0	0	0	0	0	0	0	0	0	0	0	0	308	226	272	0	0	0	0	0	0	0	0	0	0	78	1052	0	12134	412	3982	0	1516	0	0	4804	410	0	80	0	0	0	0	0	0	0	270	0	0	0	0	0	154	0	0	0	0	0	0	0	0	0	0	0	0	0	0	766	0	0	0	0	0	0	
194856	Thalamus_R	510	1164	672	22622	0	0	790	1082	0	0	86	1834	0	304	0	0	0	272	396	19976	0	0	0	76	0	0	0	0	184	646	0	80	0	106	556	2626	1392	5708	0	2772	0	0	0	0	0	0	0	0	0	0	0	0	0	0	0	1490	0	1012	0	0	0	462	0	322	0	0	0	84	0	0	290	17066	350	6690	0	0	4804	0	204	0	0	0	0	0	0	0	0	0	0	800	0	0	0	0	0	0	0	0	0	0	0	0	0	0	0	0	0	0	0	0	0	0	0	0	0	0	
103500	Heschl_L	7046	0	884	0	0	0	1840	0	0	0	2592	0	0	0	0	0	5916	0	1020	0	0	0	0	0	0	0	0	0	10884	0	82	0	0	0	252	312	4876	338	0	118	0	0	0	0	0	0	0	0	0	0	82	0	126	0	2714	0	4906	0	0	0	386	0	192	0	102	0	0	0	0	0	170	0	202	0	0	0	410	204	0	0	3744	0	0	0	508	0	0	0	1844	0	0	0	0	0	0	0	0	0	0	0	0	0	0	0	0	0	0	0	0	0	0	0	0	0	0	0	
48548	Heschl_R	0	312	0	136	0	0	0	0	0	0	0	204	0	0	0	0	0	2808	0	390	0	0	0	0	0	0	0	0	0	2644	0	0	0	0	0	0	0	0	0	0	0	0	0	0	0	326	0	0	0	412	0	322	0	0	0	0	0	408	0	148	0	178	0	688	0	524	234	382	0	0	0	0	0	0	0	0	0	0	0	0	0	5688	0	0	0	5062	0	0	0	3408	0	0	0	0	0	0	0	0	0	0	0	0	0	0	0	0	0	0	0	0	0	0	0	0	0	0	
220068	Temporal_Sup_L	2566	0	3586	0	0	0	1792	0	0	0	4000	0	316	0	0	0	10822	0	3306	0	0	0	114	0	0	0	0	0	10154	0	0	0	0	0	0	0	2900	0	0	0	0	0	0	0	0	0	0	0	232	0	1938	0	192	0	3498	0	3920	0	328	0	2404	0	4012	0	3128	0	184	0	0	0	150	0	1182	0	0	0	80	0	3744	0	0	0	5808	0	23264	0	0	0	16414	0	0	0	0	0	0	0	0	0	0	0	0	0	0	0	0	0	0	0	0	0	0	0	0	0	0	0	
137200	Temporal_Sup_R	0	462	0	838	0	0	0	654	0	0	0	126	0	0	0	0	0	3806	0	0	0	0	0	0	0	0	0	0	0	3052	0	0	0	108	0	0	0	444	0	0	0	0	0	0	0	1322	0	0	0	1628	0	1548	0	0	0	2244	0	1118	0	132	0	412	0	5722	0	4794	826	1622	0	76	0	0	0	112	0	0	0	0	0	5688	0	0	0	1624	0	20990	0	654	0	8598	0	0	0	0	0	0	0	0	0	0	0	0	0	0	0	0	0	0	0	0	0	0	0	0	0	0	
135488	Temporal_Pole_Sup_L	510	0	2982	0	1330	0	1242	0	172	0	5420	128	466	0	2344	0	3942	0	2480	0	1416	0	188	0	0	0	364	0	10320	78	0	0	0	0	0	0	4168	0	1204	0	2000	0	0	0	0	0	0	0	0	0	0	0	0	0	2066	0	134	0	0	0	0	0	0	0	0	0	0	0	0	0	206	0	2284	0	0	0	0	0	0	0	5808	0	0	0	7690	0	2296	0	6506	0	0	0	0	0	0	0	0	0	0	0	0	0	0	0	0	0	0	0	0	0	0	0	0	0	0	0	
53568	Temporal_Pole_Sup_R	0	0	0	414	0	0	0	88	0	0	0	992	0	0	0	0	0	608	162	254	0	0	0	0	0	0	0	0	0	1384	0	0	0	0	0	0	0	1776	0	3018	0	2838	0	0	0	0	0	0	0	0	0	0	0	0	0	5646	0	0	0	0	0	0	0	0	0	0	0	0	0	0	0	110	0	344	0	0	0	0	0	0	0	1624	0	0	0	2170	0	4056	0	1300	0	0	0	0	0	0	0	0	0	0	0	0	0	0	0	0	0	0	0	0	0	0	0	0	0	0	
335680	Temporal_Mid_L	1690	0	120	0	0	0	0	0	0	0	0	0	0	0	0	0	2090	0	120	0	0	0	0	0	0	0	0	0	1642	0	0	0	300	0	1086	0	1526	0	118	0	306	0	2716	0	1976	0	1718	0	452	0	22728	0	5474	0	5316	0	1538	0	1660	0	13392	0	3948	0	21370	0	4290	0	304	0	0	0	336	0	0	0	0	0	508	0	23264	0	7690	0	0	0	2832	0	36400	0	238	0	0	0	0	0	256	0	358	0	0	0	0	0	0	0	0	0	0	0	78	0	0	0	0	0	
273152	Temporal_Mid_R	0	2864	0	132	0	0	0	0	0	0	0	0	0	0	0	0	0	388	0	1220	0	0	0	0	0	0	0	0	0	8316	0	0	0	666	78	2132	0	198	0	0	0	0	0	5034	0	2888	0	516	0	5288	0	13636	0	2052	0	2350	0	1878	0	672	0	1008	0	3074	0	8906	1702	7106	0	2056	0	0	0	0	0	0	0	0	0	5062	0	20990	0	2170	0	0	0	1326	0	32868	0	0	0	0	0	0	0	0	0	0	0	0	0	0	0	0	0	0	0	0	0	0	0	0	0	0	
14860	Temporal_Pole_Mid_L	0	0	0	0	0	0	0	0	0	0	0	0	0	0	0	0	0	0	0	0	0	0	0	0	0	0	0	0	0	0	0	0	0	0	0	0	0	0	120	0	0	0	0	0	0	0	0	0	0	0	0	0	0	0	316	0	0	0	0	0	0	0	0	0	0	0	0	0	0	0	0	0	0	0	0	0	0	0	0	0	0	0	2296	0	2832	0	0	0	1866	0	0	0	0	0	0	0	0	0	0	0	0	0	0	0	0	0	0	0	0	0	0	0	0	0	0	0	
25132	Temporal_Pole_Mid_R	0	0	0	0	0	0	0	0	0	0	0	0	0	0	0	0	0	0	0	0	0	0	0	0	0	0	0	0	0	0	0	0	0	0	0	0	0	308	0	1474	0	614	0	0	0	0	0	0	0	0	0	0	0	0	0	2974	0	0	0	0	0	0	0	0	0	0	0	0	0	0	0	0	0	0	0	0	0	0	0	0	0	654	0	4056	0	1326	0	0	0	1160	0	0	0	0	0	0	0	0	0	0	0	0	0	0	0	0	0	0	0	0	0	0	0	0	0	0	
280268	Temporal_Inf_L	920	0	1514	0	0	0	490	0	0	0	1366	0	272	0	0	0	1656	0	1352	0	0	0	0	0	0	0	0	0	8704	0	0	0	0	0	0	0	13410	0	1334	0	1900	0	0	0	0	0	254	0	0	0	4218	0	3128	0	14506	0	684	0	286	0	4134	0	916	0	6202	0	0	0	0	0	100	0	1874	0	0	0	270	0	1844	0	16414	0	6506	0	36400	0	1866	0	0	0	4046	0	302	0	0	0	616	0	1954	0	320	0	376	0	0	0	0	0	0	0	0	0	0	0	0	0	
241360	Temporal_Inf_R	106	2404	0	182	0	0	0	116	0	0	0	76	0	0	0	0	0	134	0	906	0	0	0	0	0	0	0	0	0	10242	0	0	0	336	188	2476	0	2230	0	664	0	452	0	3032	0	1000	0	916	0	1458	0	3886	0	5352	0	14598	0	1342	0	356	0	582	0	2008	0	3628	612	5114	80	1246	0	0	0	290	0	0	0	800	0	3408	0	8598	0	1300	0	32868	0	1160	0	0	0	3044	0	1040	0	0	0	0	0	1234	0	406	0	810	0	0	0	0	0	0	0	0	0	0	0	0	
322324	Cerebelum_Crus1_L	0	0	0	0	0	0	0	0	0	0	0	0	0	0	0	0	0	0	0	0	0	0	0	0	0	0	0	0	0	0	0	0	0	0	0	0	202	0	196	0	0	0	0	0	0	0	6704	756	0	0	114	0	958	0	20004	358	0	0	0	0	0	0	0	0	0	0	340	0	0	0	0	0	0	0	0	0	0	0	0	0	0	0	0	0	238	0	0	0	4046	0	0	734	31412	484	520	0	10010	178	42210	1068	11492	0	15004	0	4422	0	2166	0	0	0	626	3078	3134	378	330	0	
320976	Cerebelum_Crus1_R	0	0	0	0	0	0	0	0	0	0	0	0	0	0	0	0	0	0	0	0	0	0	0	0	0	0	0	0	0	0	0	0	0	0	0	0	0	0	0	0	0	0	0	0	0	0	536	3778	0	0	0	0	0	208	448	17874	0	0	0	0	0	0	0	0	0	0	0	0	0	0	0	0	0	0	0	0	0	0	0	0	0	0	0	0	0	0	0	0	0	3044	734	0	2164	26162	0	1242	94	7484	1262	39256	1078	7252	1940	20580	222	3316	0	340	176	460	678	3872	9814	3970	2380	124	
300640	Cerebelum_Crus2_L	0	0	0	0	0	0	0	0	0	0	0	0	0	0	0	0	0	0	0	0	0	0	0	0	0	0	0	0	0	0	0	0	0	0	0	0	0	0	0	0	0	0	0	0	0	0	2564	268	0	0	110	0	398	0	1456	160	0	0	0	0	0	0	0	0	0	0	0	0	0	0	0	0	0	0	0	0	0	0	0	0	0	0	0	0	0	0	0	0	302	0	31412	2164	0	10270	0	0	182	0	5110	568	33790	5496	28850	3130	4396	76	1792	0	0	0	0	1746	12606	2808	666	0	
248812	Cerebelum_Crus2_R	0	0	0	0	0	0	0	0	0	0	0	0	0	0	0	0	0	0	0	0	0	0	0	0	0	0	0	0	0	0	0	0	0	0	0	0	0	0	0	0	0	0	0	0	0	0	398	328	0	0	0	0	0	0	136	340	0	0	0	0	0	0	0	0	0	0	0	0	0	0	0	0	0	0	0	0	0	0	0	0	0	0	0	0	0	0	0	0	0	1040	484	26162	10270	0	0	0	78	168	564	3306	8422	21264	5552	26138	260	1300	0	82	0	0	0	886	12660	3548	1020	0	
30260	Cerebelum_3_L	0	0	0	0	0	0	0	0	0	0	0	0	0	0	0	0	0	0	0	0	0	0	0	0	0	0	0	0	0	0	0	0	0	0	0	0	376	0	498	0	0	0	0	0	0	0	308	0	0	0	0	0	0	0	528	0	0	0	0	0	0	0	0	0	0	0	0	0	0	0	0	0	0	0	0	0	154	0	0	0	0	0	0	0	0	0	0	0	0	0	520	0	0	0	0	118	4782	92	2436	178	0	0	0	0	1616	0	0	0	666	1590	1268	0	0	0	0	0	
51988	Cerebelum_3_R	0	0	0	0	0	0	0	0	0	0	0	0	0	0	0	0	0	0	0	0	0	0	0	0	0	0	0	0	0	0	0	0	0	0	0	0	0	0	0	78	0	0	0	0	0	0	0	130	0	0	0	0	0	0	0	1590	0	0	0	0	0	0	0	0	0	0	0	0	0	0	0	0	0	0	0	0	0	0	0	0	0	0	0	0	0	0	0	0	0	0	0	1242	0	0	118	0	102	6572	0	6426	0	0	0	238	0	1932	0	0	234	3608	1556	442	300	614	812	0	
204192	Cerebelum_4_5_L	0	0	0	0	0	0	0	0	0	0	0	0	0	0	0	0	0	0	0	0	0	0	0	0	0	0	0	0	0	0	0	0	0	0	0	0	1070	0	1184	0	0	0	104	0	0	0	11402	1556	0	0	406	0	774	0	14330	252	0	0	0	0	0	0	0	0	0	0	1236	0	0	0	0	0	0	0	0	0	0	0	0	0	0	0	0	0	256	0	0	0	616	0	10010	94	182	78	4782	102	0	686	29976	1130	210	0	658	0	6990	148	0	0	172	528	8742	2510	214	204	846	648	
167816	Cerebelum_4_5_R	0	0	0	0	0	0	0	0	0	0	0	0	0	0	0	0	0	0	0	0	0	0	0	0	0	0	0	0	0	0	0	0	0	0	100	196	146	358	0	600	0	0	0	126	0	282	202	8824	0	276	0	276	0	1356	226	14792	0	0	0	0	0	0	0	0	0	0	0	466	0	0	0	0	0	0	0	0	0	0	0	0	0	0	0	0	0	0	0	0	0	0	178	7484	0	168	92	6572	686	0	714	23630	0	0	0	502	0	1314	0	0	448	1954	7918	1726	468	698	738	392	
346388	Cerebelum_6_L	0	0	0	0	0	0	0	0	0	0	0	0	0	0	0	0	0	0	0	0	0	0	0	0	0	0	0	0	0	0	0	0	0	0	0	0	738	0	796	0	0	0	112	0	0	0	16638	3346	0	0	512	0	1786	76	30170	710	0	0	0	0	0	0	0	0	0	0	1150	0	0	0	0	0	0	0	0	0	0	0	0	0	0	0	0	0	358	0	0	0	1954	0	42210	1262	5110	564	2436	0	29976	714	0	3240	2126	0	2724	0	6682	0	630	0	0	94	3940	8488	3764	310	578	0	
371576	Cerebelum_6_R	0	0	0	0	0	0	0	0	0	0	0	0	0	0	0	0	0	0	0	0	0	0	0	0	0	0	0	0	0	0	0	0	0	0	0	0	0	0	0	106	0	0	0	460	0	388	864	14568	0	428	0	334	128	1890	1090	29748	0	0	0	0	0	0	0	0	0	0	0	182	0	0	0	0	0	0	0	0	0	0	0	0	0	0	0	0	0	0	0	0	0	1234	1068	39256	568	3306	178	6426	1130	23630	3240	0	166	656	276	5334	298	6746	0	940	570	2302	5668	11748	8644	6072	5898	248	
260356	Cerebelum_7b_L	0	0	0	0	0	0	0	0	0	0	0	0	0	0	0	0	0	0	0	0	0	0	0	0	0	0	0	0	0	0	0	0	0	0	0	0	0	0	0	0	0	0	0	0	0	0	0	0	0	0	0	0	0	0	0	0	0	0	0	0	0	0	0	0	0	0	0	0	0	0	0	0	0	0	0	0	0	0	0	0	0	0	0	0	0	0	0	0	320	0	11492	1078	33790	8422	0	0	210	0	2126	166	0	5652	39754	3714	8662	0	2874	0	0	0	0	84	8142	3582	110	0	
143584	Cerebelum_7b_R	0	0	0	0	0	0	0	0	0	0	0	0	0	0	0	0	0	0	0	0	0	0	0	0	0	0	0	0	0	0	0	0	0	0	0	0	0	0	0	0	0	0	0	0	0	0	0	0	0	0	0	0	0	0	0	0	0	0	0	0	0	0	0	0	0	0	0	0	0	0	0	0	0	0	0	0	0	0	0	0	0	0	0	0	0	0	0	0	0	406	0	7252	5496	21264	0	0	0	0	0	656	5652	0	2994	19442	92	1060	0	0	0	0	0	0	4914	2468	96	0	
283572	Cerebelum_8_L	0	0	0	0	0	0	0	0	0	0	0	0	0	0	0	0	0	0	0	0	0	0	0	0	0	0	0	0	0	0	0	0	0	0	0	0	0	0	0	0	0	0	0	0	0	0	0	94	0	0	0	0	0	0	80	0	0	0	0	0	0	0	0	0	0	0	0	0	0	0	0	0	0	0	0	0	0	0	0	0	0	0	0	0	0	0	0	0	376	0	15004	1940	28850	5552	0	0	658	0	2724	276	39754	2994	0	3954	21042	242	5116	0	0	0	0	140	6684	5442	864	0	
228092	Cerebelum_8_R	0	0	0	0	0	0	0	0	0	0	0	0	0	0	0	0	0	0	0	0	0	0	0	0	0	0	0	0	0	0	0	0	0	0	0	0	0	0	0	0	0	0	0	0	0	0	0	206	0	0	0	0	0	0	0	282	0	0	0	0	0	0	0	0	0	0	0	0	0	0	0	0	0	0	0	0	0	0	0	0	0	0	0	0	0	0	0	0	0	810	0	20580	3130	26138	0	238	0	502	0	5334	3714	19442	3954	0	476	14930	0	1190	0	84	146	506	5608	5232	1444	100	
141768	Cerebelum_9_L	0	0	0	0	0	0	0	0	0	0	0	0	0	0	0	0	0	0	0	0	0	0	0	0	0	0	0	0	0	0	0	0	0	0	0	0	124	0	146	0	0	0	0	0	0	0	240	298	0	0	0	0	0	0	852	106	0	0	0	0	0	0	0	0	0	0	0	0	0	0	0	0	0	0	0	0	0	0	0	0	0	0	0	0	0	0	0	0	0	0	4422	222	4396	260	1616	0	6990	0	6682	298	8662	92	21042	476	0	500	6604	0	0	90	1432	1058	1048	1198	1640	390	
129312	Cerebelum_9_R	0	0	0	0	0	0	0	0	0	0	0	0	0	0	0	0	0	0	0	0	0	0	0	0	0	0	0	0	0	0	0	0	0	0	0	0	0	0	0	0	0	0	0	0	0	0	0	1160	0	0	0	0	0	132	0	1184	0	0	0	0	0	0	0	0	0	0	0	0	0	0	0	0	0	0	0	0	0	0	0	0	0	0	0	0	0	0	0	0	0	0	0	3316	76	1300	0	1932	148	1314	0	6746	0	1060	242	14930	500	0	0	2162	102	876	1768	5094	4054	6722	8322	1516	
38364	Cerebelum_10_L	0	0	0	0	0	0	0	0	0	0	0	0	0	0	0	0	0	0	0	0	0	0	0	0	0	0	0	0	0	0	0	0	0	0	0	0	0	0	0	0	0	0	0	0	0	0	0	0	0	0	0	0	0	0	0	0	0	0	0	0	0	0	0	0	0	0	0	0	0	0	0	0	0	0	0	0	0	0	0	0	0	0	0	0	0	0	0	0	0	0	2166	0	1792	0	0	0	0	0	630	0	2874	0	5116	0	6604	0	0	0	0	0	0	0	0	0	0	0	
15492	Cerebelum_10_R	0	0	0	0	0	0	0	0	0	0	0	0	0	0	0	0	0	0	0	0	0	0	0	0	0	0	0	0	0	0	0	0	0	0	0	0	0	0	0	0	0	0	0	0	0	0	0	232	0	0	0	0	0	0	0	210	0	0	0	0	0	0	0	0	0	0	0	0	0	0	0	0	0	0	0	0	0	0	0	0	0	0	0	0	0	0	0	0	0	0	0	340	0	82	0	0	0	0	0	940	0	0	0	1190	0	2162	0	0	0	0	0	446	620	752	772	0	
15040	Vermis_1_2	0	0	0	0	0	0	0	0	0	0	0	0	0	0	0	0	0	0	0	0	0	0	0	0	0	0	0	0	0	0	0	0	0	0	0	0	0	0	0	0	0	0	0	0	0	0	0	144	0	0	0	0	0	0	0	168	0	0	0	0	0	0	0	0	0	0	0	0	0	0	0	0	0	0	0	0	0	0	0	0	0	0	0	0	0	0	0	0	0	0	0	176	0	0	666	234	172	448	0	570	0	0	0	0	0	102	0	0	0	3516	1246	0	0	0	78	0	
44100	Vermis_3	228	0	276	0	0	0	0	0	0	0	0	0	0	0	0	0	0	0	132	0	0	0	0	0	0	0	0	0	0	0	0	0	0	0	0	0	366	0	288	0	0	0	0	0	0	0	78	260	0	0	0	0	0	0	0	420	0	0	0	0	0	0	0	0	0	0	0	0	0	0	112	0	166	0	0	0	766	0	0	0	0	0	0	0	0	0	0	0	0	0	0	460	0	0	1590	3608	528	1954	94	2302	0	0	0	84	90	876	0	0	3516	0	2556	296	202	342	460	0	
134628	Vermis_4_5	0	0	0	0	0	0	0	0	0	0	0	0	0	0	0	0	0	0	0	0	0	0	0	0	0	0	0	0	0	0	0	0	0	88	286	448	250	102	78	206	0	0	0	494	0	362	2490	5878	0	260	186	218	358	848	1852	4026	0	0	0	0	0	0	0	0	0	0	112	902	0	0	0	0	0	0	0	0	0	0	0	0	0	0	0	0	78	0	0	0	0	0	626	678	0	0	1268	1556	8742	7918	3940	5668	0	0	0	146	1432	1768	0	0	1246	2556	0	4698	188	514	2462	2386	
178928	Vermis_6	0	0	0	0	0	0	0	0	0	0	0	0	0	0	0	0	0	0	0	0	0	0	0	0	0	0	0	0	0	0	0	0	0	0	0	0	0	0	0	0	0	0	0	82	0	0	4578	8760	0	0	132	0	334	528	3144	4628	0	0	0	0	0	0	0	0	0	0	0	0	0	0	0	0	0	0	0	0	0	0	0	0	0	0	0	0	0	0	0	0	0	0	3078	3872	1746	886	0	442	2510	1726	8488	11748	84	0	140	506	1058	5094	0	446	0	296	4698	0	8174	4254	6150	1882	
232384	Vermis_7	0	0	0	0	0	0	0	0	0	0	0	0	0	0	0	0	0	0	0	0	0	0	0	0	0	0	0	0	0	0	0	0	0	0	0	0	0	0	0	0	0	0	0	0	0	0	2288	3342	0	0	0	0	234	250	1092	2710	0	0	0	0	0	0	0	0	0	0	0	0	0	0	0	0	0	0	0	0	0	0	0	0	0	0	0	0	0	0	0	0	0	0	3134	9814	12606	12660	0	300	214	468	3764	8644	8142	4914	6684	5608	1048	4054	0	620	0	202	188	8174	0	9312	5726	0	
139488	Vermis_8	0	0	0	0	0	0	0	0	0	0	0	0	0	0	0	0	0	0	0	0	0	0	0	0	0	0	0	0	0	0	0	0	0	0	0	0	0	0	0	0	0	0	0	0	0	0	0	1324	0	0	0	0	0	144	0	1280	0	0	0	0	0	0	0	0	0	0	0	0	0	0	0	0	0	0	0	0	0	0	0	0	0	0	0	0	0	0	0	0	0	0	378	3970	2808	3548	0	614	204	698	310	6072	3582	2468	5442	5232	1198	6722	0	752	0	342	514	4254	9312	0	8454	122	
107992	Vermis_9	0	0	0	0	0	0	0	0	0	0	0	0	0	0	0	0	0	0	0	0	0	0	0	0	0	0	0	0	0	0	0	0	0	0	0	0	0	0	0	0	0	0	0	0	0	0	102	1282	0	0	0	0	0	150	92	1202	0	0	0	0	0	0	0	0	0	0	0	0	0	0	0	0	0	0	0	0	0	0	0	0	0	0	0	0	0	0	0	0	0	0	330	2380	666	1020	0	812	846	738	578	5898	110	96	864	1444	1640	8322	0	772	78	460	2462	6150	5726	8454	0	1322	
18472	Vermis_10	0	0	0	0	0	0	0	0	0	0	0	0	0	0	0	0	0	0	0	0	0	0	0	0	0	0	0	0	0	0	0	0	0	0	0	0	0	0	0	0	0	0	0	0	0	0	0	0	0	0	0	0	0	0	0	106	0	0	0	0	0	0	0	0	0	0	0	0	0	0	0	0	0	0	0	0	0	0	0	0	0	0	0	0	0	0	0	0	0	0	0	124	0	0	0	0	648	392	0	248	0	0	0	100	390	1516	0	0	0	0	2386	1882	0	122	1322	0	
