data	data	512748	283140	998232	696684	168272	120448	529332	235728	97724	47376	423400	208840	329256	225540	169768	96556	341696	145836	712080	697464	76288	105712	416032	383144	57748	127088	66068	76744	699540	433880	486828	636172	301656	665716	227116	271312	402416	388920	224996	305840	42568	74616	375604	501480	329412	407264	550176	466764	270724	304784	608488	340600	283960	152784	716304	564160	295936	206164	187612	123352	273236	118552	179592	138300	144212	134776	497320	617976	187056	170392	341228	377108	349944	330484	53988	44092	198544	270560	152184	48924	266856	218488	124748	82000	306712	263884	47232	42836	442084	306608	608848	592708	352292	346064	41064	105164	450536	376664	702328	655792	290152	205196	306236	307336	167532	235088	55396	14504	28596	147176	460476	430712	263036	213828	194024	29288	
data	data	Precentral_L	Precentral_R	Frontal_Sup_L	Frontal_Sup_R	Frontal_Sup_Orb_L	Frontal_Sup_Orb_R	Frontal_Mid_L	Frontal_Mid_R	Frontal_Mid_Orb_L	Frontal_Mid_Orb_R	Frontal_Inf_Oper_L	Frontal_Inf_Oper_R	Frontal_Inf_Tri_L	Frontal_Inf_Tri_R	Frontal_Inf_Orb_L	Frontal_Inf_Orb_R	Rolandic_Oper_L	Rolandic_Oper_R	Supp_Motor_Area_L	Supp_Motor_Area_R	Olfactory_L	Olfactory_R	Frontal_Sup_Medial_L	Frontal_Sup_Medial_R	Frontal_Med_Orb_L	Frontal_Med_Orb_R	Rectus_L	Rectus_R	Insula_L	Insula_R	Cingulum_Ant_L	Cingulum_Ant_R	Cingulum_Mid_L	Cingulum_Mid_R	Cingulum_Post_L	Cingulum_Post_R	Hippocampus_L	Hippocampus_R	ParaHippocampal_L	ParaHippocampal_R	Amygdala_L	Amygdala_R	Calcarine_L	Calcarine_R	Cuneus_L	Cuneus_R	Lingual_L	Lingual_R	Occipital_Sup_L	Occipital_Sup_R	Occipital_Mid_L	Occipital_Mid_R	Occipital_Inf_L	Occipital_Inf_R	Fusiform_L	Fusiform_R	Postcentral_L	Postcentral_R	Parietal_Sup_L	Parietal_Sup_R	Parietal_Inf_L	Parietal_Inf_R	SupraMarginal_L	SupraMarginal_R	Angular_L	Angular_R	Precuneus_L	Precuneus_R	Paracentral_Lobule_L	Paracentral_Lobule_R	Caudate_L	Caudate_R	Putamen_L	Putamen_R	Pallidum_L	Pallidum_R	Thalamus_L	Thalamus_R	Heschl_L	Heschl_R	Temporal_Sup_L	Temporal_Sup_R	Temporal_Pole_Sup_L	Temporal_Pole_Sup_R	Temporal_Mid_L	Temporal_Mid_R	Temporal_Pole_Mid_L	Temporal_Pole_Mid_R	Temporal_Inf_L	Temporal_Inf_R	Cerebelum_Crus1_L	Cerebelum_Crus1_R	Cerebelum_Crus2_L	Cerebelum_Crus2_R	Cerebelum_3_L	Cerebelum_3_R	Cerebelum_4_5_L	Cerebelum_4_5_R	Cerebelum_6_L	Cerebelum_6_R	Cerebelum_7b_L	Cerebelum_7b_R	Cerebelum_8_L	Cerebelum_8_R	Cerebelum_9_L	Cerebelum_9_R	Cerebelum_10_L	Cerebelum_10_R	Vermis_1_2	Vermis_3	Vermis_4_5	Vermis_6	Vermis_7	Vermis_8	Vermis_9	Vermis_10	
512748	Precentral_L	0	2084	26194	2706	0	0	32226	0	0	0	28964	126	6896	0	0	0	14136	0	9362	17860	0	0	1126	0	88	0	88	0	12150	118	2426	954	1304	5172	2160	1722	5528	372	700	0	0	0	190	108	378	0	458	0	372	0	1230	0	386	0	2398	0	22842	0	162	0	1010	0	596	0	102	0	1122	270	10362	790	3958	958	4192	0	220	0	15124	4084	2806	0	3908	0	192	0	724	0	0	0	2880	0	0	0	0	0	0	0	0	0	90	0	0	0	0	0	0	0	0	0	0	0	0	0	0	0	0	0	
283140	Precentral_R	2084	0	1490	11756	0	0	728	18382	0	0	808	9500	96	3474	0	0	324	1834	1014	2500	0	0	0	88	0	0	0	0	1142	4934	0	262	96	1296	2080	3708	3388	6024	1348	2338	0	0	0	424	0	256	254	510	0	0	100	1558	0	464	342	2278	232	15334	0	112	188	1070	164	3180	0	116	282	2346	314	2608	338	3774	172	5878	0	146	2808	10434	838	268	164	826	0	0	126	1524	0	0	410	1038	0	0	0	0	0	0	0	0	0	0	0	0	0	0	0	0	0	0	0	0	0	0	0	0	0	0	
998232	Frontal_Sup_L	26194	1490	0	16300	10414	0	63578	1712	4390	0	17728	512	27160	1202	8102	0	9742	218	74952	21686	218	0	43552	5822	1938	164	732	0	32482	952	23864	6760	7960	8684	1120	858	7444	484	1268	0	0	0	0	82	0	0	574	0	0	0	140	0	466	0	3194	0	1310	0	0	0	424	0	398	0	0	0	490	188	1846	398	18476	2946	16630	640	4476	256	5524	3032	1346	0	2174	0	996	0	402	0	0	0	2306	0	200	0	0	0	0	0	204	0	316	0	0	0	0	0	0	0	0	0	0	0	0	0	0	0	0	0	
696684	Frontal_Sup_R	2706	11756	16300	0	0	6178	2568	23902	0	938	1956	7550	254	11398	0	2174	678	2198	23752	42018	98	306	9690	41108	0	4176	0	214	1636	12346	5442	40926	3540	20566	1382	2488	2070	3232	872	922	0	0	0	0	0	0	176	330	0	0	0	0	0	298	196	892	288	100	0	0	220	0	176	0	0	0	340	132	308	0	5014	12160	498	4452	0	188	2254	11030	622	124	152	186	0	328	98	0	0	0	250	190	0	0	0	0	0	0	0	0	0	0	0	0	0	0	0	0	0	0	0	0	0	0	0	0	0	0	
168272	Frontal_Sup_Orb_L	0	0	10414	0	0	0	2146	0	13562	0	398	0	2116	0	10762	0	168	0	0	0	2636	148	6778	0	6414	120	6548	0	8568	0	5150	116	0	0	0	0	0	0	0	0	0	0	0	0	0	0	0	0	0	0	0	0	0	0	0	0	0	0	0	0	0	0	0	0	0	0	0	0	0	0	2240	142	4552	98	0	0	0	0	0	0	108	0	952	0	0	0	0	0	0	0	0	0	0	0	0	0	0	0	0	0	0	0	0	0	0	0	0	0	0	0	0	0	0	0	0	0	
120448	Frontal_Sup_Orb_R	0	0	0	6178	0	0	0	1384	0	5376	0	304	0	1318	0	3534	0	92	214	646	92	1672	80	4834	324	8544	198	8018	0	4476	306	3120	0	618	0	0	0	0	0	0	0	0	0	0	0	0	0	0	0	0	0	0	0	0	0	0	0	0	0	0	0	0	0	0	0	0	0	0	0	0	0	4192	0	4560	0	0	0	0	0	0	0	0	0	144	0	0	0	0	0	0	0	0	0	0	0	0	0	0	0	0	0	0	0	0	0	0	0	0	0	0	0	0	0	0	0	0	
529332	Frontal_Mid_L	32226	728	63578	2568	2146	0	0	80	3814	0	26404	0	35866	0	7044	0	6890	0	11340	5738	0	0	16064	2856	420	0	110	0	16562	76	5296	2230	556	1522	92	666	440	0	0	0	0	0	0	0	0	0	0	0	0	0	0	0	0	0	0	0	866	0	0	0	0	0	0	0	0	0	0	0	640	0	1840	602	720	0	106	0	11100	2612	180	0	238	0	450	0	0	0	0	0	0	0	0	0	0	0	0	0	0	0	0	0	0	0	0	0	0	0	0	0	0	0	0	0	0	0	0	0	
235728	Frontal_Mid_R	0	18382	1712	23902	0	1384	80	0	0	1828	94	11578	0	16908	0	2604	0	692	3536	3792	0	0	514	4242	0	276	0	0	114	4702	578	4572	262	3558	112	192	236	1206	206	638	0	0	0	0	0	0	0	96	0	0	0	0	0	0	0	486	0	766	0	0	0	0	0	108	0	0	0	0	0	0	632	1758	138	3554	0	0	144	1900	0	0	0	264	0	0	0	0	0	0	0	118	0	0	0	0	0	0	0	0	0	0	0	0	0	0	0	0	0	0	0	0	0	0	0	0	0	0	
97724	Frontal_Mid_Orb_L	0	0	4390	0	13562	0	3814	0	0	0	152	0	2416	0	12192	0	0	0	0	0	648	0	886	0	1776	0	2666	0	3082	0	1152	0	0	0	0	0	0	0	0	0	0	0	0	0	0	0	0	0	0	0	0	0	0	0	0	0	0	0	0	0	0	0	0	0	0	0	0	0	0	0	756	0	1198	0	0	0	0	0	0	0	0	0	172	0	0	0	0	0	0	0	0	0	0	0	0	0	0	0	0	0	0	0	0	0	0	0	0	0	0	0	0	0	0	0	0	0	
47376	Frontal_Mid_Orb_R	0	0	0	938	0	5376	0	1828	0	0	0	0	0	1202	0	6252	0	0	0	104	0	320	0	604	0	564	0	1152	0	1602	0	542	0	104	0	0	0	0	0	0	0	0	0	0	0	0	0	0	0	0	0	0	0	0	0	0	0	0	0	0	0	0	0	0	0	0	0	0	0	0	0	1346	0	1754	0	0	0	0	0	0	0	0	0	0	0	0	0	0	0	0	0	0	0	0	0	0	0	0	0	0	0	0	0	0	0	0	0	0	0	0	0	0	0	0	0	0	
423400	Frontal_Inf_Oper_L	28964	808	17728	1956	398	0	26404	94	152	0	0	106	18894	294	1484	0	22020	0	10644	9684	0	0	3040	186	188	0	238	0	29084	242	7222	1910	196	1646	0	316	728	0	0	0	0	0	0	0	0	0	0	0	0	0	0	0	0	0	350	0	2624	0	0	0	0	0	0	0	0	0	86	0	238	0	2548	470	2518	0	288	0	6822	1020	1146	0	3836	0	4476	0	190	0	0	0	462	0	0	0	0	0	0	0	0	0	0	0	0	0	0	0	0	0	0	0	0	0	0	0	0	0	0	0	
208840	Frontal_Inf_Oper_R	126	9500	512	7550	0	304	0	11578	0	0	106	0	0	17912	0	1500	0	6434	2782	2720	0	0	128	1624	0	204	0	0	148	15230	176	3612	76	1948	102	142	170	920	130	466	0	84	0	0	0	0	0	0	0	0	0	0	0	0	0	344	0	940	0	0	0	0	0	0	0	0	0	0	0	0	1386	4974	254	4800	0	0	216	2288	0	202	0	486	0	2226	0	0	0	0	0	120	0	0	0	0	0	0	0	0	0	0	0	0	0	0	0	0	0	0	0	0	0	0	0	0	0	0	
329256	Frontal_Inf_Tri_L	6896	96	27160	254	2116	0	35866	0	2416	0	18894	0	0	0	13398	0	1228	0	5244	604	0	0	6212	440	314	0	114	0	26888	0	6934	1780	178	196	0	124	92	0	0	0	0	0	0	0	0	0	0	0	0	0	0	0	0	0	128	0	794	0	0	0	0	0	0	0	0	0	0	0	0	0	378	120	576	0	0	0	1774	420	0	0	862	0	1976	0	0	0	0	0	156	0	0	0	0	0	0	0	0	0	0	0	0	0	0	0	0	0	0	0	0	0	0	0	0	0	0	0	
225540	Frontal_Inf_Tri_R	0	3474	1202	11398	0	1318	0	16908	0	1202	294	17912	0	0	0	5674	168	604	5688	6380	0	0	216	6194	0	1376	0	0	394	13374	368	7066	198	5130	0	0	0	80	0	0	0	0	0	0	0	0	0	0	0	0	0	0	0	0	0	0	0	0	0	0	0	0	0	0	0	0	0	0	0	0	2712	1062	772	602	0	0	0	128	0	0	0	0	0	876	0	0	0	0	0	0	0	0	0	0	0	0	0	0	0	0	0	0	0	0	0	0	0	0	0	0	0	0	0	0	0	0	
169768	Frontal_Inf_Orb_L	0	0	8102	0	10762	0	7044	0	12192	0	1484	0	13398	0	0	0	386	0	122	0	2070	92	1450	100	92	0	1898	0	16088	0	1572	324	0	0	0	0	100	0	122	0	0	0	0	0	0	0	0	0	0	0	0	0	0	0	0	0	0	0	0	0	0	0	0	0	0	0	0	0	0	0	818	0	3870	0	0	0	0	0	0	0	618	0	2180	0	0	0	0	0	0	0	0	0	0	0	0	0	0	0	0	0	0	0	0	0	0	0	0	0	0	0	0	0	0	0	0	0	
96556	Frontal_Inf_Orb_R	0	0	0	2174	0	3534	0	2604	0	6252	0	1500	0	5674	0	0	0	0	0	434	0	2368	0	1484	0	454	0	1760	0	10356	0	1410	0	428	0	0	0	0	0	202	0	0	0	0	0	0	0	0	0	0	0	0	0	0	0	0	0	0	0	0	0	0	0	0	0	0	0	0	0	0	0	2232	0	4020	0	0	0	0	0	0	0	0	0	1274	0	118	0	0	0	0	0	0	0	0	0	0	0	0	0	0	0	0	0	0	0	0	0	0	0	0	0	0	0	0	0	0	
341696	Rolandic_Oper_L	14136	324	9742	678	168	0	6890	0	0	0	22020	0	1228	168	386	0	0	0	7434	4180	0	0	882	0	0	0	0	0	28980	136	3054	644	106	2838	92	114	1720	0	142	0	0	0	170	0	108	0	0	0	214	0	2458	0	422	0	960	0	9744	0	520	0	2208	0	4070	0	370	0	560	76	386	0	2168	366	5922	164	276	0	308	138	9290	0	15156	0	2808	0	2894	0	0	0	3030	0	0	0	0	0	0	0	0	0	0	0	0	0	0	0	0	0	0	0	0	0	0	0	0	0	0	0	
145836	Rolandic_Oper_R	0	1834	218	2198	0	92	0	692	0	0	0	6434	0	604	0	0	0	0	218	230	0	0	0	498	0	104	0	0	0	17036	0	1404	0	96	0	0	0	742	0	362	0	0	0	146	0	0	0	0	0	0	0	80	0	0	0	398	0	3860	0	0	0	520	0	5192	0	120	0	280	0	236	306	3106	0	5940	0	126	86	2144	0	5778	0	8702	0	814	0	1412	0	0	0	910	0	0	0	0	0	0	0	0	0	0	0	0	0	0	0	0	0	0	0	0	0	0	0	0	0	0	
712080	Supp_Motor_Area_L	9362	1014	74952	23752	0	214	11340	3536	0	0	10644	2782	5244	5688	122	0	7434	218	0	45236	0	0	10530	3460	0	114	0	0	12680	1344	13894	15984	17258	26936	1606	704	3312	266	762	0	0	0	0	102	0	0	368	0	0	0	96	0	300	0	2172	0	1722	80	0	0	304	0	336	0	0	0	980	254	4554	402	13828	2064	7156	440	1446	104	2110	2190	1376	0	1080	0	252	0	134	0	0	0	1264	0	144	0	0	0	0	0	162	0	232	0	0	0	0	0	0	0	0	0	0	0	0	0	0	0	0	0	
697464	Supp_Motor_Area_R	17860	2500	21686	42018	0	646	5738	3792	0	104	9684	2720	604	6380	0	434	4180	230	45236	0	144	376	3260	10290	0	88	0	0	3378	2634	6510	24528	11434	57502	3020	7386	216	472	0	98	0	0	0	2408	98	434	0	410	0	0	434	776	0	146	0	492	3448	1100	240	0	336	0	256	112	0	0	1152	4786	5898	10410	3640	3962	740	936	142	210	2586	3230	1464	0	878	96	108	0	78	952	0	0	0	1626	0	0	0	0	0	0	0	0	0	0	0	0	0	0	0	0	0	0	0	0	0	0	0	0	0	0	
76288	Olfactory_L	0	0	218	98	2636	92	0	0	648	0	0	0	0	0	2070	0	0	0	0	144	0	3718	0	0	492	288	2692	226	3262	148	3254	848	0	0	0	0	198	0	234	0	186	0	0	0	0	0	0	0	0	0	0	0	0	0	104	0	0	0	0	0	0	0	0	0	0	0	0	0	0	0	6700	3134	4086	1294	0	388	0	0	0	0	0	0	986	0	0	0	0	0	0	0	0	0	0	0	0	0	0	0	0	0	0	0	0	0	0	0	0	0	0	0	0	0	0	0	0	0	
105712	Olfactory_R	0	0	0	306	148	1672	0	0	0	320	0	0	0	0	92	2368	0	0	0	376	3718	0	0	192	84	2646	480	4120	192	3146	2438	3872	0	0	0	0	0	108	0	378	0	454	0	0	0	0	0	0	0	0	0	0	0	0	0	0	0	0	0	0	0	0	0	0	0	0	0	0	0	0	5394	10128	4504	3610	258	1552	0	0	0	0	0	0	0	300	0	0	0	0	0	0	0	0	0	0	0	0	0	0	0	0	0	0	0	0	0	0	0	0	0	0	0	0	0	0	0	0	
416032	Frontal_Sup_Medial_L	1126	0	43552	9690	6778	80	16064	514	886	0	3040	128	6212	216	1450	0	882	0	10530	3260	0	0	0	19024	3866	606	758	0	10734	180	29718	15576	8052	8982	0	0	0	0	0	0	0	0	0	0	0	0	0	0	0	0	0	0	0	0	0	0	0	0	0	0	0	0	0	0	0	0	0	0	0	0	1036	272	3186	0	92	0	252	0	0	0	542	0	732	0	0	0	0	0	0	0	0	0	0	0	0	0	0	0	0	0	0	0	0	0	0	0	0	0	0	0	0	0	0	0	0	0	
383144	Frontal_Sup_Medial_R	0	88	5822	41108	0	4834	2856	4242	0	604	186	1624	440	6194	100	1484	0	498	3460	10290	0	192	19024	0	598	8800	0	868	556	8964	5980	38374	1078	13972	0	0	0	100	0	0	0	0	0	0	0	0	0	0	0	0	0	0	0	0	0	0	0	0	0	0	0	0	0	0	0	0	0	0	0	0	648	5284	142	2432	0	0	0	530	0	0	0	0	0	200	0	0	0	0	0	0	0	0	0	0	0	0	0	0	0	0	0	0	0	0	0	0	0	0	0	0	0	0	0	0	0	0	
57748	Frontal_Med_Orb_L	88	0	1938	0	6414	324	420	0	1776	0	188	0	314	0	92	0	0	0	0	0	492	84	3866	598	0	1518	3128	150	410	0	5216	664	0	0	0	0	0	0	0	0	0	0	0	0	0	0	0	0	0	0	0	0	0	0	0	0	0	0	0	0	0	0	0	0	0	0	0	0	0	0	610	106	478	0	0	0	0	0	0	0	0	0	0	0	0	0	0	0	0	0	0	0	0	0	0	0	0	0	0	0	0	0	0	0	0	0	0	0	0	0	0	0	0	0	0	0	
127088	Frontal_Med_Orb_R	0	0	164	4176	120	8544	0	276	0	564	0	204	0	1376	0	454	0	104	114	88	288	2646	606	8800	1518	0	514	8302	104	1928	3058	9350	0	98	0	0	0	0	0	0	0	0	0	0	0	0	0	0	0	0	0	0	0	0	0	0	0	0	0	0	0	0	0	0	0	0	0	0	0	0	312	5552	108	4176	0	0	0	0	0	0	0	0	0	0	0	0	0	0	0	0	0	0	0	0	0	0	0	0	0	0	0	0	0	0	0	0	0	0	0	0	0	0	0	0	0	0	
66068	Rectus_L	88	0	732	0	6548	198	110	0	2666	0	238	0	114	0	1898	0	0	0	0	0	2692	480	758	0	3128	514	0	512	1716	0	4364	368	0	0	0	0	0	0	0	0	0	0	0	0	0	0	0	0	0	0	0	0	0	0	0	0	0	0	0	0	0	0	0	0	0	0	0	0	0	0	3040	434	2084	210	0	0	0	0	0	0	0	0	142	0	0	0	0	0	0	0	0	0	0	0	0	0	0	0	0	0	0	0	0	0	0	0	0	0	0	0	0	0	0	0	0	0	
76744	Rectus_R	0	0	0	214	0	8018	0	0	0	1152	0	0	0	0	0	1760	0	0	0	0	226	4120	0	868	150	8302	512	0	0	1336	536	4054	0	0	0	0	0	0	0	0	0	0	0	0	0	0	0	0	0	0	0	0	0	0	0	0	0	0	0	0	0	0	0	0	0	0	0	0	0	0	106	4472	0	2546	0	0	0	0	0	0	0	0	0	0	0	0	0	0	0	0	0	0	0	0	0	0	0	0	0	0	0	0	0	0	0	0	0	0	0	0	0	0	0	0	0	0	
699540	Insula_L	12150	1142	32482	1636	8568	0	16562	114	3082	0	29084	148	26888	394	16088	0	28980	0	12680	3378	3262	192	10734	556	410	104	1716	0	0	378	15368	3358	270	1414	640	1040	14656	252	2840	0	1288	0	342	0	98	0	464	0	270	0	2882	0	1160	0	9544	0	3708	0	218	0	1746	0	1614	0	254	0	358	0	626	0	4152	736	18780	262	410	0	3220	1286	9858	0	12698	0	8050	0	3710	0	552	0	9362	0	474	0	0	0	0	0	324	0	758	0	0	0	0	0	0	0	0	0	0	0	0	0	0	0	0	0	
433880	Insula_R	118	4934	952	12346	0	4476	76	4702	0	1602	242	15230	0	13374	0	10356	136	17036	1344	2634	148	3146	180	8964	0	1928	0	1336	378	0	278	11904	0	1994	134	268	190	7606	148	3384	0	888	0	2094	0	186	0	1184	0	0	0	156	0	550	0	4474	0	908	0	0	0	0	0	358	0	0	0	1196	0	150	2452	9284	732	25426	0	96	322	4348	0	3804	0	12898	0	3702	0	3464	0	0	0	6434	0	148	0	0	0	0	0	142	0	0	0	0	0	0	0	0	0	0	0	0	0	0	0	0	0	0	
486828	Cingulum_Ant_L	2426	0	23864	5442	5150	306	5296	578	1152	0	7222	176	6934	368	1572	0	3054	0	13894	6510	3254	2438	29718	5980	5216	3058	4364	536	15368	278	0	28382	13710	8710	156	0	84	0	0	0	0	0	0	0	0	0	0	0	0	0	0	0	0	0	0	0	0	0	0	0	0	0	0	0	0	0	0	0	0	0	12898	4772	13066	3742	292	598	416	136	0	0	854	0	1444	0	0	0	0	0	0	0	0	0	0	0	0	0	0	0	0	0	0	0	0	0	0	0	0	0	0	0	0	0	0	0	0	0	
636172	Cingulum_Ant_R	954	262	6760	40926	116	3120	2230	4572	0	542	1910	3612	1780	7066	324	1410	644	1404	15984	24528	848	3872	15576	38374	664	9350	368	4054	3358	11904	28382	0	8222	31864	296	510	0	168	0	0	0	0	0	0	0	0	0	0	0	0	0	0	0	0	0	0	0	0	0	0	0	0	0	0	0	0	214	0	0	0	5420	19096	3014	10962	252	812	0	1388	0	0	148	88	354	384	0	0	0	0	0	0	0	0	0	0	0	0	0	0	0	0	0	0	0	0	0	0	0	0	0	0	0	0	0	0	0	0	
301656	Cingulum_Mid_L	1304	96	7960	3540	0	0	556	262	0	0	196	76	178	198	0	0	106	0	17258	11434	0	0	8052	1078	0	0	0	0	270	0	13710	8222	0	23008	10016	3892	138	0	110	0	0	0	436	468	1320	674	168	110	1132	378	1998	368	0	0	0	0	804	0	1360	370	594	0	0	0	0	0	15156	5434	6692	686	460	0	290	0	0	0	0	108	0	0	78	0	0	0	0	0	0	0	84	0	0	0	0	0	0	0	0	0	0	0	0	0	0	0	0	0	0	0	0	0	0	0	0	0	0	0	
665716	Cingulum_Mid_R	5172	1296	8684	20566	0	618	1522	3558	0	104	1646	1948	196	5130	0	428	2838	96	26936	57502	0	0	8982	13972	0	98	0	0	1414	1994	8710	31864	23008	0	5180	13998	100	154	0	96	0	0	284	7046	330	4442	122	1058	0	1602	124	4104	0	278	0	206	2118	4156	178	1170	0	266	0	382	0	262	5882	24316	2948	14112	540	0	224	0	0	0	0	0	1024	0	656	708	0	0	0	4154	0	0	0	2194	0	0	0	0	0	0	0	0	0	0	0	0	0	0	0	0	0	0	0	0	162	0	0	0	0	0	
227116	Cingulum_Post_L	2160	2080	1120	1382	0	0	92	112	0	0	0	102	0	0	0	0	92	0	1606	3020	0	0	0	0	0	0	0	0	640	134	156	296	10016	5180	0	10236	8374	4016	5730	886	0	0	5166	576	4288	898	2140	356	2162	328	2110	210	508	0	968	394	394	0	728	0	344	0	0	0	0	0	16708	3734	5546	738	0	0	0	278	0	0	1036	4068	572	0	0	0	0	0	94	80	0	0	1176	156	0	0	0	0	0	0	0	0	92	0	0	0	0	0	0	0	0	0	0	0	280	0	0	0	0	0	
271312	Cingulum_Post_R	1722	3708	858	2488	0	0	666	192	0	0	316	142	124	0	0	0	114	0	704	7386	0	0	0	0	0	0	0	0	1040	268	0	510	3892	13998	10236	0	7894	7896	5148	3942	0	0	554	6202	688	3060	1596	3798	84	356	206	592	86	182	1248	1974	104	188	78	286	82	0	88	0	0	0	4554	14828	266	3560	0	198	88	460	0	0	3860	7848	814	0	160	156	0	0	146	400	0	0	738	924	286	0	0	0	0	0	0	270	312	0	0	0	0	0	0	0	0	0	0	0	1092	0	0	0	0	0	
402416	Hippocampus_L	5528	3388	7444	2070	0	0	440	236	0	0	728	170	92	0	100	0	1720	0	3312	216	198	0	0	0	0	0	0	0	14656	190	84	0	138	100	8374	7894	0	4654	25092	1508	7010	0	3604	0	670	0	9020	624	324	0	1270	0	1474	0	25310	674	756	0	0	0	246	0	232	0	0	0	5762	544	130	0	188	106	9338	386	240	0	5584	7328	2910	0	3264	0	1138	0	1208	0	548	0	14466	214	2270	0	0	0	0	0	1726	0	3822	0	148	0	0	0	0	0	144	0	0	0	198	0	0	0	0	0	
388920	Hippocampus_R	372	6024	484	3232	0	0	0	1206	0	0	0	920	0	80	0	0	0	742	266	472	0	108	0	100	0	0	0	0	252	7606	0	168	0	154	4016	7896	4654	0	3594	36390	0	10950	108	4020	150	852	952	7434	0	156	0	214	0	1882	756	32638	0	268	0	0	0	0	0	190	0	0	916	6176	0	98	78	380	106	10440	0	750	1108	7872	244	496	0	5184	0	1094	0	1700	0	334	432	14078	144	590	0	0	0	0	92	1624	184	490	0	0	0	0	0	0	0	0	0	0	544	0	0	0	0	0	
224996	ParaHippocampal_L	700	1348	1268	872	0	0	0	206	0	0	0	130	0	0	122	0	142	0	762	0	234	0	0	0	0	0	0	0	2840	148	0	0	110	0	5730	5148	25092	3594	0	1366	3738	0	2568	0	418	0	9856	534	212	0	1156	0	1012	0	14554	612	146	0	0	0	0	0	0	0	0	0	3980	486	84	0	0	0	2946	346	96	0	2688	4400	262	0	250	0	968	0	106	0	702	0	4342	184	1534	0	0	0	0	0	1524	0	2526	0	128	0	0	0	0	0	146	0	0	0	182	0	0	0	0	0	
305840	ParaHippocampal_R	0	2338	0	922	0	0	0	638	0	0	0	466	0	0	0	202	0	362	0	98	0	378	0	0	0	0	0	0	0	3384	0	0	0	96	886	3942	1508	36390	1366	0	0	10554	132	2918	166	856	700	8798	0	262	0	200	0	1556	376	32264	0	0	0	0	0	0	0	0	0	0	404	4802	0	0	0	132	0	5890	0	678	490	2866	0	152	0	1570	0	3676	0	548	0	2192	0	6810	154	1362	0	260	0	82	156	4508	212	1764	0	0	0	176	0	344	0	0	0	0	908	384	154	196	292	0	
42568	Amygdala_L	0	0	0	0	0	0	0	0	0	0	0	0	0	0	0	0	0	0	0	0	186	0	0	0	0	0	0	0	1288	0	0	0	0	0	0	0	7010	0	3738	0	0	0	0	0	0	0	0	0	0	0	0	0	0	0	4634	0	0	0	0	0	0	0	0	0	0	0	0	0	0	0	0	0	478	0	0	0	104	0	0	0	0	0	516	0	0	0	190	0	1288	0	320	0	0	0	0	0	398	0	780	0	124	0	0	0	0	0	136	0	0	0	94	0	0	0	0	0	
74616	Amygdala_R	0	0	0	0	0	0	0	0	0	0	0	84	0	0	0	0	0	0	0	0	0	454	0	0	0	0	0	0	0	888	0	0	0	0	0	0	0	10950	0	10554	0	0	0	0	0	0	0	0	0	0	0	0	0	0	0	7492	0	0	0	0	0	0	0	0	0	0	0	0	0	0	0	88	0	1296	0	0	0	0	0	0	0	0	0	2616	0	0	0	826	0	1772	0	0	0	0	0	0	0	288	0	0	0	0	0	0	0	0	0	0	0	0	0	0	0	0	0	0	
375604	Calcarine_L	190	0	0	0	0	0	0	0	0	0	0	0	0	0	0	0	170	0	0	0	0	0	0	0	0	0	0	0	342	0	0	0	436	284	5166	554	3604	108	2568	132	0	0	0	14090	25000	9004	27714	4786	16074	2528	28142	326	7828	152	4092	224	544	0	174	0	170	0	0	0	158	0	16576	3472	854	0	0	0	0	0	0	0	150	170	476	0	0	0	0	0	1246	0	0	0	2330	0	1076	324	290	0	0	0	514	170	2040	576	0	0	0	0	0	0	0	0	0	0	1610	1140	228	0	0	0	
501480	Calcarine_R	108	424	82	0	0	0	0	0	0	0	0	0	0	0	0	0	0	146	102	2408	0	0	0	0	0	0	0	0	0	2094	0	0	468	7046	576	6202	0	4020	0	2918	0	0	14090	0	11210	33476	4348	33468	2962	19414	1016	15270	268	6298	324	9444	0	1754	0	292	0	0	0	678	0	242	6774	33112	194	6022	0	0	0	84	0	0	0	94	0	368	0	2586	0	0	0	4250	0	0	0	4578	342	342	138	0	0	0	600	1550	1410	1036	0	0	0	0	0	0	0	0	0	0	3654	2222	236	0	0	0	
329412	Cuneus_L	378	0	0	0	0	0	0	0	0	0	0	0	0	0	0	0	108	0	0	98	0	0	0	0	0	0	0	0	98	0	0	0	1320	330	4288	688	670	150	418	166	0	0	25000	11210	0	14478	4396	2488	30600	4088	13818	824	1196	204	938	190	1948	0	1752	0	914	0	0	0	238	0	26794	6074	5756	0	0	0	0	0	0	0	0	0	130	0	0	0	0	0	194	0	0	0	1568	94	0	0	0	0	0	0	0	104	158	0	0	0	0	0	0	0	0	0	0	0	622	218	0	0	0	0	
407264	Cuneus_R	0	256	0	0	0	0	0	0	0	0	0	0	0	0	0	0	0	0	0	434	0	0	0	0	0	0	0	0	0	186	0	0	674	4442	898	3060	0	852	0	856	0	0	9004	33476	14478	0	1114	10454	3674	33782	906	16384	0	2326	0	2992	0	1076	596	3848	0	170	0	278	0	258	14530	33270	0	2826	0	0	0	0	0	0	0	0	0	0	0	328	0	0	0	1408	0	0	0	1226	90	104	0	0	0	0	120	318	460	196	0	0	0	0	0	0	0	0	0	0	1460	738	84	0	0	0	
550176	Lingual_L	458	254	574	176	0	0	0	0	0	0	0	0	0	0	0	0	0	0	368	0	0	0	0	0	0	0	0	0	464	0	0	0	168	122	2140	1596	9020	952	9856	700	0	0	27714	4348	4396	1114	0	7398	3100	816	25824	610	19576	910	34828	1966	124	0	0	0	0	0	0	0	0	0	6384	1126	178	0	0	0	750	0	0	0	1640	1568	280	0	88	0	0	0	256	0	0	0	2544	104	11650	4154	3196	266	442	1436	18532	3290	24472	6688	304	0	170	0	320	910	120	0	328	2268	10952	8050	1878	290	656	226	
466764	Lingual_R	0	510	0	330	0	0	0	96	0	0	0	0	0	0	0	0	0	0	0	410	0	0	0	0	0	0	0	0	0	1184	0	0	110	1058	356	3798	624	7434	534	8798	0	0	4786	33468	2488	10454	7398	0	540	9770	410	7290	564	9238	1554	24508	0	104	0	132	0	0	0	0	0	0	1868	10754	0	574	0	0	0	348	0	0	166	1902	0	0	0	1252	0	0	0	430	0	0	0	2262	2814	3786	646	140	512	130	5990	10514	8058	10340	212	0	0	0	990	400	148	0	0	368	15028	12550	2250	302	444	258	
270724	Occipital_Sup_L	372	0	0	0	0	0	0	0	0	0	0	0	0	0	0	0	214	0	0	0	0	0	0	0	0	0	0	0	270	0	0	0	1132	0	2162	84	324	0	212	0	0	0	16074	2962	30600	3674	3100	540	0	806	30892	92	798	0	566	0	2356	0	8144	92	4910	0	76	0	1146	0	16290	1864	3628	0	0	0	0	0	0	0	0	0	278	0	86	0	0	0	780	0	0	0	652	0	0	0	0	0	0	0	0	0	90	0	0	0	0	0	0	0	0	0	0	0	96	0	0	0	0	0	
304784	Occipital_Sup_R	0	0	0	0	0	0	0	0	0	0	0	0	0	0	0	0	0	0	0	0	0	0	0	0	0	0	0	0	0	0	0	0	378	1602	328	356	0	156	0	262	0	0	2528	19414	4088	33782	816	9770	806	0	236	26088	0	3302	0	2178	0	442	226	9728	0	1556	0	170	0	5020	7184	15420	0	1044	0	0	0	0	0	0	0	0	0	0	0	386	0	0	0	670	0	0	0	816	184	190	0	0	0	0	148	144	644	368	0	0	0	0	0	0	0	0	0	0	618	1156	188	0	0	0	
608488	Occipital_Mid_L	1230	100	140	0	0	0	0	0	0	0	0	0	0	0	0	0	2458	0	96	434	0	0	0	0	0	0	0	0	2882	0	0	0	1998	124	2110	206	1270	0	1156	0	0	0	28142	1016	13818	906	25824	410	30892	236	0	0	29072	0	14526	134	13874	0	17152	0	20088	0	3392	0	15864	0	12418	950	8070	0	0	0	0	0	0	0	0	130	4908	0	2518	0	0	0	18230	0	0	0	12656	0	2254	770	1194	0	0	210	1758	300	4298	936	0	0	0	0	0	88	0	0	0	276	1182	1316	232	0	0	0	
340600	Occipital_Mid_R	0	1558	0	0	0	0	0	0	0	0	0	0	0	0	0	0	0	80	0	776	0	0	0	0	0	0	0	0	0	156	0	0	368	4104	210	592	0	214	0	200	0	0	326	15270	824	16384	610	7290	92	26088	0	0	0	8828	0	4416	0	4634	0	3532	0	4840	0	686	0	14058	2642	21002	82	4304	0	0	0	0	0	0	0	0	0	0	0	1010	0	0	0	15994	0	0	0	3840	226	294	112	0	0	0	196	340	720	1058	0	0	0	0	0	0	0	0	0	0	592	1516	236	0	0	0	
283960	Occipital_Inf_L	386	0	466	0	0	0	0	0	0	0	0	0	0	0	0	0	422	0	300	0	0	0	0	0	0	0	0	0	1160	0	0	0	0	0	508	86	1474	0	1012	0	0	0	7828	268	1196	0	19576	564	798	0	29072	0	0	84	23684	216	344	0	0	0	348	0	248	0	92	0	1500	0	310	0	0	0	210	0	0	0	0	78	2050	0	660	0	0	0	3106	0	0	0	9654	0	7584	1174	2194	0	0	472	4116	716	10606	1500	0	0	0	0	0	352	0	0	0	600	2410	1918	288	112	238	0	
152784	Occipital_Inf_R	0	464	0	298	0	0	0	0	0	0	0	0	0	0	0	0	0	0	0	146	0	0	0	0	0	0	0	0	0	550	0	0	0	278	0	182	0	1882	0	1556	0	0	152	6298	204	2326	910	9238	0	3302	0	8828	84	0	192	13056	0	126	0	0	0	0	0	0	0	0	240	2380	0	270	0	0	0	102	0	0	0	0	0	86	0	370	0	0	0	1626	0	0	0	5948	592	1066	306	0	0	0	580	1522	1568	4178	0	0	0	0	0	0	0	0	0	0	1844	3018	624	0	0	0	
716304	Fusiform_L	2398	342	3194	196	0	0	0	0	0	0	350	0	128	0	0	0	960	0	2172	0	104	0	0	0	0	0	0	0	9544	0	0	0	0	0	968	1248	25310	756	14554	376	4634	0	4092	324	938	0	34828	1554	566	0	14526	0	23684	192	0	676	552	0	136	0	710	0	334	0	304	0	2016	194	516	0	80	0	4352	0	0	0	1026	1200	1286	0	3584	0	2630	0	3286	0	2108	0	33476	0	33622	4050	3468	308	426	1794	27492	2546	49532	4966	1496	0	858	162	1078	1272	818	0	312	2574	7512	5288	636	510	804	224	
564160	Fusiform_R	0	2278	0	892	0	0	0	486	0	0	0	344	0	0	0	0	0	398	0	492	0	0	0	0	0	0	0	0	0	4474	0	0	0	206	394	1974	674	32638	612	32264	0	7492	224	9444	190	2992	1966	24508	0	2178	134	4416	216	13056	676	0	0	334	0	94	0	0	0	182	0	0	334	3958	0	464	0	98	0	4930	0	564	230	1730	0	268	0	3976	0	6606	0	2028	0	4616	0	22426	1074	12382	488	424	0	970	1998	17298	3158	23624	0	258	0	426	128	650	0	0	0	940	11076	6596	1156	378	600	0	
295936	Postcentral_L	22842	232	1310	288	0	0	866	0	0	0	2624	0	794	0	0	0	9744	0	1722	3448	0	0	0	0	0	0	0	0	3708	0	0	0	804	2118	394	104	756	0	146	0	0	0	544	0	1948	0	124	0	2356	0	13874	0	344	0	552	0	0	0	11494	0	19400	0	9160	0	2314	0	5736	348	11814	0	2128	0	804	0	0	0	266	180	3100	0	6574	0	138	0	1570	0	0	0	1300	0	0	0	0	0	0	0	0	0	0	0	0	0	0	0	0	0	0	0	0	0	0	0	0	0	0	0	
206164	Postcentral_R	0	15334	0	100	0	0	0	766	0	0	0	940	0	0	0	0	0	3860	80	1100	0	0	0	0	0	0	0	0	0	908	0	0	0	4156	0	188	0	268	0	0	0	0	0	1754	0	1076	0	104	0	442	0	4634	0	126	0	334	0	0	0	6508	0	10006	0	19512	0	1828	358	9290	0	7740	0	338	0	470	0	0	0	412	0	1056	0	2946	0	0	0	4212	0	0	0	2236	0	0	0	0	0	0	0	0	0	0	0	0	0	0	0	0	0	0	0	0	0	0	0	0	0	0	
187612	Parietal_Sup_L	162	0	0	0	0	0	0	0	0	0	0	0	0	0	0	0	520	0	0	240	0	0	0	0	0	0	0	0	218	0	0	0	1360	178	728	78	0	0	0	0	0	0	174	0	1752	596	0	0	8144	226	17152	0	0	0	136	0	11494	0	0	272	19284	0	1500	0	4030	0	16690	3186	3198	0	0	0	0	0	0	0	0	0	184	0	956	0	0	0	600	0	0	0	748	0	0	0	0	0	0	0	0	0	0	0	0	0	0	0	0	0	0	0	0	0	0	0	0	0	0	0	
123352	Parietal_Sup_R	0	112	0	0	0	0	0	0	0	0	0	0	0	0	0	0	0	0	0	0	0	0	0	0	0	0	0	0	0	0	0	0	370	1170	0	286	0	0	0	0	0	0	0	292	0	3848	0	132	92	9728	0	3532	0	0	0	94	0	6508	272	0	0	7538	0	1186	0	8164	2492	10970	0	2256	0	0	0	0	0	0	0	0	0	0	0	856	0	0	0	1134	0	0	0	644	0	0	0	0	0	0	0	0	0	0	0	0	0	0	0	0	0	0	0	0	0	0	0	0	0	0	
273236	Parietal_Inf_L	1010	188	424	220	0	0	0	0	0	0	0	0	0	0	0	0	2208	0	304	336	0	0	0	0	0	0	0	0	1746	0	0	0	594	0	344	82	246	0	0	0	0	0	170	0	914	0	0	0	4910	0	20088	0	348	0	710	0	19400	0	19284	0	0	0	22746	0	16400	0	2558	130	2440	0	90	0	0	0	0	0	0	92	2274	0	3116	0	0	0	7622	0	0	0	5624	0	0	0	0	0	0	0	0	0	0	0	0	0	0	0	0	0	0	0	0	0	0	0	0	0	0	0	
118552	Parietal_Inf_R	0	1070	0	0	0	0	0	0	0	0	0	0	0	0	0	0	0	520	0	0	0	0	0	0	0	0	0	0	0	0	0	0	0	266	0	0	0	0	0	0	0	0	0	0	0	170	0	0	0	1556	0	4840	0	0	0	0	0	10006	0	7538	0	0	0	13334	0	15020	152	1240	0	286	0	0	0	0	0	0	0	0	0	164	0	1768	0	0	0	734	0	0	0	612	0	0	0	0	0	0	0	0	0	0	0	0	0	0	0	0	0	0	0	0	0	0	0	0	0	0	
179592	SupraMarginal_L	596	164	398	176	0	0	0	0	0	0	0	0	0	0	0	0	4070	0	336	256	0	0	0	0	0	0	0	0	1614	0	0	0	0	0	0	88	232	0	0	0	0	0	0	0	0	0	0	0	76	0	3392	0	248	0	334	0	9160	0	1500	0	22746	0	0	0	10546	0	374	0	274	0	144	0	0	0	0	0	0	90	2528	0	11354	0	0	0	12564	0	0	0	6536	0	0	0	0	0	0	0	0	0	0	0	0	0	0	0	0	0	0	0	0	0	0	0	0	0	0	0	
138300	SupraMarginal_R	0	3180	0	0	0	0	0	108	0	0	0	0	0	0	0	0	0	5192	0	112	0	0	0	0	0	0	0	0	0	358	0	0	0	382	0	0	0	190	0	0	0	0	0	678	0	278	0	0	0	170	0	686	0	0	0	182	0	19512	0	1186	0	13334	0	0	0	5360	0	1066	0	492	0	168	0	108	0	0	0	204	0	1228	0	8334	0	0	0	2510	0	0	0	4132	0	0	0	0	0	0	0	0	0	0	0	0	0	0	0	0	0	0	0	0	0	0	0	0	0	0	
144212	Angular_L	102	0	0	0	0	0	0	0	0	0	0	0	0	0	0	0	370	0	0	0	0	0	0	0	0	0	0	0	254	0	0	0	0	0	0	0	0	0	0	0	0	0	158	0	238	0	0	0	1146	0	15864	0	92	0	304	0	2314	0	4030	0	16400	0	10546	0	0	0	328	0	440	0	0	0	0	0	0	0	0	0	628	0	4582	0	0	0	10680	0	0	0	3630	0	0	0	0	0	0	0	0	0	0	0	0	0	0	0	0	0	0	0	0	0	0	0	0	0	0	0	
134776	Angular_R	0	116	0	0	0	0	0	0	0	0	0	0	0	0	0	0	0	120	0	0	0	0	0	0	0	0	0	0	0	0	0	0	0	262	0	0	0	0	0	0	0	0	0	242	0	258	0	0	0	5020	0	14058	0	0	0	0	0	1828	0	8164	0	15020	0	5360	0	0	166	1382	0	156	0	0	0	0	0	0	0	0	0	108	0	4982	0	0	0	8280	0	0	0	1866	0	0	0	0	0	0	0	0	0	0	0	0	0	0	0	0	0	0	0	0	0	0	0	0	0	0	
497320	Precuneus_L	1122	282	490	340	0	0	0	0	0	0	86	0	0	0	0	0	560	0	980	1152	0	0	0	0	0	0	0	0	358	0	0	214	15156	5882	16708	4554	5762	916	3980	404	0	0	16576	6774	26794	14530	6384	1868	16290	7184	12418	2642	1500	240	2016	334	5736	358	16690	2492	2558	152	374	0	328	166	0	26250	10700	1326	0	0	0	0	0	0	148	340	422	0	570	158	0	0	378	338	0	0	2664	406	80	0	0	0	0	0	126	138	182	0	0	0	0	0	0	0	0	0	0	0	916	168	0	0	0	0	
617976	Precuneus_R	270	2346	188	132	0	0	0	0	0	0	0	0	0	0	0	0	76	280	254	4786	0	0	0	0	0	0	0	0	0	1196	0	0	5434	24316	3734	14828	544	6176	486	4802	0	0	3472	33112	6074	33270	1126	10754	1864	15420	950	21002	0	2380	194	3958	348	9290	3186	10970	130	1240	0	1066	0	1382	26250	0	850	15312	0	0	0	198	0	0	84	502	0	256	0	3844	0	0	0	16588	0	0	144	9202	78	124	0	0	0	0	0	1496	126	132	0	0	0	0	0	0	0	0	0	0	2766	0	0	0	0	0	
187056	Paracentral_Lobule_L	10362	314	1846	308	0	0	640	0	0	0	238	0	0	0	0	0	386	0	4554	5898	0	0	0	0	0	0	0	0	626	0	0	0	6692	2948	5546	266	130	0	84	0	0	0	854	194	5756	0	178	0	3628	0	8070	82	310	0	516	0	11814	0	3198	0	2440	0	274	0	440	0	10700	850	0	934	0	0	0	0	0	0	0	0	386	0	252	0	0	0	662	160	0	0	874	118	0	0	0	0	0	0	0	0	0	0	0	0	0	0	0	0	0	0	0	0	0	0	0	0	0	0	
170392	Paracentral_Lobule_R	790	2608	398	0	0	0	0	0	0	0	0	0	0	0	0	0	0	236	402	10410	0	0	0	0	0	0	0	0	0	150	0	0	686	14112	738	3560	0	98	0	0	0	0	0	6022	0	2826	0	574	0	1044	0	4304	0	270	0	464	0	7740	0	2256	0	286	0	492	0	156	1326	15312	934	0	0	0	0	0	0	0	0	0	0	140	0	578	0	0	0	3644	0	0	0	2640	0	0	0	0	0	0	0	0	0	0	0	0	0	0	0	0	0	0	0	0	0	0	0	0	0	0	
341228	Caudate_L	3958	338	18476	5014	2240	0	1840	632	756	0	2548	1386	378	2712	818	0	2168	306	13828	3640	6700	5394	1036	648	610	312	3040	106	4152	2452	12898	5420	460	540	0	0	188	78	0	0	0	0	0	0	0	0	0	0	0	0	0	0	0	0	80	0	2128	0	0	0	90	0	144	0	0	0	0	0	0	0	0	17772	22198	6688	4592	3620	4904	2268	156	0	394	0	428	0	80	0	0	0	0	0	0	0	0	0	0	0	0	0	0	0	0	0	0	0	0	0	0	0	0	0	0	0	0	0	0	0	
377108	Caudate_R	958	3774	2946	12160	142	4192	602	1758	0	1346	470	4974	120	1062	0	2232	366	3106	2064	3962	3134	10128	272	5284	106	5552	434	4472	736	9284	4772	19096	0	0	0	198	106	380	0	132	0	88	0	0	0	0	0	0	0	0	0	0	0	0	0	98	0	338	0	0	0	0	0	168	0	0	0	0	0	0	17772	0	9876	22806	2866	4146	2348	16734	0	128	0	236	0	630	0	0	0	0	0	0	0	0	0	0	0	0	0	0	0	0	0	0	0	0	0	0	0	0	0	0	0	0	0	0	0	0	
349944	Putamen_L	4192	172	16630	498	4552	0	720	138	1198	0	2518	254	576	772	3870	0	5922	0	7156	740	4086	4504	3186	142	478	108	2084	0	18780	732	13066	3014	290	224	0	88	9338	106	2946	0	478	0	0	0	0	0	750	0	0	0	0	0	210	0	4352	0	804	0	0	0	0	0	0	0	0	0	0	0	0	0	22198	9876	0	4952	6244	2950	1632	230	210	0	1868	0	1390	0	266	0	0	0	2494	0	254	0	0	0	0	0	276	0	458	0	0	0	0	0	0	0	0	0	0	0	0	0	0	0	0	0	
330484	Putamen_R	0	5878	640	4452	98	4560	0	3554	0	1754	0	4800	0	602	0	4020	164	5940	440	936	1294	3610	0	2432	0	4176	210	2546	262	25426	3742	10962	0	0	278	460	386	10440	346	5890	0	1296	0	84	0	0	0	348	0	0	0	0	0	102	0	4930	0	470	0	0	0	0	0	108	0	0	0	198	0	0	6688	22806	4952	0	1646	3280	188	2876	0	370	0	1986	0	504	0	444	0	0	0	1376	0	0	0	0	0	0	0	214	0	78	0	0	0	0	0	0	0	0	0	0	0	0	0	0	0	0	
53988	Pallidum_L	220	0	4476	0	0	0	106	0	0	0	288	0	0	0	0	0	276	0	1446	142	0	258	92	0	0	0	0	0	410	0	292	252	0	0	0	0	240	0	96	0	0	0	0	0	0	0	0	0	0	0	0	0	0	0	0	0	0	0	0	0	0	0	0	0	0	0	0	0	0	0	4592	2866	6244	1646	0	1582	1274	196	0	0	0	0	0	0	0	0	0	0	0	0	0	0	0	0	0	0	0	0	0	0	0	0	0	0	0	0	0	0	0	0	0	0	0	0	0	0	
44092	Pallidum_R	0	146	256	188	0	0	0	0	0	0	0	0	0	0	0	0	0	126	104	210	388	1552	0	0	0	0	0	0	0	96	598	812	0	0	0	0	0	750	0	678	0	0	0	0	0	0	0	0	0	0	0	0	0	0	0	564	0	0	0	0	0	0	0	0	0	0	0	0	0	0	3620	4146	2950	3280	1582	0	0	0	0	0	0	0	0	0	0	0	0	0	0	0	0	0	0	0	0	0	0	0	0	0	0	0	0	0	0	0	0	0	0	0	0	0	0	0	0	0	
198544	Thalamus_L	15124	2808	5524	2254	0	0	11100	144	0	0	6822	216	1774	0	0	0	308	86	2110	2586	0	0	252	0	0	0	0	0	3220	322	416	0	0	0	1036	3860	5584	1108	2688	490	104	0	150	0	0	0	1640	166	0	0	0	0	0	0	1026	230	266	0	0	0	0	0	0	0	0	0	148	84	0	0	4904	2348	1632	188	1274	0	0	13552	424	0	248	0	0	0	118	0	0	0	382	98	226	0	0	0	0	0	0	0	232	0	0	0	0	0	0	0	0	0	0	0	0	0	0	0	0	0	
270560	Thalamus_R	4084	10434	3032	11030	0	0	2612	1900	0	0	1020	2288	420	128	0	0	138	2144	2190	3230	0	0	0	530	0	0	0	0	1286	4348	136	1388	108	0	4068	7848	7328	7872	4400	2866	0	0	170	94	0	0	1568	1902	0	0	130	0	78	0	1200	1730	180	412	0	0	92	0	90	204	0	0	340	502	0	0	2268	16734	230	2876	196	0	13552	0	772	76	172	246	0	0	148	184	0	0	692	772	258	80	0	0	0	0	90	0	294	0	0	0	0	0	0	0	0	0	0	0	120	0	0	0	0	0	
152184	Heschl_L	2806	838	1346	622	0	0	180	0	0	0	1146	0	0	0	0	0	9290	0	1376	1464	0	0	0	0	0	0	0	0	9858	0	0	0	0	1024	572	814	2910	244	262	0	0	0	476	0	130	0	280	0	278	0	4908	0	2050	0	1286	0	3100	0	184	0	2274	0	2528	0	628	0	422	0	386	0	156	0	210	0	0	0	424	772	0	0	7344	0	110	0	5932	0	0	0	7462	0	0	0	0	0	0	0	0	0	0	0	0	0	0	0	0	0	0	0	0	0	0	0	0	0	0	0	
48924	Heschl_R	0	268	0	124	0	0	0	0	0	0	0	202	0	0	0	0	0	5778	0	0	0	0	0	0	0	0	0	0	0	3804	0	0	0	0	0	0	0	496	0	152	0	0	0	368	0	0	0	0	0	0	0	0	0	86	0	268	0	1056	0	0	0	164	0	1228	0	108	0	256	0	140	0	128	0	370	0	0	0	76	0	0	0	6394	0	0	0	1144	0	0	0	1776	0	76	0	0	0	0	0	0	0	0	0	0	0	0	0	0	0	0	0	0	0	0	0	0	0	0	
266856	Temporal_Sup_L	3908	164	2174	152	108	0	238	0	0	0	3836	0	862	0	618	0	15156	0	1080	878	0	0	542	0	0	0	0	0	12698	0	854	148	78	656	0	160	3264	0	250	0	0	0	0	0	0	0	88	0	86	0	2518	0	660	0	3584	0	6574	0	956	0	3116	0	11354	0	4582	0	570	0	252	0	394	0	1868	0	0	0	248	172	7344	0	0	0	5682	0	20496	0	160	0	13694	0	468	0	0	0	0	0	180	0	558	0	0	0	0	0	0	0	0	0	0	0	0	0	0	0	0	0	
218488	Temporal_Sup_R	0	826	0	186	0	0	0	264	0	0	0	486	0	0	0	0	0	8702	0	96	0	0	0	0	0	0	0	0	0	12898	0	88	0	708	0	156	0	5184	0	1570	0	0	0	2586	0	328	0	1252	0	386	0	1010	0	370	0	3976	0	2946	0	856	0	1768	0	8334	0	4982	158	3844	0	578	0	236	0	1986	0	0	0	246	0	6394	0	0	0	1632	0	20826	0	306	0	12516	0	478	0	0	0	0	0	86	0	0	0	0	0	0	0	0	0	0	0	0	0	0	0	0	0	0	
124748	Temporal_Pole_Sup_L	192	0	996	0	952	0	450	0	172	0	4476	0	1976	0	2180	0	2808	0	252	108	986	0	732	0	0	0	142	0	8050	0	1444	354	0	0	0	0	1138	0	968	0	516	0	0	0	0	0	0	0	0	0	0	0	0	0	2630	0	138	0	0	0	0	0	0	0	0	0	0	0	0	0	428	0	1390	0	0	0	0	0	110	0	5682	0	0	0	8892	0	6510	0	7624	0	0	0	0	0	0	0	0	0	78	0	0	0	0	0	0	0	0	0	0	0	0	0	0	0	0	0	
82000	Temporal_Pole_Sup_R	0	0	0	328	0	144	0	0	0	0	0	2226	0	876	0	1274	0	814	0	0	0	300	0	200	0	0	0	0	0	3702	0	384	0	0	0	0	0	1094	0	3676	0	2616	0	0	0	0	0	0	0	0	0	0	0	0	0	6606	0	0	0	0	0	0	0	0	0	0	0	0	0	0	0	630	0	504	0	0	0	0	0	0	0	1632	0	0	0	3286	0	6864	0	3844	0	0	0	0	0	0	0	0	0	0	0	0	0	0	0	0	0	0	0	0	0	0	0	0	0	0	
306712	Temporal_Mid_L	724	126	402	98	0	0	0	0	0	0	190	0	0	0	0	0	2894	0	134	78	0	0	0	0	0	0	0	0	3710	0	0	0	0	0	94	146	1208	0	106	0	0	0	1246	0	194	0	256	0	780	0	18230	0	3106	0	3286	0	1570	0	600	0	7622	0	12564	0	10680	0	378	0	662	0	80	0	266	0	0	0	118	148	5932	0	20496	0	8892	0	0	0	6324	0	39624	0	248	0	0	0	0	0	0	0	144	0	0	0	0	0	0	0	0	0	0	0	0	0	0	0	0	0	
263884	Temporal_Mid_R	0	1524	0	0	0	0	0	0	0	0	0	0	0	0	0	118	0	1412	0	952	0	0	0	0	0	0	0	0	0	3464	0	0	0	4154	80	400	0	1700	0	548	0	0	0	4250	0	1408	0	430	0	670	0	15994	0	1626	0	2028	0	4212	0	1134	0	734	0	2510	0	8280	338	16588	160	3644	0	0	0	444	0	0	0	184	0	1144	0	20826	0	3286	0	0	0	2638	0	24686	0	376	0	0	0	0	0	0	0	0	0	0	0	0	0	0	0	0	0	0	0	0	0	0	0	0	
47232	Temporal_Pole_Mid_L	0	0	0	0	0	0	0	0	0	0	0	0	0	0	0	0	0	0	0	0	0	0	0	0	0	0	0	0	552	0	0	0	0	0	0	0	548	0	702	0	190	0	0	0	0	0	0	0	0	0	0	0	0	0	2108	0	0	0	0	0	0	0	0	0	0	0	0	0	0	0	0	0	0	0	0	0	0	0	0	0	160	0	6510	0	6324	0	0	0	6522	0	0	0	0	0	0	0	0	0	0	0	0	0	0	0	0	0	0	0	0	0	0	0	0	0	0	0	
42836	Temporal_Pole_Mid_R	0	0	0	0	0	0	0	0	0	0	0	0	0	0	0	0	0	0	0	0	0	0	0	0	0	0	0	0	0	0	0	0	0	0	0	0	0	334	0	2192	0	826	0	0	0	0	0	0	0	0	0	0	0	0	0	4616	0	0	0	0	0	0	0	0	0	0	0	0	0	0	0	0	0	0	0	0	0	0	0	0	0	306	0	6864	0	2638	0	0	0	3642	0	0	0	0	0	0	0	0	0	0	0	0	0	0	0	0	0	0	0	0	0	0	0	0	0	0	
442084	Temporal_Inf_L	2880	410	2306	250	0	0	0	0	0	0	462	0	156	0	0	0	3030	0	1264	0	0	0	0	0	0	0	0	0	9362	0	0	0	84	0	1176	738	14466	432	4342	0	1288	0	2330	0	1568	0	2544	0	652	0	12656	0	9654	0	33476	0	1300	0	748	0	5624	0	6536	0	3630	0	2664	144	874	0	0	0	2494	0	0	0	382	692	7462	0	13694	0	7624	0	39624	0	6522	0	0	0	6710	0	314	0	0	0	1812	0	6166	0	174	0	84	0	0	0	128	0	0	0	114	0	0	0	0	0	
306608	Temporal_Inf_R	0	1038	0	190	0	0	0	118	0	0	0	120	0	0	0	0	0	910	0	1626	0	0	0	0	0	0	0	0	0	6434	0	0	0	2194	156	924	214	14078	184	6810	0	1772	0	4578	94	1226	104	2262	0	816	0	3840	0	5948	0	22426	0	2236	0	644	0	612	0	4132	0	1866	406	9202	118	2640	0	0	0	1376	0	0	98	772	0	1776	0	12516	0	3844	0	24686	0	3642	0	0	0	2844	0	0	0	0	0	424	0	640	0	258	0	300	0	0	0	0	0	0	128	82	0	0	0	0	
608848	Cerebelum_Crus1_L	0	0	200	0	0	0	0	0	0	0	0	0	0	0	0	0	0	0	144	0	0	0	0	0	0	0	0	0	474	0	0	0	0	0	0	286	2270	144	1534	154	320	0	1076	342	0	90	11650	2814	0	184	2254	226	7584	592	33622	1074	0	0	0	0	0	0	0	0	0	0	80	78	0	0	0	0	254	0	0	0	226	258	0	0	468	0	0	0	248	0	0	0	6710	0	0	8998	33218	5592	486	1098	19502	1430	62108	8958	18130	1522	19338	3320	5062	2136	2446	84	168	1646	4452	10648	12446	3238	2814	228	
592708	Cerebelum_Crus1_R	0	0	0	0	0	0	0	0	0	0	0	0	0	0	0	0	0	0	0	0	0	0	0	0	0	0	0	0	0	148	0	0	0	0	0	0	0	590	0	1362	0	0	324	342	0	104	4154	3786	0	190	770	294	1174	1066	4050	12382	0	0	0	0	0	0	0	0	0	0	0	124	0	0	0	0	0	0	0	0	0	80	0	76	0	478	0	0	0	376	0	0	0	2844	8998	0	4002	28718	352	4530	6832	24682	11646	62752	1482	12138	1266	16940	596	7510	152	566	512	6304	16852	20054	11096	6604	6832	224	
352292	Cerebelum_Crus2_L	0	0	0	0	0	0	0	0	0	0	0	0	0	0	0	0	0	0	0	0	0	0	0	0	0	0	0	0	0	0	0	0	0	0	0	0	0	0	0	0	0	0	290	138	0	0	3196	646	0	0	1194	112	2194	306	3468	488	0	0	0	0	0	0	0	0	0	0	0	0	0	0	0	0	0	0	0	0	0	0	0	0	0	0	0	0	0	0	0	0	314	0	33218	4002	0	10692	124	92	1976	248	9362	3192	35468	5382	28170	6860	3500	966	1070	0	0	126	386	2500	11224	3934	1220	88	
346064	Cerebelum_Crus2_R	0	0	0	0	0	0	0	0	0	0	0	0	0	0	0	0	0	0	0	0	0	0	0	0	0	0	0	0	0	0	0	0	0	0	0	0	0	0	0	260	0	0	0	0	0	0	266	140	0	0	0	0	0	0	308	424	0	0	0	0	0	0	0	0	0	0	0	0	0	0	0	0	0	0	0	0	0	0	0	0	0	0	0	0	0	0	0	0	0	0	5592	28718	10692	0	116	726	940	2758	1676	11450	7412	27508	5290	30914	698	6810	180	260	144	908	1964	5290	11864	6068	3488	168	
41064	Cerebelum_3_L	0	0	0	0	0	0	0	0	0	0	0	0	0	0	0	0	0	0	0	0	0	0	0	0	0	0	0	0	0	0	0	0	0	0	0	0	0	0	0	0	0	0	0	0	0	0	442	512	0	0	0	0	0	0	426	0	0	0	0	0	0	0	0	0	0	0	0	0	0	0	0	0	0	0	0	0	0	0	0	0	0	0	0	0	0	0	0	0	0	0	486	352	124	116	0	154	6580	434	1008	422	106	0	260	0	2010	288	308	0	862	2586	2136	392	0	164	256	108	
105164	Cerebelum_3_R	0	0	0	0	0	0	0	0	0	0	0	0	0	0	0	0	0	0	0	0	0	0	0	0	0	0	0	0	0	0	0	0	0	0	0	0	0	0	0	82	0	0	0	0	0	0	1436	130	0	0	210	0	472	0	1794	970	0	0	0	0	0	0	0	0	0	0	0	0	0	0	0	0	0	0	0	0	0	0	0	0	0	0	0	0	0	0	0	0	0	0	1098	4530	92	726	154	0	2922	7912	1944	7860	0	156	0	336	260	2170	0	196	1100	8526	3858	1334	314	838	1016	146	
450536	Cerebelum_4_5_L	0	0	204	0	0	0	0	0	0	0	0	0	0	0	0	0	0	0	162	0	0	0	0	0	0	0	0	0	324	0	0	0	0	0	0	0	1726	92	1524	156	398	0	514	600	0	120	18532	5990	0	148	1758	196	4116	580	27492	1998	0	0	0	0	0	0	0	0	0	0	126	0	0	0	0	0	276	0	0	0	0	90	0	0	180	0	0	0	0	0	0	0	1812	0	19502	6832	1976	940	6580	2922	0	7962	39676	9298	2362	0	1552	308	6510	2950	2160	0	1092	6344	24904	7090	288	938	2194	1774	
376664	Cerebelum_4_5_R	0	0	0	0	0	0	0	0	0	0	0	0	0	0	0	0	0	0	0	0	0	0	0	0	0	0	0	0	0	142	0	0	0	0	0	270	0	1624	0	4508	0	288	170	1550	104	318	3290	10514	0	144	300	340	716	1522	2546	17298	0	0	0	0	0	0	0	0	0	0	138	1496	0	0	0	0	0	214	0	0	0	0	0	0	0	86	0	0	0	0	0	0	0	424	1430	24682	248	2758	434	7912	7962	0	4154	39108	86	492	86	980	642	3880	150	290	288	6812	25518	5942	1082	2002	3100	292	
702328	Cerebelum_6_L	90	0	316	0	0	0	0	0	0	0	0	0	0	0	0	0	0	0	232	0	0	0	0	0	0	0	0	0	758	0	0	0	0	0	92	312	3822	184	2526	212	780	0	2040	1410	158	460	24472	8058	90	644	4298	720	10606	1568	49532	3158	0	0	0	0	0	0	0	0	0	0	182	126	0	0	0	0	458	0	0	0	232	294	0	0	558	0	78	0	144	0	0	0	6166	0	62108	11646	9362	1676	1008	1944	39676	4154	0	14642	7540	118	7540	1076	6076	3166	3018	130	372	3108	14838	20118	6220	2908	3380	564	
655792	Cerebelum_6_R	0	0	0	0	0	0	0	0	0	0	0	0	0	0	0	0	0	0	0	0	0	0	0	0	0	0	0	0	0	0	0	0	0	0	0	0	0	490	0	1764	0	0	576	1036	0	196	6688	10340	0	368	936	1058	1500	4178	4966	23624	0	0	0	0	0	0	0	0	0	0	0	132	0	0	0	0	0	78	0	0	0	0	0	0	0	0	0	0	0	0	0	0	0	640	8958	62752	3192	11450	422	7860	9298	39108	14642	0	1306	3742	1082	7210	582	7704	110	1274	624	7902	26670	26376	11972	7136	7748	206	
290152	Cerebelum_7b_L	0	0	0	0	0	0	0	0	0	0	0	0	0	0	0	0	0	0	0	0	0	0	0	0	0	0	0	0	0	0	0	0	0	0	0	0	148	0	128	0	124	0	0	0	0	0	304	212	0	0	0	0	0	0	1496	0	0	0	0	0	0	0	0	0	0	0	0	0	0	0	0	0	0	0	0	0	0	0	0	0	0	0	0	0	0	0	0	0	174	0	18130	1482	35468	7412	106	0	2362	86	7540	1306	0	4054	34558	5982	6532	1028	2554	0	0	0	622	968	6426	4814	972	88	
205196	Cerebelum_7b_R	0	0	0	0	0	0	0	0	0	0	0	0	0	0	0	0	0	0	0	0	0	0	0	0	0	0	0	0	0	0	0	0	0	0	0	0	0	0	0	0	0	0	0	0	0	0	0	0	0	0	0	0	0	0	0	258	0	0	0	0	0	0	0	0	0	0	0	0	0	0	0	0	0	0	0	0	0	0	0	0	0	0	0	0	0	0	0	0	0	258	1522	12138	5382	27508	0	156	0	492	118	3742	4054	0	2790	31928	186	4284	0	0	0	162	94	346	3844	2992	344	0	
306236	Cerebelum_8_L	0	0	0	0	0	0	0	0	0	0	0	0	0	0	0	0	0	0	0	0	0	0	0	0	0	0	0	0	0	0	0	0	0	0	0	0	0	0	0	0	0	0	0	0	0	0	170	0	0	0	0	0	0	0	858	0	0	0	0	0	0	0	0	0	0	0	0	0	0	0	0	0	0	0	0	0	0	0	0	0	0	0	0	0	0	0	0	0	84	0	19338	1266	28170	5290	260	0	1552	86	7540	1082	34558	2790	0	5752	18176	2960	4270	0	0	90	276	1206	5712	8026	3488	118	
307336	Cerebelum_8_R	0	0	0	0	0	0	0	0	0	0	0	0	0	0	0	0	0	0	0	0	0	0	0	0	0	0	0	0	0	0	0	0	0	0	0	0	0	0	0	176	0	0	0	0	0	0	0	0	0	0	0	0	0	0	162	426	0	0	0	0	0	0	0	0	0	0	0	0	0	0	0	0	0	0	0	0	0	0	0	0	0	0	0	0	0	0	0	0	0	300	3320	16940	6860	30914	0	336	308	980	1076	7210	5982	31928	5752	0	1238	16328	270	262	0	344	326	3106	8820	7360	2860	84	
167532	Cerebelum_9_L	0	0	0	0	0	0	0	0	0	0	0	0	0	0	0	0	0	0	0	0	0	0	0	0	0	0	0	0	0	0	0	0	0	0	0	0	0	0	0	0	0	0	0	0	0	0	320	990	0	0	0	0	0	0	1078	128	0	0	0	0	0	0	0	0	0	0	0	0	0	0	0	0	0	0	0	0	0	0	0	0	0	0	0	0	0	0	0	0	0	0	5062	596	3500	698	2010	260	6510	642	6076	582	6532	186	18176	1238	0	3442	6124	0	426	932	4300	2832	1758	3972	4320	1076	
235088	Cerebelum_9_R	0	0	0	0	0	0	0	0	0	0	0	0	0	0	0	0	0	0	0	0	0	0	0	0	0	0	0	0	0	0	0	0	0	0	0	0	0	0	0	344	0	0	0	0	0	0	910	400	0	0	88	0	352	0	1272	650	0	0	0	0	0	0	0	0	0	0	0	0	0	0	0	0	0	0	0	0	0	0	0	0	0	0	0	0	0	0	0	0	0	0	2136	7510	966	6810	288	2170	2950	3880	3166	7704	1028	4284	2960	16328	3442	0	512	1442	666	2610	4618	9886	4364	10116	12428	1264	
55396	Cerebelum_10_L	0	0	0	0	0	0	0	0	0	0	0	0	0	0	0	0	0	0	0	0	0	0	0	0	0	0	0	0	0	0	0	0	0	0	0	0	144	0	146	0	136	0	0	0	0	0	120	148	0	0	0	0	0	0	818	0	0	0	0	0	0	0	0	0	0	0	0	0	0	0	0	0	0	0	0	0	0	0	0	0	0	0	0	0	0	0	0	0	128	0	2446	152	1070	180	308	0	2160	150	3018	110	2554	0	4270	270	6124	512	0	0	0	106	616	680	132	456	540	204	
14504	Cerebelum_10_R	0	0	0	0	0	0	0	0	0	0	0	0	0	0	0	0	0	0	0	0	0	0	0	0	0	0	0	0	0	0	0	0	0	0	0	0	0	0	0	0	0	0	0	0	0	0	0	0	0	0	0	0	0	0	0	0	0	0	0	0	0	0	0	0	0	0	0	0	0	0	0	0	0	0	0	0	0	0	0	0	0	0	0	0	0	0	0	0	0	0	84	566	0	260	0	196	0	290	130	1274	0	0	0	262	0	1442	0	0	0	204	190	724	286	596	748	0	
28596	Vermis_1_2	0	0	0	0	0	0	0	0	0	0	0	0	0	0	0	0	0	0	0	0	0	0	0	0	0	0	0	0	0	0	0	0	0	0	0	0	0	0	0	0	0	0	0	0	0	0	328	0	0	0	0	0	0	0	312	0	0	0	0	0	0	0	0	0	0	0	0	0	0	0	0	0	0	0	0	0	0	0	0	0	0	0	0	0	0	0	0	0	0	0	168	512	0	144	862	1100	1092	288	372	624	0	0	0	0	426	666	0	0	0	4722	1176	528	0	334	430	214	
147176	Vermis_3	0	0	0	0	0	0	0	0	0	0	0	0	0	0	0	0	0	0	0	0	0	0	0	0	0	0	0	0	0	0	0	0	0	0	0	0	0	0	0	0	0	0	0	0	0	0	2268	368	0	0	276	0	600	0	2574	940	0	0	0	0	0	0	0	0	0	0	0	0	0	0	0	0	0	0	0	0	0	0	0	0	0	0	0	0	0	0	0	0	0	0	1646	6304	126	908	2586	8526	6344	6812	3108	7902	0	162	90	344	932	2610	106	204	4722	0	8520	1788	312	976	1242	292	
460476	Vermis_4_5	0	0	0	0	0	0	0	0	0	0	0	0	0	0	0	0	0	0	0	0	0	0	0	0	0	0	0	0	0	0	0	0	0	162	280	1092	198	544	182	908	94	0	1610	3654	622	1460	10952	15028	96	618	1182	592	2410	1844	7512	11076	0	0	0	0	0	0	0	0	0	0	916	2766	0	0	0	0	0	0	0	0	0	120	0	0	0	0	0	0	0	0	0	0	114	128	4452	16852	386	1964	2136	3858	24904	25518	14838	26670	622	94	276	326	4300	4618	616	190	1176	8520	0	13392	570	1834	3604	2362	
430712	Vermis_6	0	0	0	0	0	0	0	0	0	0	0	0	0	0	0	0	0	0	0	0	0	0	0	0	0	0	0	0	0	0	0	0	0	0	0	0	0	0	0	384	0	0	1140	2222	218	738	8050	12550	0	1156	1316	1516	1918	3018	5288	6596	0	0	0	0	0	0	0	0	0	0	168	0	0	0	0	0	0	0	0	0	0	0	0	0	0	0	0	0	0	0	0	0	0	82	10648	20054	2500	5290	392	1334	7090	5942	20118	26376	968	346	1206	3106	2832	9886	680	724	528	1788	13392	0	10816	9122	11244	2614	
263036	Vermis_7	0	0	0	0	0	0	0	0	0	0	0	0	0	0	0	0	0	0	0	0	0	0	0	0	0	0	0	0	0	0	0	0	0	0	0	0	0	0	0	154	0	0	228	236	0	84	1878	2250	0	188	232	236	288	624	636	1156	0	0	0	0	0	0	0	0	0	0	0	0	0	0	0	0	0	0	0	0	0	0	0	0	0	0	0	0	0	0	0	0	0	0	12446	11096	11224	11864	0	314	288	1082	6220	11972	6426	3844	5712	8820	1758	4364	132	286	0	312	570	10816	0	7594	5936	252	
213828	Vermis_8	0	0	0	0	0	0	0	0	0	0	0	0	0	0	0	0	0	0	0	0	0	0	0	0	0	0	0	0	0	0	0	0	0	0	0	0	0	0	0	196	0	0	0	0	0	0	290	302	0	0	0	0	112	0	510	378	0	0	0	0	0	0	0	0	0	0	0	0	0	0	0	0	0	0	0	0	0	0	0	0	0	0	0	0	0	0	0	0	0	0	3238	6604	3934	6068	164	838	938	2002	2908	7136	4814	2992	8026	7360	3972	10116	456	596	334	976	1834	9122	7594	0	12654	450	
194024	Vermis_9	0	0	0	0	0	0	0	0	0	0	0	0	0	0	0	0	0	0	0	0	0	0	0	0	0	0	0	0	0	0	0	0	0	0	0	0	0	0	0	292	0	0	0	0	0	0	656	444	0	0	0	0	238	0	804	600	0	0	0	0	0	0	0	0	0	0	0	0	0	0	0	0	0	0	0	0	0	0	0	0	0	0	0	0	0	0	0	0	0	0	2814	6832	1220	3488	256	1016	2194	3100	3380	7748	972	344	3488	2860	4320	12428	540	748	430	1242	3604	11244	5936	12654	0	1120	
29288	Vermis_10	0	0	0	0	0	0	0	0	0	0	0	0	0	0	0	0	0	0	0	0	0	0	0	0	0	0	0	0	0	0	0	0	0	0	0	0	0	0	0	0	0	0	0	0	0	0	226	258	0	0	0	0	0	0	224	0	0	0	0	0	0	0	0	0	0	0	0	0	0	0	0	0	0	0	0	0	0	0	0	0	0	0	0	0	0	0	0	0	0	0	228	224	88	168	108	146	1774	292	564	206	88	0	118	84	1076	1264	204	0	214	292	2362	2614	252	450	1120	0	
