data	data	451000	467856	872448	836912	114108	142052	518012	254768	46280	11308	225660	156212	352656	166956	190704	51756	166668	139920	663224	841840	50596	52332	425916	302364	21264	82068	43784	36604	677676	307880	311320	524544	167328	536784	131164	167892	291432	376372	98448	270476	46928	67840	218276	276796	116084	210908	256460	245216	168840	189052	372692	138332	105856	64320	448456	458528	387796	374804	145972	181672	237092	165108	181836	123348	168676	132332	250808	330980	316600	253092	234604	460492	303296	372948	51720	21176	109316	94504	77568	25200	194308	139968	78960	48932	309528	231312	16056	12812	347820	177168	493700	427432	380508	325884	27860	44360	334068	216004	472060	410672	218444	101444	364148	261856	83324	102468	17312	17600	17484	27912	290696	175572	205896	191176	94840	39004	
data	data	Precentral_L	Precentral_R	Frontal_Sup_L	Frontal_Sup_R	Frontal_Sup_Orb_L	Frontal_Sup_Orb_R	Frontal_Mid_L	Frontal_Mid_R	Frontal_Mid_Orb_L	Frontal_Mid_Orb_R	Frontal_Inf_Oper_L	Frontal_Inf_Oper_R	Frontal_Inf_Tri_L	Frontal_Inf_Tri_R	Frontal_Inf_Orb_L	Frontal_Inf_Orb_R	Rolandic_Oper_L	Rolandic_Oper_R	Supp_Motor_Area_L	Supp_Motor_Area_R	Olfactory_L	Olfactory_R	Frontal_Sup_Medial_L	Frontal_Sup_Medial_R	Frontal_Med_Orb_L	Frontal_Med_Orb_R	Rectus_L	Rectus_R	Insula_L	Insula_R	Cingulum_Ant_L	Cingulum_Ant_R	Cingulum_Mid_L	Cingulum_Mid_R	Cingulum_Post_L	Cingulum_Post_R	Hippocampus_L	Hippocampus_R	ParaHippocampal_L	ParaHippocampal_R	Amygdala_L	Amygdala_R	Calcarine_L	Calcarine_R	Cuneus_L	Cuneus_R	Lingual_L	Lingual_R	Occipital_Sup_L	Occipital_Sup_R	Occipital_Mid_L	Occipital_Mid_R	Occipital_Inf_L	Occipital_Inf_R	Fusiform_L	Fusiform_R	Postcentral_L	Postcentral_R	Parietal_Sup_L	Parietal_Sup_R	Parietal_Inf_L	Parietal_Inf_R	SupraMarginal_L	SupraMarginal_R	Angular_L	Angular_R	Precuneus_L	Precuneus_R	Paracentral_Lobule_L	Paracentral_Lobule_R	Caudate_L	Caudate_R	Putamen_L	Putamen_R	Pallidum_L	Pallidum_R	Thalamus_L	Thalamus_R	Heschl_L	Heschl_R	Temporal_Sup_L	Temporal_Sup_R	Temporal_Pole_Sup_L	Temporal_Pole_Sup_R	Temporal_Mid_L	Temporal_Mid_R	Temporal_Pole_Mid_L	Temporal_Pole_Mid_R	Temporal_Inf_L	Temporal_Inf_R	Cerebelum_Crus1_L	Cerebelum_Crus1_R	Cerebelum_Crus2_L	Cerebelum_Crus2_R	Cerebelum_3_L	Cerebelum_3_R	Cerebelum_4_5_L	Cerebelum_4_5_R	Cerebelum_6_L	Cerebelum_6_R	Cerebelum_7b_L	Cerebelum_7b_R	Cerebelum_8_L	Cerebelum_8_R	Cerebelum_9_L	Cerebelum_9_R	Cerebelum_10_L	Cerebelum_10_R	Vermis_1_2	Vermis_3	Vermis_4_5	Vermis_6	Vermis_7	Vermis_8	Vermis_9	Vermis_10	
451000	Precentral_L	0	3258	10236	962	0	0	16624	0	0	0	13788	0	1452	0	0	0	10626	0	10882	5036	0	0	1584	78	0	0	0	0	14418	172	1220	346	0	2716	536	1748	12668	2436	3456	1558	0	0	144	0	0	0	732	326	0	0	1034	0	718	0	3956	1244	35476	0	836	0	3572	0	2816	0	0	0	1000	276	15562	2038	2146	1214	8002	72	2058	108	12548	0	4846	0	4194	70	0	0	1576	0	0	0	2888	0	0	0	0	0	0	0	0	0	0	0	0	0	0	0	0	0	0	0	0	0	248	0	0	0	0	0	
467856	Precentral_R	3258	0	4688	10758	0	0	1072	5970	0	0	80	10506	0	2712	0	0	0	1622	8830	40260	0	0	622	170	0	0	0	0	112	4740	388	602	3646	19296	758	1358	600	9700	0	5344	0	126	0	820	0	0	0	0	0	0	0	114	0	74	0	6822	1216	11030	0	232	122	278	0	768	0	0	124	1386	11630	24150	1962	9560	676	6902	1020	916	1404	11214	0	566	0	1150	0	0	0	1452	0	0	0	1122	0	0	0	0	0	0	0	0	0	0	0	0	0	0	0	0	0	0	0	0	0	0	0	0	0	0	
872448	Frontal_Sup_L	10236	4688	0	13390	7524	136	67870	118	2224	0	9988	510	32212	124	15630	0	4434	538	60034	21040	0	0	49802	2124	254	0	196	0	38296	854	23386	7464	1564	5088	0	0	3014	704	72	400	0	0	0	210	0	0	0	0	0	0	186	0	0	0	1884	808	4192	1286	0	122	70	138	0	86	0	0	0	332	628	288	13456	6934	10796	744	3934	98	238	496	536	0	1682	108	394	148	236	408	0	0	1258	614	0	0	0	0	0	0	0	0	0	0	0	0	0	0	0	0	0	0	0	0	0	0	0	0	0	0	
836912	Frontal_Sup_R	962	10758	13390	0	0	7800	3442	40560	0	288	1822	15044	1984	18136	72	2084	302	14280	19914	63008	0	0	11710	34146	0	2558	0	0	2418	22834	4854	46420	2920	19812	0	0	0	3584	0	2030	0	0	0	0	0	0	0	0	0	0	0	0	0	0	0	610	180	346	0	0	0	0	0	0	0	0	0	0	534	218	1266	26052	446	17942	134	372	0	660	0	416	74	1888	0	186	0	0	0	0	0	0	0	0	0	0	0	0	0	0	0	0	0	0	0	0	0	0	0	0	0	0	0	0	0	0	0	0	
114108	Frontal_Sup_Orb_L	0	0	7524	0	0	0	1338	0	6820	0	0	0	3630	0	8768	0	0	0	208	0	1352	630	2146	0	1012	0	4064	124	10282	0	1836	160	0	0	0	0	134	0	0	0	0	0	0	0	0	0	0	0	0	0	0	0	0	0	0	0	0	0	0	0	0	0	0	0	0	0	0	0	0	0	504	448	5812	0	0	0	0	0	0	0	0	0	262	0	0	0	0	0	0	0	0	0	0	0	0	0	0	0	0	0	0	0	0	0	0	0	0	0	0	0	0	0	0	0	0	0	
142052	Frontal_Sup_Orb_R	0	0	136	7800	0	0	114	1776	0	3114	0	464	0	0	0	3612	0	522	106	1490	0	414	114	5716	202	8554	0	5366	86	2610	296	5426	0	0	0	0	0	0	0	0	0	0	0	0	0	0	0	0	0	0	0	0	0	0	0	0	0	0	0	0	0	0	0	0	0	0	0	0	0	0	0	10580	0	12528	0	0	0	0	0	0	0	0	0	0	0	0	0	0	0	0	0	0	0	0	0	0	0	0	0	0	0	0	0	0	0	0	0	0	0	0	0	0	0	0	0	0	
518012	Frontal_Mid_L	16624	1072	67870	3442	1338	114	0	0	1744	0	15244	198	38626	78	13082	0	6624	274	6972	3314	0	0	19786	680	72	0	162	0	32134	438	7586	1906	588	1068	0	0	432	100	0	0	0	0	0	0	0	0	0	0	0	0	0	0	0	0	698	116	544	590	0	0	0	0	0	0	0	0	0	0	0	0	4208	2830	836	184	0	0	2102	0	0	0	3430	0	790	0	0	0	0	0	1110	0	0	0	0	0	0	0	0	0	0	0	0	0	0	0	0	0	0	0	0	0	0	0	0	0	0	0	
254768	Frontal_Mid_R	0	5970	118	40560	0	1776	0	0	0	714	116	6630	92	17878	0	5916	0	5122	1452	7164	0	0	440	3326	0	368	0	0	74	11148	130	5012	144	2142	0	0	0	1638	0	1002	0	0	0	0	0	0	0	0	0	0	0	0	0	0	0	346	0	534	0	0	0	0	0	0	0	0	0	0	0	0	0	1982	0	4412	0	0	0	92	0	112	0	974	0	0	0	0	0	0	0	0	0	0	0	0	0	0	0	0	0	0	0	0	0	0	0	0	0	0	0	0	0	0	0	0	0	0	
46280	Frontal_Mid_Orb_L	0	0	2224	0	6820	0	1744	0	0	0	0	0	638	0	7432	0	0	0	0	0	0	0	0	0	90	0	906	0	1612	0	0	0	0	0	0	0	0	0	0	0	0	0	0	0	0	0	0	0	0	0	0	0	0	0	0	0	0	0	0	0	0	0	0	0	0	0	0	0	0	0	0	0	1674	0	0	0	0	0	0	0	0	0	0	0	0	0	0	0	0	0	0	0	0	0	0	0	0	0	0	0	0	0	0	0	0	0	0	0	0	0	0	0	0	0	0	0	
11308	Frontal_Mid_Orb_R	0	0	0	288	0	3114	0	714	0	0	0	0	0	0	0	1322	0	0	0	0	0	0	0	0	0	0	0	216	0	0	0	0	0	0	0	0	0	0	0	0	0	0	0	0	0	0	0	0	0	0	0	0	0	0	0	0	0	0	0	0	0	0	0	0	0	0	0	0	0	0	0	0	0	0	0	0	0	0	0	0	0	0	0	0	0	0	0	0	0	0	0	0	0	0	0	0	0	0	0	0	0	0	0	0	0	0	0	0	0	0	0	0	0	0	0	0	
225660	Frontal_Inf_Oper_L	13788	80	9988	1822	0	0	15244	116	0	0	0	86	16856	0	762	0	10250	0	1194	1522	0	0	1838	84	0	0	0	0	16640	300	2070	654	0	86	0	0	618	0	0	0	0	0	0	0	0	0	0	0	0	0	166	0	0	0	524	0	4040	0	0	0	0	0	0	0	0	0	0	0	0	0	1014	3742	1452	484	540	0	128	0	186	0	4006	0	1352	0	330	0	0	0	868	0	0	0	0	0	0	0	0	0	0	0	0	0	0	0	0	0	0	0	0	0	0	0	0	0	0	0	
156212	Frontal_Inf_Oper_R	0	10506	510	15044	0	464	198	6630	0	0	86	0	80	6574	0	0	0	6066	1116	8210	0	0	0	828	0	176	0	0	148	6780	0	1532	0	134	0	0	0	1226	0	710	0	0	0	0	0	0	0	0	0	0	0	0	0	0	0	534	0	472	0	0	0	0	0	0	0	0	0	0	0	0	0	4086	0	4040	0	342	0	270	0	0	0	308	0	662	0	0	0	0	0	374	0	0	0	0	0	0	0	0	0	0	0	0	0	0	0	0	0	0	0	0	0	0	0	0	0	0	
352656	Frontal_Inf_Tri_L	1452	0	32212	1984	3630	0	38626	92	638	0	16856	80	0	0	19674	0	1508	0	3558	1620	0	0	9264	156	0	0	84	0	32664	276	5586	796	150	146	0	0	0	0	0	0	0	0	0	0	0	0	0	0	0	0	0	0	0	0	0	0	0	0	0	0	0	0	0	0	0	0	0	0	0	0	410	3038	328	426	0	0	0	0	0	0	860	0	214	0	0	0	0	0	0	0	0	0	0	0	0	0	0	0	0	0	0	0	0	0	0	0	0	0	0	0	0	0	0	0	0	0	
166956	Frontal_Inf_Tri_R	0	2712	124	18136	0	0	78	17878	0	0	0	6574	0	0	0	3348	0	0	2240	5416	0	0	1464	2762	0	0	0	0	0	10704	166	5842	696	4664	0	0	0	0	0	0	0	0	0	0	0	0	0	0	0	0	0	0	0	0	0	0	0	0	0	0	0	0	0	0	0	0	0	0	0	0	0	206	0	468	0	0	0	0	0	0	0	0	0	0	0	0	0	0	0	0	0	0	0	0	0	0	0	0	0	0	0	0	0	0	0	0	0	0	0	0	0	0	0	0	0	0	
190704	Frontal_Inf_Orb_L	0	0	15630	72	8768	0	13082	0	7432	0	762	0	19674	0	0	0	0	0	1402	0	338	0	3294	72	0	0	112	0	18526	0	1064	94	146	112	0	0	136	0	0	0	72	0	0	0	0	0	0	0	0	0	0	0	0	0	0	0	0	0	0	0	0	0	0	0	0	0	0	0	0	0	0	0	4084	0	0	0	0	0	0	0	0	0	480	0	0	0	0	0	0	0	0	0	0	0	0	0	0	0	0	0	0	0	0	0	0	0	0	0	0	0	0	0	0	0	0	0	
51756	Frontal_Inf_Orb_R	0	0	0	2084	0	3612	0	5916	0	1322	0	0	0	3348	0	0	0	0	0	288	0	328	0	392	0	0	0	492	0	4778	0	138	0	0	0	0	0	0	0	0	0	72	0	0	0	0	0	0	0	0	0	0	0	0	0	0	0	0	0	0	0	0	0	0	0	0	0	0	0	0	0	258	0	1544	0	0	0	0	0	0	0	332	0	674	0	300	0	0	0	0	0	0	0	0	0	0	0	0	0	0	0	0	0	0	0	0	0	0	0	0	0	0	0	0	0	0	
166668	Rolandic_Oper_L	10626	0	4434	302	0	0	6624	0	0	0	10250	0	1508	0	0	0	0	0	5430	278	0	0	360	0	0	0	0	0	13798	70	462	86	0	0	0	0	614	0	0	0	0	0	0	0	0	0	0	0	0	0	0	0	0	0	172	0	9306	0	116	0	158	0	2362	0	0	0	0	0	0	0	320	562	460	0	156	0	0	0	3862	0	8916	0	1266	0	566	0	0	0	270	0	0	0	0	0	0	0	0	0	0	0	0	0	0	0	0	0	0	0	0	0	0	0	0	0	0	0	
139920	Rolandic_Oper_R	0	1622	538	14280	0	522	274	5122	0	0	0	6066	0	0	0	0	0	0	562	7440	0	0	0	538	0	210	0	0	122	14464	0	588	0	562	0	0	0	808	0	642	0	0	0	0	0	0	0	0	0	0	0	0	0	0	0	242	0	3270	0	0	0	0	0	1342	0	0	0	0	0	688	118	2086	0	2848	0	0	0	0	0	1384	0	2898	0	638	0	86	0	0	0	0	0	0	0	0	0	0	0	0	0	0	0	0	0	0	0	0	0	0	0	0	0	0	0	0	0	0	
663224	Supp_Motor_Area_L	10882	8830	60034	19914	208	106	6972	1452	0	0	1194	1116	3558	2240	1402	0	5430	562	0	54934	0	0	9624	3824	0	0	0	0	10166	1210	9184	15212	9430	25818	0	1162	3238	566	86	308	0	0	0	84	0	0	0	0	0	0	412	0	0	0	2500	450	6684	496	0	0	240	0	0	0	0	0	356	1044	16002	2772	9450	6074	7194	1016	2070	346	0	494	1870	0	656	0	0	130	552	76	0	0	1794	188	0	0	0	0	0	0	0	0	0	0	0	0	0	0	0	0	0	0	0	0	0	0	0	0	0	0	
841840	Supp_Motor_Area_R	5036	40260	21040	63008	0	1490	3314	7164	0	0	1522	8210	1620	5416	0	288	278	7440	54934	0	0	0	2106	9360	0	458	0	0	2124	6156	5072	26796	8464	49958	390	884	302	3054	0	1786	0	0	0	0	0	0	0	0	0	0	0	0	0	0	0	2012	1776	1470	210	74	328	92	0	580	0	0	292	746	19760	27544	660	15544	494	5012	590	80	840	2006	0	570	70	1216	0	94	0	744	0	0	0	186	0	0	0	0	0	0	0	0	0	0	0	0	0	0	0	0	0	0	0	0	0	0	0	0	0	0	
50596	Olfactory_L	0	0	0	0	1352	0	0	0	0	0	0	0	0	0	338	0	0	0	0	0	0	3892	0	0	470	90	2638	502	1390	0	2294	832	0	0	0	0	378	0	196	0	698	0	0	0	0	0	0	0	0	0	0	0	0	0	502	0	0	0	0	0	0	0	0	0	0	0	0	0	0	0	3788	3082	2096	336	0	152	0	0	0	0	0	0	272	0	0	0	0	0	0	0	0	0	0	0	0	0	0	0	0	0	0	0	0	0	0	0	0	0	0	0	0	0	0	0	0	0	
52332	Olfactory_R	0	0	0	0	630	414	0	0	0	0	0	0	0	0	0	328	0	0	0	0	3892	0	0	0	170	546	2242	1372	0	1832	1816	1134	0	0	0	0	0	0	0	110	0	750	0	0	0	0	0	0	0	0	0	0	0	0	0	0	0	0	0	0	0	0	0	0	0	0	0	0	0	0	3502	4500	1808	612	112	164	0	0	0	0	0	0	0	232	0	0	0	0	0	0	0	0	0	0	0	0	0	0	0	0	0	0	0	0	0	0	0	0	0	0	0	0	0	0	0	0	
425916	Frontal_Sup_Medial_L	1584	622	49802	11710	2146	114	19786	440	0	0	1838	0	9264	1464	3294	0	360	0	9624	2106	0	0	0	17884	764	78	122	0	13322	790	27502	15144	5906	12086	0	0	184	0	0	0	0	0	0	0	0	0	0	0	0	0	0	0	0	0	94	0	0	0	0	0	0	0	0	0	0	0	0	0	0	618	734	604	2670	112	0	0	0	0	0	0	104	0	86	0	0	0	0	0	0	0	0	0	0	0	0	0	0	0	0	0	0	0	0	0	0	0	0	0	0	0	0	0	0	0	0	0	
302364	Frontal_Sup_Medial_R	78	170	2124	34146	0	5716	680	3326	0	0	84	828	156	2762	72	392	0	538	3824	9360	0	0	17884	0	0	3744	0	0	204	4204	2794	26416	2764	15228	0	0	0	0	0	0	0	0	0	0	0	0	0	0	0	0	0	0	0	0	0	0	0	0	0	0	0	0	0	0	0	0	0	0	0	0	0	7482	0	6206	0	0	0	0	0	0	0	0	0	0	0	0	0	0	0	0	0	0	0	0	0	0	0	0	0	0	0	0	0	0	0	0	0	0	0	0	0	0	0	0	0	0	
21264	Frontal_Med_Orb_L	0	0	254	0	1012	202	72	0	90	0	0	0	0	0	0	0	0	0	0	0	470	170	764	0	0	426	2010	0	256	0	2812	0	0	0	0	0	0	0	0	0	0	0	0	0	0	0	0	0	0	0	0	0	0	0	0	0	0	0	0	0	0	0	0	0	0	0	0	0	0	0	964	132	998	0	0	0	0	0	0	0	0	0	0	0	0	0	0	0	0	0	0	0	0	0	0	0	0	0	0	0	0	0	0	0	0	0	0	0	0	0	0	0	0	0	0	0	
82068	Frontal_Med_Orb_R	0	0	0	2558	0	8554	0	368	0	0	0	176	0	0	0	0	0	210	0	458	90	546	78	3744	426	0	0	4448	0	340	470	5374	0	0	0	0	0	0	0	0	0	0	0	0	0	0	0	0	0	0	0	0	0	0	0	0	0	0	0	0	0	0	0	0	0	0	0	0	0	0	78	7272	70	5774	0	0	0	0	0	0	0	0	0	0	0	0	0	0	0	0	0	0	0	0	0	0	0	0	0	0	0	0	0	0	0	0	0	0	0	0	0	0	0	0	0	0	
43784	Rectus_L	0	0	196	0	4064	0	162	0	906	0	0	0	84	0	112	0	0	0	0	0	2638	2242	122	0	2010	0	0	390	716	0	3146	458	0	0	0	0	0	0	0	0	0	0	0	0	0	0	0	0	0	0	0	0	0	0	0	0	0	0	0	0	0	0	0	0	0	0	0	0	0	0	1718	1562	1366	0	0	0	0	0	0	0	0	0	0	0	0	0	0	0	0	0	0	0	0	0	0	0	0	0	0	0	0	0	0	0	0	0	0	0	0	0	0	0	0	0	0	0	
36604	Rectus_R	0	0	0	0	124	5366	0	0	0	216	0	0	0	0	0	492	0	0	0	0	502	1372	0	0	0	4448	390	0	0	624	616	1338	0	0	0	0	0	0	0	0	0	0	0	0	0	0	0	0	0	0	0	0	0	0	0	0	0	0	0	0	0	0	0	0	0	0	0	0	0	0	144	1458	134	1078	0	0	0	0	0	0	0	0	0	0	0	0	0	0	0	0	0	0	0	0	0	0	0	0	0	0	0	0	0	0	0	0	0	0	0	0	0	0	0	0	0	0	
677676	Insula_L	14418	112	38296	2418	10282	86	32134	74	1612	0	16640	148	32664	0	18526	0	13798	122	10166	2124	1390	0	13322	204	256	0	716	0	0	340	9228	820	158	276	126	96	19930	0	898	0	3066	0	0	0	0	0	108	0	0	0	0	0	306	0	12224	0	6670	0	0	0	0	0	132	0	0	0	0	0	0	0	5806	2748	19776	412	172	0	1504	0	7218	0	11532	0	7554	0	4012	0	330	0	13888	0	0	0	0	0	0	0	0	0	0	0	0	0	0	0	0	0	0	0	0	0	0	0	0	0	0	0	
307880	Insula_R	172	4740	854	22834	0	2610	438	11148	0	0	300	6780	276	10704	0	4778	70	14464	1210	6156	0	1832	790	4204	0	340	0	624	340	0	148	5172	324	1822	0	0	94	7432	0	3550	0	2022	0	0	0	0	0	0	0	0	0	0	0	0	0	2676	0	2438	0	102	0	134	0	70	0	0	0	0	222	94	294	4496	0	18724	296	0	268	174	0	1130	0	4332	0	1344	0	368	0	0	0	550	0	0	0	0	0	0	0	0	0	0	0	0	0	0	0	0	0	0	0	0	0	0	0	0	0	0	
311320	Cingulum_Ant_L	1220	388	23386	4854	1836	296	7586	130	0	0	2070	0	5586	166	1064	0	462	0	9184	5072	2294	1816	27502	2794	2812	470	3146	616	9228	148	0	14780	4352	4644	0	0	200	0	0	0	0	0	0	0	0	0	0	0	0	0	0	0	0	0	104	0	0	0	0	0	0	0	0	0	0	0	0	0	0	382	4888	3088	7652	1144	0	0	0	0	0	0	212	0	88	0	0	0	0	0	0	0	0	0	0	0	0	0	0	0	0	0	0	0	0	0	0	0	0	0	0	0	0	0	0	0	0	0	
524544	Cingulum_Ant_R	346	602	7464	46420	160	5426	1906	5012	0	0	654	1532	796	5842	94	138	86	588	15212	26796	832	1134	15144	26416	0	5374	458	1338	820	5172	14780	0	5678	26654	0	0	0	0	0	0	0	0	0	0	0	0	0	0	0	0	0	0	0	0	0	0	0	0	0	0	0	0	0	0	0	0	0	0	0	0	2410	23630	1770	11588	0	0	0	0	0	0	0	0	0	0	0	0	0	0	0	0	0	0	0	0	0	0	0	0	0	0	0	0	0	0	0	0	0	0	0	0	0	0	0	0	0	0	
167328	Cingulum_Mid_L	0	3646	1564	2920	0	0	588	144	0	0	0	0	150	696	146	0	0	0	9430	8464	0	0	5906	2764	0	0	0	0	158	324	4352	5678	0	16488	3570	2008	0	0	0	0	0	0	0	242	764	0	0	0	810	0	0	0	0	0	0	342	0	374	0	0	0	0	0	0	0	0	4772	626	2588	3932	0	0	0	0	0	0	0	0	0	0	0	0	0	0	0	110	0	0	0	108	0	0	0	0	0	0	0	0	0	0	0	0	0	0	0	0	0	0	0	0	0	0	0	0	0	0	
536784	Cingulum_Mid_R	2716	19296	5088	19812	0	0	1068	2142	0	0	86	134	146	4664	112	0	0	562	25818	49958	0	0	12086	15228	0	0	0	0	276	1822	4644	26654	16488	0	854	5206	216	1002	0	618	0	0	0	450	0	122	0	0	0	0	0	0	0	0	0	798	576	1968	70	0	148	84	0	368	0	0	1098	5494	15142	21946	116	0	358	0	508	0	680	0	0	462	0	798	0	0	0	510	0	0	0	0	0	0	0	0	0	0	0	0	0	0	0	0	0	0	0	0	0	0	0	0	0	0	0	0	0	0	
131164	Cingulum_Post_L	536	758	0	0	0	0	0	0	0	0	0	0	0	0	0	0	0	0	0	390	0	0	0	0	0	0	0	0	126	0	0	0	3570	854	0	13074	3404	126	2496	0	0	0	4854	956	586	0	1756	300	0	0	128	0	222	132	2264	2470	4338	1520	0	186	0	0	0	0	0	142	8008	3722	4250	836	0	0	0	0	0	0	518	0	132	0	0	0	0	0	92	768	0	0	0	826	0	0	0	0	0	0	214	0	0	0	0	0	0	0	0	0	0	0	0	0	1028	0	0	0	0	0	
167892	Cingulum_Post_R	1748	1358	0	0	0	0	0	0	0	0	0	0	0	0	0	0	0	0	1162	884	0	0	0	0	0	0	0	0	96	0	0	0	2008	5206	13074	0	2740	3310	1268	2052	0	0	0	3314	0	162	0	2208	0	0	0	136	0	238	1052	3676	4128	3206	0	192	0	94	0	0	0	194	1126	10768	7280	1998	148	0	0	0	0	0	3546	230	132	0	0	0	0	0	0	1152	0	0	0	1096	0	0	0	0	0	0	0	426	0	0	0	0	0	0	0	0	0	0	0	0	2538	0	0	0	0	0	
291432	Hippocampus_L	12668	600	3014	0	134	0	432	0	0	0	618	0	0	0	136	0	614	0	3238	302	378	0	184	0	0	0	0	0	19930	94	200	0	0	216	3404	2740	0	282	12430	140	8086	0	1104	0	0	0	2798	464	0	0	74	0	206	0	19530	112	3996	196	0	0	124	0	0	76	0	0	2476	1080	664	212	1418	0	13312	0	910	0	3906	0	4224	0	2118	0	2070	0	2104	0	338	0	11164	0	0	0	0	0	0	70	206	0	0	0	0	0	0	0	0	0	0	0	0	0	924	0	0	0	0	0	
376372	Hippocampus_R	2436	9700	704	3584	0	0	100	1638	0	0	0	1226	0	0	0	0	0	808	566	3054	0	0	0	0	0	0	0	0	0	7432	0	0	0	1002	126	3310	282	0	0	43738	0	11092	0	280	0	0	0	2482	0	0	0	0	0	0	0	40318	344	1330	0	0	0	0	0	280	0	0	0	1644	4210	1316	518	2980	70	21568	0	708	1784	3472	0	348	0	3386	0	3090	0	1410	0	266	0	4618	0	0	0	0	0	152	0	734	0	80	0	0	0	0	0	0	0	0	0	0	0	0	0	0	0	0	
98448	ParaHippocampal_L	3456	0	72	0	0	0	0	0	0	0	0	0	0	0	0	0	0	0	86	0	196	0	0	0	0	0	0	0	898	0	0	0	0	0	2496	1268	12430	0	0	0	902	0	1236	0	0	0	3992	288	0	0	0	0	130	0	8374	0	1868	0	0	0	128	0	0	0	0	0	2096	628	1092	0	0	0	2682	0	0	0	758	0	396	0	0	0	120	0	0	0	0	0	976	0	0	0	0	0	512	320	872	0	0	0	0	0	0	0	0	0	0	0	142	336	474	0	0	0	0	0	
270476	ParaHippocampal_R	1558	5344	400	2030	0	0	0	1002	0	0	0	710	0	0	0	0	0	642	308	1786	0	110	0	0	0	0	0	0	0	3550	0	0	0	618	0	2052	140	43738	0	0	0	5386	0	514	0	0	0	4406	0	0	0	0	0	0	0	28890	170	804	0	0	0	0	0	158	0	0	0	2394	2502	710	268	1774	0	12646	0	580	794	2164	0	314	0	1266	0	1440	0	560	0	508	0	1364	0	0	0	0	0	312	0	1242	0	84	0	0	0	0	0	0	0	0	0	0	0	0	0	0	0	0	
46928	Amygdala_L	0	0	0	0	0	0	0	0	0	0	0	0	0	0	72	0	0	0	0	0	698	0	0	0	0	0	0	0	3066	0	0	0	0	0	0	0	8086	0	902	0	0	0	0	0	0	0	0	0	0	0	0	0	0	0	4478	0	0	0	0	0	0	0	0	0	0	0	0	0	0	0	0	0	586	0	0	0	0	0	0	0	0	0	1224	0	304	0	258	0	3790	0	0	0	0	0	0	0	0	0	0	0	0	0	0	0	0	0	0	0	0	0	0	0	0	0	0	0	
67840	Amygdala_R	0	126	0	0	0	0	0	0	0	0	0	0	0	0	0	72	0	0	0	0	0	750	0	0	0	0	0	0	0	2022	0	0	0	0	0	0	0	11092	0	5386	0	0	0	0	0	0	0	0	0	0	0	0	0	0	0	6818	0	0	0	0	0	0	0	0	0	0	0	0	0	0	0	160	0	2616	0	0	0	200	0	0	0	0	0	3726	0	148	0	294	0	510	0	0	0	0	0	0	0	0	0	0	0	0	0	0	0	0	0	0	0	0	0	0	0	0	0	0	
218276	Calcarine_L	144	0	0	0	0	0	0	0	0	0	0	0	0	0	0	0	0	0	0	0	0	0	0	0	0	0	0	0	0	0	0	0	0	0	4854	0	1104	0	1236	0	0	0	0	7326	9062	4872	12980	1688	11970	2396	20390	130	2534	100	4562	0	2082	0	160	0	418	0	186	0	336	0	15522	430	1728	78	0	0	0	0	0	0	0	0	0	0	0	0	0	0	2366	0	0	0	270	0	0	0	0	0	0	0	214	0	0	0	0	0	0	0	0	0	0	0	0	0	0	0	0	0	0	0	
276796	Calcarine_R	0	820	210	0	0	0	0	0	0	0	0	0	0	0	0	0	0	0	84	0	0	0	0	0	0	0	0	0	0	0	0	0	242	450	956	3314	0	280	0	514	0	0	7326	0	1596	21708	404	13478	0	16660	0	8094	0	4972	0	5948	408	7870	0	2560	0	4938	0	1166	0	268	988	19670	1086	242	206	76	0	0	0	0	0	0	0	0	0	0	0	0	0	6522	0	0	0	5194	0	0	0	0	0	0	0	0	0	0	0	0	0	0	0	0	0	0	0	0	148	0	0	0	0	0	
116084	Cuneus_L	0	0	0	0	0	0	0	0	0	0	0	0	0	0	0	0	0	0	0	0	0	0	0	0	0	0	0	0	0	0	0	0	764	0	586	0	0	0	0	0	0	0	9062	1596	0	3248	780	0	18470	962	8068	186	220	0	104	0	540	0	3304	0	0	0	0	0	0	0	9010	848	166	0	0	0	0	0	0	0	0	0	0	0	0	0	0	0	128	0	0	0	0	0	0	0	0	0	0	0	0	0	0	0	0	0	0	0	0	0	0	0	0	0	0	0	0	0	0	0	
210908	Cuneus_R	0	0	0	0	0	0	0	0	0	0	0	0	0	0	0	0	0	0	0	0	0	0	0	0	0	0	0	0	0	0	0	0	0	122	0	162	0	0	0	0	0	0	4872	21708	3248	0	0	1164	130	24354	0	6322	0	1338	0	1068	0	9100	0	4070	0	2110	0	174	0	314	2472	18824	160	3180	0	0	0	0	0	0	0	0	0	0	0	94	0	0	0	260	0	0	0	208	0	0	0	0	0	0	0	0	0	0	0	0	0	0	0	0	0	0	0	0	0	0	0	0	0	0	
256460	Lingual_L	732	0	0	0	0	0	0	0	0	0	0	0	0	0	0	0	0	0	0	0	0	0	0	0	0	0	0	0	108	0	0	0	0	0	1756	0	2798	0	3992	0	0	0	12980	404	780	0	0	1514	4978	0	11890	0	4792	0	17040	406	298	0	0	0	0	0	0	0	0	0	4390	0	268	0	0	0	0	0	0	0	970	0	216	0	0	0	0	0	116	0	0	0	308	0	13992	1050	1526	102	0	0	13060	388	19468	1128	0	0	0	0	0	0	0	0	0	0	3828	2082	870	0	0	0	
245216	Lingual_R	326	0	0	0	0	0	0	0	0	0	0	0	0	0	0	0	0	0	0	0	0	0	0	0	0	0	0	0	0	0	0	0	0	0	300	2208	464	2482	288	4406	0	0	1688	13478	0	1164	1514	0	0	1480	0	2548	0	3196	968	13296	76	330	0	182	0	0	0	0	0	98	398	4608	82	0	0	0	90	74	0	0	636	336	0	0	0	0	0	0	0	556	0	0	0	420	2140	11550	1350	2148	0	246	1368	9018	3568	14200	0	0	486	360	528	0	0	0	0	0	7144	7006	3382	156	266	0	
168840	Occipital_Sup_L	0	0	0	0	0	0	0	0	0	0	0	0	0	0	0	0	0	0	0	0	0	0	0	0	0	0	0	0	0	0	0	0	810	0	0	0	0	0	0	0	0	0	11970	0	18470	130	4978	0	0	0	24696	0	566	0	978	0	0	0	7324	0	718	0	168	0	282	0	12426	256	0	0	0	0	0	0	0	0	0	0	0	0	0	0	0	0	648	0	0	0	0	0	0	0	0	0	0	0	0	0	0	0	0	0	0	0	0	0	0	0	0	0	0	0	0	0	0	0	
189052	Occipital_Sup_R	0	0	0	0	0	0	0	0	0	0	0	0	0	0	0	0	0	0	0	0	0	0	0	0	0	0	0	0	0	0	0	0	0	0	0	0	0	0	0	0	0	0	2396	16660	962	24354	0	1480	0	0	0	14364	0	2474	0	1386	0	5704	0	6322	0	1136	0	160	0	4482	644	8500	0	666	0	0	0	0	0	0	0	0	0	0	0	948	0	0	0	1498	0	0	0	390	0	0	0	0	0	0	0	0	0	0	0	0	0	0	0	0	0	0	0	0	0	0	0	0	0	0	
372692	Occipital_Mid_L	1034	0	186	0	0	0	0	0	0	0	166	0	0	0	0	0	0	0	412	0	0	0	0	0	0	0	0	0	0	0	0	0	0	0	128	0	74	0	0	0	0	0	20390	0	8068	0	11890	0	24696	0	0	0	15382	0	4570	0	5036	0	7890	0	15784	0	6888	0	22062	0	10402	0	308	0	0	0	0	0	0	0	0	0	0	0	106	0	0	0	23078	0	0	0	7576	0	86	0	0	0	0	0	0	0	134	0	0	0	0	0	0	0	0	0	0	0	0	0	0	0	0	0	
138332	Occipital_Mid_R	0	114	0	0	0	0	0	0	0	0	0	0	0	0	0	0	0	0	0	0	0	0	0	0	0	0	0	0	0	0	0	0	0	0	0	136	0	0	0	0	0	0	130	8094	186	6322	0	2548	0	14364	0	0	0	5474	0	2234	0	872	0	1330	0	3336	0	134	0	13060	226	1586	0	0	0	0	0	0	0	0	0	0	0	0	0	1020	0	0	0	7682	0	0	0	318	0	0	0	0	0	0	0	0	0	0	0	0	0	0	0	0	0	0	0	0	0	0	0	0	0	0	
105856	Occipital_Inf_L	718	0	0	0	0	0	0	0	0	0	0	0	0	0	0	0	0	0	0	0	0	0	0	0	0	0	0	0	306	0	0	0	0	0	222	0	206	0	130	0	0	0	2534	0	220	0	4792	0	566	0	15382	0	0	0	9242	0	916	0	0	0	108	0	522	0	642	0	880	0	224	0	0	0	0	0	0	0	0	0	154	0	0	0	0	0	6652	0	0	0	7838	0	440	0	0	0	0	0	0	0	234	0	0	0	0	0	0	0	0	0	0	0	0	0	0	0	0	0	
64320	Occipital_Inf_R	0	74	0	0	0	0	0	0	0	0	0	0	0	0	0	0	0	0	0	0	0	0	0	0	0	0	0	0	0	0	0	0	0	0	132	238	0	0	0	0	0	0	100	4972	0	1338	0	3196	0	2474	0	5474	0	0	0	4814	96	290	0	84	0	0	0	0	0	0	0	566	156	0	0	0	0	0	0	0	0	0	0	0	0	0	0	0	0	2886	0	0	0	4974	0	0	0	0	0	0	0	0	0	100	0	0	0	0	0	0	0	0	0	0	0	116	80	0	0	0	
448456	Fusiform_L	3956	0	1884	0	0	0	698	0	0	0	524	0	0	0	0	0	172	0	2500	0	502	0	94	0	0	0	0	0	12224	0	104	0	0	0	2264	1052	19530	0	8374	0	4478	0	4562	0	104	0	17040	968	978	0	4570	0	9242	0	0	394	3674	0	0	0	290	0	206	0	164	0	2650	626	790	0	1316	0	2918	0	0	0	974	0	2890	0	2738	0	1978	0	4578	0	1086	0	22860	0	22748	748	4200	150	0	0	13706	394	26854	792	972	0	2484	0	0	0	0	0	0	0	3982	992	254	0	0	0	
458528	Fusiform_R	1244	6822	808	610	0	0	116	346	0	0	0	534	0	0	0	0	0	242	450	2012	0	0	0	0	0	0	0	0	0	2676	0	0	342	798	2470	3676	112	40318	0	28890	0	6818	0	5948	0	1068	406	13296	0	1386	0	2234	0	4814	394	0	1046	2314	0	480	0	150	0	548	0	230	0	3866	4962	1892	684	1426	0	6102	0	166	204	768	0	344	0	3830	0	3792	0	4616	0	1374	0	12278	644	15838	294	4172	0	94	672	4458	1074	17104	0	0	198	562	0	0	0	0	0	0	1476	1874	902	0	0	0	
387796	Postcentral_L	35476	1216	4192	180	0	0	544	0	0	0	4040	0	0	0	0	0	9306	0	6684	1776	0	0	0	0	0	0	0	0	6670	0	0	0	0	576	4338	4128	3996	344	1868	170	0	0	2082	408	540	0	298	76	0	0	5036	0	916	96	3674	1046	0	496	12122	76	21434	0	13732	0	4794	0	8230	918	13360	342	610	0	1068	0	466	0	934	0	4886	0	4072	0	0	0	3400	316	0	0	2462	400	0	0	0	0	0	0	0	0	0	0	0	0	0	0	0	0	0	0	0	0	104	0	0	0	0	0	
374804	Postcentral_R	0	11030	1286	346	0	0	590	534	0	0	0	472	0	0	0	0	0	3270	496	1470	0	0	0	0	0	0	0	0	0	2438	0	0	374	1968	1520	3206	196	1330	0	804	0	0	0	7870	0	9100	0	330	0	5704	0	872	0	290	0	2314	496	0	0	27634	0	18004	0	16206	0	4914	76	25300	1518	7270	1250	564	96	692	280	0	434	0	0	538	0	3944	0	0	0	13770	0	0	0	6424	0	0	0	0	0	0	0	0	0	0	0	0	0	0	0	0	0	0	0	0	182	0	0	0	0	0	
145972	Parietal_Sup_L	836	0	0	0	0	0	0	0	0	0	0	0	0	0	0	0	116	0	0	210	0	0	0	0	0	0	0	0	0	0	0	0	0	70	0	0	0	0	0	0	0	0	160	0	3304	0	0	0	7324	0	7890	0	0	0	0	0	12122	0	0	0	15198	0	3930	0	5288	0	12326	110	2140	0	0	0	0	0	0	0	0	0	0	0	158	0	0	0	958	0	0	0	846	0	0	0	0	0	0	0	0	0	0	0	0	0	0	0	0	0	0	0	0	0	0	0	0	0	0	0	
181672	Parietal_Sup_R	0	232	122	0	0	0	0	0	0	0	0	0	0	0	0	0	0	0	0	74	0	0	0	0	0	0	0	0	0	102	0	0	0	0	186	192	0	0	0	0	0	0	0	2560	0	4070	0	182	0	6322	0	1330	0	84	0	480	76	27634	0	0	0	12736	0	3796	0	6404	0	10140	158	130	138	0	0	0	0	0	0	0	0	0	0	2052	0	0	0	8702	0	0	0	2934	0	0	0	0	0	0	0	0	0	0	0	0	0	0	0	0	0	0	0	0	0	0	0	0	0	0	
237092	Parietal_Inf_L	3572	122	70	0	0	0	0	0	0	0	0	0	0	0	0	0	158	0	240	328	0	0	0	0	0	0	0	0	0	0	0	0	0	148	0	0	124	0	128	0	0	0	418	0	0	0	0	0	718	0	15784	0	108	0	290	0	21434	0	15198	0	0	0	19368	0	22998	0	4024	0	2278	70	0	0	0	0	0	0	70	0	0	0	262	0	0	0	6298	0	0	0	4338	0	0	0	0	0	0	0	0	0	0	0	0	0	0	0	0	0	0	0	0	0	0	0	0	0	0	0	
165108	Parietal_Inf_R	0	278	138	0	0	0	0	0	0	0	0	0	0	0	0	0	0	0	0	92	0	0	0	0	0	0	0	0	0	134	0	0	0	84	0	94	0	0	0	0	0	0	0	4938	0	2110	0	0	0	1136	0	3336	0	0	0	150	0	18004	0	12736	0	0	0	12570	0	13926	0	6724	0	92	156	0	0	0	0	0	0	0	0	0	0	2084	0	0	0	2212	0	0	0	1560	0	0	0	0	0	0	0	0	0	0	0	0	0	0	0	0	0	0	0	0	0	0	0	0	0	0	
181836	SupraMarginal_L	2816	0	0	0	0	0	0	0	0	0	0	0	0	0	0	0	2362	0	0	0	0	0	0	0	0	0	0	0	132	0	0	0	0	0	0	0	0	0	0	0	0	0	186	0	0	0	0	0	168	0	6888	0	522	0	206	0	13732	0	3930	0	19368	0	0	0	12990	0	2302	0	1064	0	0	0	0	0	0	0	0	0	240	0	6074	0	0	0	11290	0	0	0	6648	0	0	0	0	0	0	0	0	0	0	0	0	0	0	0	0	0	0	0	0	0	0	0	0	0	0	0	
123348	SupraMarginal_R	0	768	86	0	0	0	0	0	0	0	0	0	0	0	0	0	0	1342	0	580	0	0	0	0	0	0	0	0	0	70	0	0	0	368	0	0	76	280	0	158	0	0	0	1166	0	174	0	0	0	160	0	134	0	0	0	548	0	16206	0	3796	0	12570	0	0	0	7188	0	1966	0	520	120	0	0	0	0	0	236	0	0	150	0	7124	0	0	0	4368	0	0	0	1520	0	0	0	0	0	0	0	0	0	0	0	0	0	0	0	0	0	0	0	0	0	0	0	0	0	0	
168676	Angular_L	0	0	0	0	0	0	0	0	0	0	0	0	0	0	0	0	0	0	0	0	0	0	0	0	0	0	0	0	0	0	0	0	0	0	0	0	0	0	0	0	0	0	336	0	0	0	0	0	282	0	22062	0	642	0	164	0	4794	0	5288	0	22998	0	12990	0	0	0	1952	0	180	0	0	0	0	0	0	0	0	0	0	0	584	0	0	0	9016	0	0	0	3050	0	0	0	0	0	0	0	0	0	0	0	0	0	0	0	0	0	0	0	0	0	0	0	0	0	0	0	
132332	Angular_R	0	0	0	0	0	0	0	0	0	0	0	0	0	0	0	0	0	0	0	0	0	0	0	0	0	0	0	0	0	0	0	0	0	0	142	194	0	0	0	0	0	0	0	268	0	314	0	98	0	4482	0	13060	0	0	0	230	0	4914	0	6404	0	13926	0	7188	0	0	0	1786	0	0	0	0	0	0	0	0	0	0	0	0	0	5294	0	0	0	7070	0	0	0	796	0	0	0	0	0	0	0	0	0	0	0	0	0	0	0	0	0	0	0	0	0	0	0	0	0	0	
250808	Precuneus_L	1000	124	0	0	0	0	0	0	0	0	0	0	0	0	0	0	0	0	356	292	0	0	0	0	0	0	0	0	0	0	0	0	4772	1098	8008	1126	2476	0	2096	0	0	0	15522	988	9010	2472	4390	398	12426	644	10402	226	880	0	2650	0	8230	76	12326	0	4024	0	2302	0	1952	0	0	3552	6608	220	0	0	0	0	0	0	150	0	0	0	284	0	0	0	2648	0	0	0	1480	0	0	0	0	0	0	0	196	0	0	0	0	0	0	0	0	0	0	0	0	0	0	0	0	0	0	0	
330980	Precuneus_R	276	1386	332	0	0	0	0	0	0	0	0	0	0	0	0	0	0	0	1044	746	0	0	0	0	0	0	0	0	0	0	0	0	626	5494	3722	10768	1080	1644	628	2394	0	0	430	19670	848	18824	0	4608	256	8500	0	1586	0	566	626	3866	918	25300	110	10140	0	6724	0	1966	0	1786	3552	0	3028	8250	358	0	0	0	0	0	536	130	0	0	0	832	0	0	0	5366	0	0	0	4152	0	0	0	0	0	0	0	442	0	0	0	0	0	0	0	0	0	0	0	0	1980	0	0	0	0	0	
316600	Paracentral_Lobule_L	15562	11630	628	534	0	0	0	0	0	0	0	0	0	0	0	0	0	0	16002	19760	0	0	0	0	0	0	0	0	0	222	0	0	2588	15142	4250	7280	664	4210	1092	2502	0	0	1728	1086	166	160	268	82	0	0	308	0	224	156	790	4962	13360	1518	2140	158	2278	0	1064	0	180	0	6608	3028	0	10250	248	188	256	0	526	206	1030	0	0	314	138	374	0	0	410	974	0	0	300	756	0	0	0	0	0	0	0	0	0	0	0	0	0	0	0	0	0	0	0	0	0	0	0	0	0	0	
253092	Paracentral_Lobule_R	2038	24150	288	218	0	0	0	0	0	0	0	0	0	0	0	0	0	688	2772	27544	0	0	618	0	0	0	0	0	0	94	382	0	3932	21946	836	1998	212	1316	0	710	0	0	78	242	0	3180	0	0	0	666	0	0	0	0	0	1892	342	7270	0	130	70	92	0	520	0	0	220	8250	10250	0	120	0	172	0	320	0	650	0	0	470	0	844	0	0	0	800	0	0	0	226	0	0	0	0	0	0	0	0	0	0	0	0	0	0	0	0	0	0	0	0	0	0	0	0	0	0	
234604	Caudate_L	2146	1962	13456	1266	504	0	4208	0	0	0	1014	0	410	0	0	0	320	118	9450	660	3788	3502	734	0	964	78	1718	144	5806	294	4888	2410	0	116	0	148	1418	518	0	268	0	0	0	206	0	0	0	0	0	0	0	0	0	0	1316	684	610	1250	0	138	0	156	0	120	0	0	0	358	248	120	0	10364	18228	1608	1790	688	8296	326	0	0	3000	96	864	0	846	420	0	0	2614	648	0	0	0	0	0	0	0	0	0	0	0	0	0	0	0	0	0	0	0	0	0	0	0	0	0	0	
460492	Caudate_R	1214	9560	6934	26052	448	10580	2830	1982	0	0	3742	4086	3038	206	0	258	562	2086	6074	15544	3082	4500	604	7482	132	7272	1562	1458	2748	4496	3088	23630	0	0	0	0	0	2980	0	1774	0	160	0	76	0	0	0	0	0	0	0	0	0	0	0	1426	0	564	0	0	0	0	0	0	0	0	0	0	188	0	10364	0	3926	28076	132	2408	112	21352	0	0	194	126	0	464	0	108	0	0	0	566	0	0	0	0	0	0	0	0	0	0	0	0	0	0	0	0	0	0	0	0	0	0	0	0	0	0	
303296	Putamen_L	8002	676	10796	446	5812	0	836	0	1674	0	1452	0	328	0	4084	0	460	0	7194	494	2096	1808	2670	0	998	70	1366	134	19776	0	7652	1770	0	358	0	0	13312	70	2682	0	586	0	0	0	0	0	0	90	0	0	0	0	0	0	2918	0	1068	96	0	0	0	0	0	0	0	0	0	0	256	172	18228	3926	0	1228	8594	514	3252	0	118	0	3444	0	3636	0	2136	0	0	0	4370	0	0	0	0	0	0	0	0	0	0	0	0	0	0	0	0	0	0	0	0	0	0	0	0	0	0	0	
372948	Putamen_R	72	6902	744	17942	0	12528	184	4412	0	0	484	4040	426	468	0	1544	0	2848	1016	5012	336	612	112	6206	0	5774	0	1078	412	18724	1144	11588	0	0	0	0	0	21568	0	12646	0	2616	0	0	0	0	0	74	0	0	0	0	0	0	0	6102	0	692	0	0	0	0	0	0	0	0	0	0	0	0	1608	28076	1228	0	0	1996	0	1160	0	188	0	1016	0	1304	0	336	0	0	0	1256	0	0	0	0	0	0	0	0	0	0	0	0	0	0	0	0	0	0	0	0	0	0	0	0	0	0	
51720	Pallidum_L	2058	1020	3934	134	0	0	0	0	0	0	540	0	0	0	0	0	156	0	2070	590	0	112	0	0	0	0	0	0	172	296	0	0	0	508	0	0	910	0	0	0	0	0	0	0	0	0	0	0	0	0	0	0	0	0	0	0	466	280	0	0	0	0	0	0	0	0	0	0	526	320	1790	132	8594	0	0	0	1252	0	0	0	0	0	0	0	0	0	0	0	0	0	0	0	0	0	0	0	0	0	0	0	0	0	0	0	0	0	0	0	0	0	0	0	0	0	0	0	
21176	Pallidum_R	108	916	98	372	0	0	0	0	0	0	0	342	0	0	0	0	0	0	346	80	152	164	0	0	0	0	0	0	0	0	0	0	0	0	0	0	0	708	0	580	0	0	0	0	0	0	0	0	0	0	0	0	0	0	0	166	0	0	0	0	0	0	0	0	0	0	0	0	206	0	688	2408	514	1996	0	0	0	744	0	0	0	0	0	0	0	0	0	0	0	0	0	0	0	0	0	0	0	0	0	0	0	0	0	0	0	0	0	0	0	0	0	0	0	0	0	0	
109316	Thalamus_L	12548	1404	238	0	0	0	2102	0	0	0	128	0	0	0	0	0	0	0	0	840	0	0	0	0	0	0	0	0	1504	268	0	0	0	680	518	3546	3906	1784	758	794	0	0	0	0	0	0	970	636	0	0	0	0	0	0	974	204	934	434	0	0	70	0	0	236	0	0	150	536	1030	650	8296	112	3252	0	1252	0	0	838	0	0	756	0	466	0	318	0	0	0	866	0	0	0	0	0	0	0	0	192	0	0	0	0	0	0	0	0	0	0	0	0	468	0	0	0	0	0	
94504	Thalamus_R	0	11214	496	660	0	0	0	92	0	0	0	270	0	0	0	0	0	0	494	2006	0	0	0	0	0	0	0	0	0	174	0	0	0	0	0	230	0	3472	0	2164	0	200	0	0	0	0	0	336	0	0	0	0	0	0	0	768	0	0	0	0	0	0	0	0	0	0	0	130	0	0	326	21352	0	1160	0	744	838	0	0	0	0	0	0	0	0	0	0	0	0	0	0	0	0	0	0	0	0	126	0	0	0	0	0	0	0	0	0	0	0	0	0	0	0	0	0	0	
77568	Heschl_L	4846	0	536	0	0	0	0	0	0	0	186	0	0	0	0	0	3862	0	1870	0	0	0	0	0	0	0	0	0	7218	0	0	0	0	0	132	132	4224	0	396	0	0	0	0	0	0	0	216	0	0	0	0	0	154	0	2890	0	4886	0	0	0	0	0	240	0	0	0	0	0	0	0	0	0	118	0	0	0	0	0	0	0	2366	0	0	0	1790	0	0	0	2636	0	0	0	0	0	0	0	0	0	0	0	0	0	0	0	0	0	0	0	0	0	86	0	0	0	0	0	
25200	Heschl_R	0	566	0	416	0	0	0	112	0	0	0	0	0	0	0	0	0	1384	0	570	0	0	0	0	0	0	0	0	0	1130	0	0	0	462	0	0	0	348	0	314	0	0	0	0	0	0	0	0	0	0	0	0	0	0	0	344	0	538	0	0	0	0	0	150	0	0	0	0	314	470	0	0	0	188	0	0	0	0	0	0	0	3930	0	0	0	1364	0	0	0	0	0	0	0	0	0	0	0	0	0	0	0	0	0	0	0	0	0	0	0	0	0	0	0	0	0	0	
194308	Temporal_Sup_L	4194	0	1682	74	0	0	3430	0	0	0	4006	0	860	0	0	0	8916	0	656	70	0	0	104	0	0	0	0	0	11532	0	212	0	0	0	0	0	2118	0	0	0	0	0	0	0	0	0	0	0	0	0	106	0	0	0	2738	0	4072	0	158	0	262	0	6074	0	584	0	284	0	138	0	3000	194	3444	0	0	0	756	0	2366	0	0	0	3030	0	18074	0	0	0	14020	0	0	0	0	0	0	0	0	0	0	0	0	0	0	0	0	0	0	0	0	0	0	0	0	0	0	0	
139968	Temporal_Sup_R	70	1150	108	1888	0	0	0	974	0	0	0	308	0	0	0	332	0	2898	0	1216	0	0	0	0	0	0	0	0	0	4332	0	0	0	798	0	0	0	3386	0	1266	0	0	0	0	0	94	0	0	0	948	0	1020	0	0	0	3830	0	3944	0	2052	0	2084	0	7124	0	5294	0	832	374	844	96	126	0	1016	0	0	0	0	0	3930	0	0	0	1814	0	13262	0	226	0	2348	0	0	0	0	0	0	0	0	0	0	0	0	0	0	0	0	0	0	0	0	0	0	0	0	0	0	
78960	Temporal_Pole_Sup_L	0	0	394	0	262	0	790	0	0	0	1352	0	214	0	480	0	1266	0	0	0	272	0	86	0	0	0	0	0	7554	0	88	0	0	0	0	0	2070	0	120	0	1224	0	0	0	0	0	0	0	0	0	0	0	0	0	1978	0	0	0	0	0	0	0	0	0	0	0	0	0	0	0	864	0	3636	0	0	0	466	0	0	0	3030	0	0	0	5338	0	1938	0	6058	0	0	0	0	0	0	0	0	0	0	0	0	0	0	0	0	0	0	0	0	0	0	0	0	0	0	0	
48932	Temporal_Pole_Sup_R	0	0	148	186	0	0	0	0	0	0	0	662	0	0	0	674	0	638	130	94	0	232	0	0	0	0	0	0	0	1344	0	0	0	0	0	0	0	3090	0	1440	0	3726	0	0	0	0	0	0	0	0	0	0	0	0	0	3792	0	0	0	0	0	0	0	0	0	0	0	0	0	0	0	464	0	1304	0	0	0	0	0	0	0	1814	0	0	0	996	0	2152	0	1580	0	0	0	0	0	0	0	0	0	0	0	0	0	0	0	0	0	0	0	0	0	0	0	0	0	0	
309528	Temporal_Mid_L	1576	0	236	0	0	0	0	0	0	0	330	0	0	0	0	0	566	0	552	0	0	0	0	0	0	0	0	0	4012	0	0	0	0	0	92	0	2104	0	0	0	304	0	2366	0	128	0	116	0	648	0	23078	0	6652	0	4578	0	3400	0	958	0	6298	0	11290	0	9016	0	2648	0	410	0	846	0	2136	0	0	0	318	0	1790	0	18074	0	5338	0	0	0	1690	0	43214	0	0	0	0	0	0	0	0	0	0	0	0	0	0	0	0	0	0	0	0	0	0	0	0	0	0	0	
231312	Temporal_Mid_R	0	1452	408	0	0	0	0	0	0	0	0	0	0	0	0	300	0	86	76	744	0	0	0	0	0	0	0	0	0	368	0	0	110	510	768	1152	0	1410	0	560	0	148	0	6522	0	260	0	556	0	1498	0	7682	0	2886	0	4616	316	13770	0	8702	0	2212	0	4368	0	7070	0	5366	974	800	420	108	0	336	0	0	0	0	0	1364	0	13262	0	996	0	0	0	644	0	22836	0	0	0	0	0	0	0	0	0	0	0	0	0	0	0	0	0	0	0	0	0	0	0	0	0	0	
16056	Temporal_Pole_Mid_L	0	0	0	0	0	0	0	0	0	0	0	0	0	0	0	0	0	0	0	0	0	0	0	0	0	0	0	0	330	0	0	0	0	0	0	0	338	0	0	0	258	0	0	0	0	0	0	0	0	0	0	0	0	0	1086	0	0	0	0	0	0	0	0	0	0	0	0	0	0	0	0	0	0	0	0	0	0	0	0	0	0	0	1938	0	1690	0	0	0	2388	0	0	0	0	0	0	0	0	0	0	0	0	0	0	0	0	0	0	0	0	0	0	0	0	0	0	0	
12812	Temporal_Pole_Mid_R	0	0	0	0	0	0	0	0	0	0	0	0	0	0	0	0	0	0	0	0	0	0	0	0	0	0	0	0	0	0	0	0	0	0	0	0	0	266	0	508	0	294	0	0	0	0	0	0	0	0	0	0	0	0	0	1374	0	0	0	0	0	0	0	0	0	0	0	0	0	0	0	0	0	0	0	0	0	0	0	0	0	226	0	2152	0	644	0	0	0	942	0	0	0	0	0	0	0	0	0	0	0	0	0	0	0	0	0	0	0	0	0	0	0	0	0	0	
347820	Temporal_Inf_L	2888	0	1258	0	0	0	1110	0	0	0	868	0	0	0	0	0	270	0	1794	0	0	0	0	0	0	0	0	0	13888	0	0	0	0	0	0	0	11164	0	976	0	3790	0	270	0	0	0	308	0	0	0	7576	0	7838	0	22860	0	2462	0	846	0	4338	0	6648	0	3050	0	1480	0	300	0	2614	0	4370	0	0	0	866	0	2636	0	14020	0	6058	0	43214	0	2388	0	0	0	1450	0	312	0	0	0	0	0	0	0	0	0	0	0	0	0	0	0	0	0	0	0	0	0	0	0	
177168	Temporal_Inf_R	0	1122	614	0	0	0	0	0	0	0	0	374	0	0	0	0	0	0	188	186	0	0	0	0	0	0	0	0	0	550	0	0	108	0	826	1096	0	4618	0	1364	0	510	0	5194	0	208	0	420	0	390	0	318	0	4974	0	12278	400	6424	0	2934	0	1560	0	1520	0	796	0	4152	756	226	648	566	0	1256	0	0	0	0	0	0	0	2348	0	1580	0	22836	0	942	0	0	0	2442	0	694	0	0	0	0	0	352	0	0	0	814	0	0	0	0	0	0	0	0	0	0	0	0	
493700	Cerebelum_Crus1_L	0	0	0	0	0	0	0	0	0	0	0	0	0	0	0	0	0	0	0	0	0	0	0	0	0	0	0	0	0	0	0	0	0	0	0	0	0	0	0	0	0	0	0	0	0	0	13992	2140	0	0	86	0	440	0	22748	644	0	0	0	0	0	0	0	0	0	0	0	0	0	0	0	0	0	0	0	0	0	0	0	0	0	0	0	0	0	0	0	0	1450	0	0	2478	38576	1088	1528	74	34428	994	68660	2936	10862	0	18888	256	2594	248	140	0	104	172	10710	4828	4154	810	444	378	
427432	Cerebelum_Crus1_R	0	0	0	0	0	0	0	0	0	0	0	0	0	0	0	0	0	0	0	0	0	0	0	0	0	0	0	0	0	0	0	0	0	0	0	0	0	0	0	0	0	0	0	0	0	0	1050	11550	0	0	0	0	0	0	748	15838	0	0	0	0	0	0	0	0	0	0	0	0	0	0	0	0	0	0	0	0	0	0	0	0	0	0	0	0	0	0	0	0	0	2442	2478	0	5264	39336	0	1594	2032	19204	3452	58420	218	1374	494	17286	0	1344	0	900	0	70	9882	7664	10592	484	0	0	
380508	Cerebelum_Crus2_L	0	0	0	0	0	0	0	0	0	0	0	0	0	0	0	0	0	0	0	0	0	0	0	0	0	0	0	0	0	0	0	0	0	0	0	0	0	0	0	0	0	0	0	0	0	0	1526	1350	0	0	0	0	0	0	4200	294	0	0	0	0	0	0	0	0	0	0	0	0	0	0	0	0	0	0	0	0	0	0	0	0	0	0	0	0	0	0	0	0	312	0	38576	5264	0	8338	242	0	2790	254	13312	4824	32590	3854	35368	4074	1766	944	196	0	186	156	1306	4822	12382	9040	1466	822	
325884	Cerebelum_Crus2_R	0	0	0	0	0	0	0	0	0	0	0	0	0	0	0	0	0	0	0	0	0	0	0	0	0	0	0	0	0	0	0	0	0	0	0	0	0	0	0	0	0	0	0	0	0	0	102	2148	0	0	0	0	0	0	150	4172	0	0	0	0	0	0	0	0	0	0	0	0	0	0	0	0	0	0	0	0	0	0	0	0	0	0	0	0	0	0	0	0	0	694	1088	39336	8338	0	0	790	752	6098	1034	23018	1666	15906	2796	25994	262	1492	0	570	0	100	5218	3300	12470	4908	540	0	
27860	Cerebelum_3_L	0	0	0	0	0	0	0	0	0	0	0	0	0	0	0	0	0	0	0	0	0	0	0	0	0	0	0	0	0	0	0	0	0	0	0	0	0	0	512	0	0	0	0	0	0	0	0	0	0	0	0	0	0	0	0	0	0	0	0	0	0	0	0	0	0	0	0	0	0	0	0	0	0	0	0	0	0	0	0	0	0	0	0	0	0	0	0	0	0	0	1528	0	242	0	0	354	6136	0	1642	0	340	0	676	0	812	0	0	0	496	748	372	0	0	72	0	0	
44360	Cerebelum_3_R	0	0	0	0	0	0	0	0	0	0	0	0	0	0	0	0	0	0	0	0	0	0	0	0	0	0	0	0	0	0	0	0	0	0	0	0	70	152	320	312	0	0	0	0	0	0	0	246	0	0	0	0	0	0	0	94	0	0	0	0	0	0	0	0	0	0	0	0	0	0	0	0	0	0	0	0	0	0	0	0	0	0	0	0	0	0	0	0	0	0	74	1594	0	790	354	0	326	3434	0	1518	0	94	964	1348	202	1804	0	0	506	2894	1708	0	452	1742	1182	0	
334068	Cerebelum_4_5_L	0	0	0	0	0	0	0	0	0	0	0	0	0	0	0	0	0	0	0	0	0	0	0	0	0	0	0	0	0	0	0	0	0	0	214	0	206	0	872	0	0	0	214	0	0	0	13060	1368	0	0	0	0	0	0	13706	672	0	0	0	0	0	0	0	0	0	0	196	0	0	0	0	0	0	0	0	0	0	0	0	0	0	0	0	0	0	0	0	0	0	0	34428	2032	2790	752	6136	326	0	3076	45596	2590	3260	0	5698	160	1494	478	176	0	386	662	18952	3800	932	510	900	1392	
216004	Cerebelum_4_5_R	0	0	0	0	0	0	0	0	0	0	0	0	0	0	0	0	0	0	0	0	0	0	0	0	0	0	0	0	0	0	0	0	0	0	0	426	0	734	0	1242	0	0	0	0	0	0	388	9018	0	0	0	0	0	0	394	4458	0	0	0	0	0	0	0	0	0	0	0	442	0	0	0	0	0	0	0	0	192	126	0	0	0	0	0	0	0	0	0	0	0	0	994	19204	254	6098	0	3434	3076	0	1842	27894	230	276	1566	4120	372	972	0	0	0	384	14040	1384	1200	2142	956	144	
472060	Cerebelum_6_L	0	0	0	0	0	0	0	0	0	0	0	0	0	0	0	0	0	0	0	0	0	0	0	0	0	0	0	0	0	0	0	0	0	0	0	0	0	0	0	0	0	0	0	0	0	0	19468	3568	0	0	134	0	234	0	26854	1074	0	0	0	0	0	0	0	0	0	0	0	0	0	0	0	0	0	0	0	0	0	0	0	0	0	0	0	0	0	0	0	0	0	0	68660	3452	13312	1034	1642	0	45596	1842	0	3982	5742	0	9220	98	2710	146	164	0	80	162	15326	7704	3220	200	204	202	
410672	Cerebelum_6_R	0	0	0	0	0	0	0	0	0	0	0	0	0	0	0	0	0	0	0	0	0	0	0	0	0	0	0	0	0	0	0	0	0	0	0	0	0	80	0	84	0	0	0	0	0	0	1128	14200	0	0	0	0	0	100	792	17104	0	0	0	0	0	0	0	0	0	0	0	0	0	0	0	0	0	0	0	0	0	0	0	0	0	0	0	0	0	0	0	0	0	352	2936	58420	4824	23018	0	1518	2590	27894	3982	0	268	522	870	7866	154	1040	0	576	0	72	12896	10234	9924	1164	448	280	
218444	Cerebelum_7b_L	0	0	0	0	0	0	0	0	0	0	0	0	0	0	0	0	0	0	0	0	0	0	0	0	0	0	0	0	0	0	0	0	0	0	0	0	0	0	0	0	0	0	0	0	0	0	0	0	0	0	0	0	0	0	972	0	0	0	0	0	0	0	0	0	0	0	0	0	0	0	0	0	0	0	0	0	0	0	0	0	0	0	0	0	0	0	0	0	0	0	10862	218	32590	1666	340	0	3260	230	5742	268	0	2396	35006	2644	1778	176	526	0	0	0	992	316	3184	5812	244	0	
101444	Cerebelum_7b_R	0	0	0	0	0	0	0	0	0	0	0	0	0	0	0	0	0	0	0	0	0	0	0	0	0	0	0	0	0	0	0	0	0	0	0	0	0	0	0	0	0	0	0	0	0	0	0	0	0	0	0	0	0	0	0	0	0	0	0	0	0	0	0	0	0	0	0	0	0	0	0	0	0	0	0	0	0	0	0	0	0	0	0	0	0	0	0	0	0	0	0	1374	3854	15906	0	94	0	276	0	522	2396	0	2684	16416	0	536	0	94	0	0	234	0	2042	4294	0	0	
364148	Cerebelum_8_L	0	0	0	0	0	0	0	0	0	0	0	0	0	0	0	0	0	0	0	0	0	0	0	0	0	0	0	0	0	0	0	0	0	0	0	0	0	0	0	0	0	0	0	0	0	0	0	486	0	0	0	0	0	0	2484	198	0	0	0	0	0	0	0	0	0	0	0	0	0	0	0	0	0	0	0	0	0	0	0	0	0	0	0	0	0	0	0	0	0	0	18888	494	35368	2796	676	964	5698	1566	9220	870	35006	2684	0	8660	15344	3544	2664	386	308	400	2784	1798	5642	16866	5430	850	
261856	Cerebelum_8_R	0	0	0	0	0	0	0	0	0	0	0	0	0	0	0	0	0	0	0	0	0	0	0	0	0	0	0	0	0	0	0	0	0	0	0	0	0	0	0	0	0	0	0	0	0	0	0	360	0	0	0	0	0	0	0	562	0	0	0	0	0	0	0	0	0	0	0	0	0	0	0	0	0	0	0	0	0	0	0	0	0	0	0	0	0	0	0	0	0	814	256	17286	4074	25994	0	1348	160	4120	98	7866	2644	16416	8660	0	1022	12296	0	2990	0	150	3002	706	4534	12236	3334	0	
83324	Cerebelum_9_L	0	0	0	0	0	0	0	0	0	0	0	0	0	0	0	0	0	0	0	0	0	0	0	0	0	0	0	0	0	0	0	0	0	0	0	0	0	0	0	0	0	0	0	0	0	0	0	528	0	0	0	0	0	0	0	0	0	0	0	0	0	0	0	0	0	0	0	0	0	0	0	0	0	0	0	0	0	0	0	0	0	0	0	0	0	0	0	0	0	0	2594	0	1766	262	812	202	1494	372	2710	154	1778	0	15344	1022	0	1166	4492	0	0	124	764	1298	658	2038	1884	200	
102468	Cerebelum_9_R	0	0	0	0	0	0	0	0	0	0	0	0	0	0	0	0	0	0	0	0	0	0	0	0	0	0	0	0	0	0	0	0	0	0	0	0	0	0	0	0	0	0	0	0	0	0	0	0	0	0	0	0	0	0	0	0	0	0	0	0	0	0	0	0	0	0	0	0	0	0	0	0	0	0	0	0	0	0	0	0	0	0	0	0	0	0	0	0	0	0	248	1344	944	1492	0	1804	478	972	146	1040	176	536	3544	12296	1166	0	84	1834	592	1236	1810	1450	1676	6790	7636	1940	
17312	Cerebelum_10_L	0	0	0	0	0	0	0	0	0	0	0	0	0	0	0	0	0	0	0	0	0	0	0	0	0	0	0	0	0	0	0	0	0	0	0	0	0	0	0	0	0	0	0	0	0	0	0	0	0	0	0	0	0	0	0	0	0	0	0	0	0	0	0	0	0	0	0	0	0	0	0	0	0	0	0	0	0	0	0	0	0	0	0	0	0	0	0	0	0	0	140	0	196	0	0	0	176	0	164	0	526	0	2664	0	4492	84	0	0	0	0	0	0	0	128	86	0	
17600	Cerebelum_10_R	0	0	0	0	0	0	0	0	0	0	0	0	0	0	0	0	0	0	0	0	0	0	0	0	0	0	0	0	0	0	0	0	0	0	0	0	0	0	0	0	0	0	0	0	0	0	0	0	0	0	0	0	0	0	0	0	0	0	0	0	0	0	0	0	0	0	0	0	0	0	0	0	0	0	0	0	0	0	0	0	0	0	0	0	0	0	0	0	0	0	0	900	0	570	0	0	0	0	0	576	0	94	386	2990	0	1834	0	0	0	0	0	0	0	872	578	0	
17484	Vermis_1_2	0	0	0	0	0	0	0	0	0	0	0	0	0	0	0	0	0	0	0	0	0	0	0	0	0	0	0	0	0	0	0	0	0	0	0	0	0	0	142	0	0	0	0	0	0	0	0	0	0	0	0	0	0	0	0	0	0	0	0	0	0	0	0	0	0	0	0	0	0	0	0	0	0	0	0	0	0	0	0	0	0	0	0	0	0	0	0	0	0	0	104	0	186	0	496	506	386	0	80	0	0	0	308	0	0	592	0	0	0	3214	646	316	316	504	556	390	
27912	Vermis_3	0	0	0	0	0	0	0	0	0	0	0	0	0	0	0	0	0	0	0	0	0	0	0	0	0	0	0	0	0	0	0	0	0	0	0	0	0	0	336	0	0	0	0	0	0	0	0	0	0	0	0	0	0	0	0	0	0	0	0	0	0	0	0	0	0	0	0	0	0	0	0	0	0	0	0	0	0	0	0	0	0	0	0	0	0	0	0	0	0	0	172	70	156	100	748	2894	662	384	162	72	0	0	400	150	124	1236	0	0	3214	0	1158	164	318	618	642	176	
290696	Vermis_4_5	248	0	0	0	0	0	0	0	0	0	0	0	0	0	0	0	0	0	0	0	0	0	0	0	0	0	0	0	0	0	0	0	0	0	1028	2538	924	0	474	0	0	0	0	148	0	0	3828	7144	0	0	0	0	0	0	3982	1476	104	182	0	0	0	0	0	0	0	0	0	1980	0	0	0	0	0	0	0	0	468	0	86	0	0	0	0	0	0	0	0	0	0	0	10710	9882	1306	5218	372	1708	18952	14040	15326	12896	992	234	2784	3002	764	1810	0	0	646	1158	0	7732	2676	2638	2710	3182	
175572	Vermis_6	0	0	0	0	0	0	0	0	0	0	0	0	0	0	0	0	0	0	0	0	0	0	0	0	0	0	0	0	0	0	0	0	0	0	0	0	0	0	0	0	0	0	0	0	0	0	2082	7006	0	0	0	0	0	116	992	1874	0	0	0	0	0	0	0	0	0	0	0	0	0	0	0	0	0	0	0	0	0	0	0	0	0	0	0	0	0	0	0	0	0	0	4828	7664	4822	3300	0	0	3800	1384	7704	10234	316	0	1798	706	1298	1450	0	0	316	164	7732	0	9092	2338	3044	3726	
205896	Vermis_7	0	0	0	0	0	0	0	0	0	0	0	0	0	0	0	0	0	0	0	0	0	0	0	0	0	0	0	0	0	0	0	0	0	0	0	0	0	0	0	0	0	0	0	0	0	0	870	3382	0	0	0	0	0	80	254	902	0	0	0	0	0	0	0	0	0	0	0	0	0	0	0	0	0	0	0	0	0	0	0	0	0	0	0	0	0	0	0	0	0	0	4154	10592	12382	12470	0	452	932	1200	3220	9924	3184	2042	5642	4534	658	1676	0	0	316	318	2676	9092	0	8370	2620	1006	
191176	Vermis_8	0	0	0	0	0	0	0	0	0	0	0	0	0	0	0	0	0	0	0	0	0	0	0	0	0	0	0	0	0	0	0	0	0	0	0	0	0	0	0	0	0	0	0	0	0	0	0	156	0	0	0	0	0	0	0	0	0	0	0	0	0	0	0	0	0	0	0	0	0	0	0	0	0	0	0	0	0	0	0	0	0	0	0	0	0	0	0	0	0	0	810	484	9040	4908	72	1742	510	2142	200	1164	5812	4294	16866	12236	2038	6790	128	872	504	618	2638	2338	8370	0	9146	1710	
94840	Vermis_9	0	0	0	0	0	0	0	0	0	0	0	0	0	0	0	0	0	0	0	0	0	0	0	0	0	0	0	0	0	0	0	0	0	0	0	0	0	0	0	0	0	0	0	0	0	0	0	266	0	0	0	0	0	0	0	0	0	0	0	0	0	0	0	0	0	0	0	0	0	0	0	0	0	0	0	0	0	0	0	0	0	0	0	0	0	0	0	0	0	0	444	0	1466	540	0	1182	900	956	204	448	244	0	5430	3334	1884	7636	86	578	556	642	2710	3044	2620	9146	0	3104	
39004	Vermis_10	0	0	0	0	0	0	0	0	0	0	0	0	0	0	0	0	0	0	0	0	0	0	0	0	0	0	0	0	0	0	0	0	0	0	0	0	0	0	0	0	0	0	0	0	0	0	0	0	0	0	0	0	0	0	0	0	0	0	0	0	0	0	0	0	0	0	0	0	0	0	0	0	0	0	0	0	0	0	0	0	0	0	0	0	0	0	0	0	0	0	378	0	822	0	0	0	1392	144	202	280	0	0	850	0	200	1940	0	0	390	176	3182	3726	1006	1710	3104	0	
