data	data	773196	333748	823768	697944	115104	150384	496156	131096	56164	32452	355280	116456	301876	132556	147992	69140	249188	88824	538776	893828	66232	94312	262376	282508	21224	87680	13860	51196	525032	249384	268860	484216	201120	528624	149184	208356	328568	380964	136456	197928	37740	53856	299048	362012	180844	385692	403144	314676	200780	372456	504976	297512	104412	70864	483684	433128	519136	176340	295604	111944	339956	88184	187276	97536	142344	100072	434276	405076	366152	265000	246604	383600	309660	344236	74336	56780	183804	319068	134272	39148	270520	167048	114784	59008	336320	251980	28528	20212	345184	200240	516728	496172	424632	323160	86148	61364	455408	329404	637112	539580	361548	132272	367116	311140	124144	177036	34564	29044	56340	116668	394004	257192	235868	192028	146700	45160	
data	data	Precentral_L	Precentral_R	Frontal_Sup_L	Frontal_Sup_R	Frontal_Sup_Orb_L	Frontal_Sup_Orb_R	Frontal_Mid_L	Frontal_Mid_R	Frontal_Mid_Orb_L	Frontal_Mid_Orb_R	Frontal_Inf_Oper_L	Frontal_Inf_Oper_R	Frontal_Inf_Tri_L	Frontal_Inf_Tri_R	Frontal_Inf_Orb_L	Frontal_Inf_Orb_R	Rolandic_Oper_L	Rolandic_Oper_R	Supp_Motor_Area_L	Supp_Motor_Area_R	Olfactory_L	Olfactory_R	Frontal_Sup_Medial_L	Frontal_Sup_Medial_R	Frontal_Med_Orb_L	Frontal_Med_Orb_R	Rectus_L	Rectus_R	Insula_L	Insula_R	Cingulum_Ant_L	Cingulum_Ant_R	Cingulum_Mid_L	Cingulum_Mid_R	Cingulum_Post_L	Cingulum_Post_R	Hippocampus_L	Hippocampus_R	ParaHippocampal_L	ParaHippocampal_R	Amygdala_L	Amygdala_R	Calcarine_L	Calcarine_R	Cuneus_L	Cuneus_R	Lingual_L	Lingual_R	Occipital_Sup_L	Occipital_Sup_R	Occipital_Mid_L	Occipital_Mid_R	Occipital_Inf_L	Occipital_Inf_R	Fusiform_L	Fusiform_R	Postcentral_L	Postcentral_R	Parietal_Sup_L	Parietal_Sup_R	Parietal_Inf_L	Parietal_Inf_R	SupraMarginal_L	SupraMarginal_R	Angular_L	Angular_R	Precuneus_L	Precuneus_R	Paracentral_Lobule_L	Paracentral_Lobule_R	Caudate_L	Caudate_R	Putamen_L	Putamen_R	Pallidum_L	Pallidum_R	Thalamus_L	Thalamus_R	Heschl_L	Heschl_R	Temporal_Sup_L	Temporal_Sup_R	Temporal_Pole_Sup_L	Temporal_Pole_Sup_R	Temporal_Mid_L	Temporal_Mid_R	Temporal_Pole_Mid_L	Temporal_Pole_Mid_R	Temporal_Inf_L	Temporal_Inf_R	Cerebelum_Crus1_L	Cerebelum_Crus1_R	Cerebelum_Crus2_L	Cerebelum_Crus2_R	Cerebelum_3_L	Cerebelum_3_R	Cerebelum_4_5_L	Cerebelum_4_5_R	Cerebelum_6_L	Cerebelum_6_R	Cerebelum_7b_L	Cerebelum_7b_R	Cerebelum_8_L	Cerebelum_8_R	Cerebelum_9_L	Cerebelum_9_R	Cerebelum_10_L	Cerebelum_10_R	Vermis_1_2	Vermis_3	Vermis_4_5	Vermis_6	Vermis_7	Vermis_8	Vermis_9	Vermis_10	
773196	Precentral_L	0	2686	42184	3596	0	0	30022	0	0	0	27776	0	5774	0	0	0	15138	0	11470	8158	0	0	0	0	0	0	0	0	24930	0	930	0	510	4012	2020	1828	18396	1272	2408	0	302	0	0	0	0	0	304	0	0	0	434	0	0	0	3434	0	34272	102	1542	0	3748	0	2830	0	344	0	478	0	27424	2386	15588	856	23600	0	11144	0	31454	3620	7436	0	6070	0	2452	0	796	0	0	0	2650	0	0	0	0	0	0	0	222	0	0	0	0	0	0	0	0	0	0	0	0	0	0	0	0	0	0	0	
333748	Precentral_R	2686	0	136	7728	0	0	0	4640	0	0	0	4738	0	0	0	0	0	294	104	19872	0	0	0	0	0	0	0	0	0	1012	0	102	268	692	4430	6036	4144	12050	2456	594	0	0	0	0	0	0	560	530	0	0	0	0	0	0	182	476	436	10596	0	0	0	994	0	2004	0	0	166	1134	2628	14672	438	18862	0	2292	0	590	3834	33462	0	0	0	202	0	0	0	130	0	0	0	276	0	0	0	0	0	0	336	92	0	0	0	0	0	0	0	0	0	0	0	0	0	0	0	0	0	0	
823768	Frontal_Sup_L	42184	136	0	6754	10876	0	66848	204	3708	0	19574	118	23636	140	10942	0	6316	0	57698	10678	0	0	33882	2218	1178	0	0	0	28004	0	11476	1644	3206	2866	0	0	3106	0	360	0	218	0	0	0	0	0	0	0	0	0	0	0	0	0	1190	0	5102	0	266	0	438	0	144	0	0	0	0	0	11588	0	12032	244	20314	0	4892	0	756	768	784	0	2446	0	2306	0	0	0	0	0	644	0	0	0	0	0	0	0	0	0	0	0	0	0	0	0	0	0	0	0	0	0	0	0	0	0	0	0	
697944	Frontal_Sup_R	3596	7728	6754	0	0	8898	482	22966	0	490	106	7262	160	8002	0	1452	0	2742	18810	90352	0	122	6160	30450	0	2426	0	132	160	9942	4638	33166	6116	23030	0	0	0	2392	0	944	0	0	0	0	0	0	0	132	0	0	0	0	0	0	0	454	0	232	0	0	0	0	0	132	0	0	0	0	3910	0	4466	13854	0	15596	0	3538	248	6238	0	262	0	308	0	0	0	0	0	0	0	0	0	0	0	0	0	0	0	124	0	0	0	0	0	0	0	0	0	0	0	0	0	0	0	0	0	0	
115104	Frontal_Sup_Orb_L	0	0	10876	0	0	0	1980	0	7108	0	124	0	1660	0	6788	0	0	0	598	0	1260	176	5682	0	2136	0	2460	0	4902	94	2822	0	0	0	0	0	0	0	0	0	0	0	0	0	0	0	0	0	0	0	0	0	0	0	0	0	0	0	0	0	0	0	0	0	0	0	0	0	0	0	606	0	7788	0	0	0	0	0	0	0	0	0	492	0	0	0	0	0	0	0	0	0	0	0	0	0	0	0	0	0	0	0	0	0	0	0	0	0	0	0	0	0	0	0	0	0	
150384	Frontal_Sup_Orb_R	0	0	0	8898	0	0	0	1856	0	6650	0	0	0	2230	0	7008	0	0	0	730	248	2742	314	7532	304	9152	0	6832	0	4374	202	7898	0	0	0	0	0	0	0	0	0	0	0	0	0	0	0	0	0	0	0	0	0	0	0	0	0	0	0	0	0	0	0	0	0	0	0	0	0	0	222	4084	0	3916	0	0	0	0	0	0	0	0	0	0	0	0	0	0	0	0	0	0	0	0	0	0	0	0	0	0	0	0	0	0	0	0	0	0	0	0	0	0	0	0	0	0	
496156	Frontal_Mid_L	30022	0	66848	482	1980	0	0	0	1534	0	23226	0	33326	0	8240	0	6846	0	18908	810	0	0	15770	780	0	0	0	0	13546	0	4370	332	2614	250	0	0	1710	0	188	0	0	0	0	0	0	0	0	0	0	0	0	0	0	0	574	0	3392	0	110	0	282	0	132	0	0	0	0	0	262	0	1526	0	1600	0	1592	0	1514	0	500	0	2698	0	1768	0	0	0	0	0	346	0	0	0	0	0	0	0	0	0	0	0	0	0	0	0	0	0	0	0	0	0	0	0	0	0	0	0	
131096	Frontal_Mid_R	0	4640	204	22966	0	1856	0	0	0	900	0	7754	0	7780	0	724	0	134	550	5652	0	0	0	2672	0	0	0	0	0	2136	1232	3474	168	1472	0	0	0	154	0	0	0	0	0	0	0	0	0	0	0	0	0	0	0	0	0	0	0	184	0	0	0	0	0	0	0	0	0	0	0	0	150	0	0	404	0	0	0	342	0	0	0	0	0	0	0	0	0	0	0	0	0	0	0	0	0	0	0	0	0	0	0	0	0	0	0	0	0	0	0	0	0	0	0	0	0	0	
56164	Frontal_Mid_Orb_L	0	0	3708	0	7108	0	1534	0	0	0	0	0	1822	0	7356	0	0	0	124	0	0	0	0	0	0	0	1280	0	2510	0	0	0	0	0	0	0	0	0	0	0	0	0	0	0	0	0	0	0	0	0	0	0	0	0	0	0	0	0	0	0	0	0	0	0	0	0	0	0	0	0	0	0	2640	0	0	0	0	0	0	0	0	0	0	0	0	0	0	0	0	0	0	0	0	0	0	0	0	0	0	0	0	0	0	0	0	0	0	0	0	0	0	0	0	0	0	0	
32452	Frontal_Mid_Orb_R	0	0	0	490	0	6650	0	900	0	0	0	0	0	1022	0	6250	0	0	0	0	0	0	0	236	0	0	0	248	0	254	0	176	0	0	0	0	0	0	0	0	0	0	0	0	0	0	0	0	0	0	0	0	0	0	0	0	0	0	0	0	0	0	0	0	0	0	0	0	0	0	0	0	0	0	0	0	0	0	0	0	0	0	0	0	0	0	0	0	0	0	0	0	0	0	0	0	0	0	0	0	0	0	0	0	0	0	0	0	0	0	0	0	0	0	0	0	
355280	Frontal_Inf_Oper_L	27776	0	19574	106	124	0	23226	0	0	0	0	0	20130	0	498	0	16076	0	18374	134	0	0	636	0	0	0	0	0	22852	0	3186	0	146	0	0	0	590	0	110	0	116	0	0	0	0	0	0	0	0	0	0	0	0	0	342	0	6000	0	256	0	334	0	0	0	0	0	0	0	108	0	910	0	1958	0	694	0	0	0	856	0	6356	0	6072	0	0	0	0	0	100	0	0	0	0	0	0	0	0	0	0	0	0	0	0	0	0	0	0	0	0	0	0	0	0	0	0	0	
116456	Frontal_Inf_Oper_R	0	4738	118	7262	0	0	0	7754	0	0	0	0	0	10188	0	142	0	2454	230	6650	0	0	0	190	0	0	0	0	0	5946	772	1978	104	1816	0	0	0	702	0	188	0	0	0	0	0	0	0	0	0	0	0	0	0	0	0	126	0	1360	0	0	0	0	0	120	0	0	0	0	0	0	152	444	0	3672	0	130	0	0	0	434	0	558	0	0	0	0	0	0	0	0	0	0	0	0	0	0	0	0	0	0	0	0	0	0	0	0	0	0	0	0	0	0	0	0	0	0	
301876	Frontal_Inf_Tri_L	5774	0	23636	160	1660	0	33326	0	1822	0	20130	0	0	0	14420	0	2612	0	10120	224	0	0	3594	120	0	0	0	0	21236	0	5272	152	1954	116	0	0	0	0	0	0	0	0	0	0	0	0	0	0	0	0	0	0	0	0	0	0	1166	0	0	0	0	0	0	0	0	0	0	0	0	0	716	0	962	0	0	0	0	0	0	0	1052	0	714	0	0	0	0	0	0	0	0	0	0	0	0	0	0	0	0	0	0	0	0	0	0	0	0	0	0	0	0	0	0	0	0	0	
132556	Frontal_Inf_Tri_R	0	0	140	8002	0	2230	0	7780	0	1022	0	10188	0	0	0	4606	0	346	306	5986	0	0	0	3712	0	192	0	0	0	9700	1700	6224	0	3070	0	0	0	0	0	0	0	0	0	0	0	0	0	0	0	0	0	0	0	0	0	0	0	0	0	0	0	0	0	0	0	0	0	0	0	0	128	386	0	560	0	0	0	0	0	0	0	0	0	0	0	0	0	0	0	0	0	0	0	0	0	0	0	0	0	0	0	0	0	0	0	0	0	0	0	0	0	0	0	0	0	0	
147992	Frontal_Inf_Orb_L	0	0	10942	0	6788	0	8240	0	7356	0	498	0	14420	0	0	0	0	0	1612	0	444	0	2008	0	0	0	222	0	10848	0	1496	0	892	0	0	0	0	0	0	0	0	0	0	0	0	0	0	0	0	0	0	0	0	0	0	0	0	0	0	0	0	0	0	0	0	0	0	0	0	0	234	0	7330	0	0	0	0	0	0	0	0	0	666	0	0	0	0	0	0	0	0	0	0	0	0	0	0	0	0	0	0	0	0	0	0	0	0	0	0	0	0	0	0	0	0	0	
69140	Frontal_Inf_Orb_R	0	0	0	1452	0	7008	0	724	0	6250	0	142	0	4606	0	0	0	210	0	128	0	618	0	1322	0	0	0	860	0	5630	338	1128	0	0	0	0	0	0	0	0	0	0	0	0	0	0	0	0	0	0	0	0	0	0	0	0	0	0	0	0	0	0	0	0	0	0	0	0	0	0	0	286	0	1358	0	0	0	0	0	0	0	770	0	1404	0	202	0	134	0	0	0	0	0	0	0	0	0	0	0	0	0	0	0	0	0	0	0	0	0	0	0	0	0	0	0	0	
249188	Rolandic_Oper_L	15138	0	6316	0	0	0	6846	0	0	0	16076	0	2612	0	0	0	0	0	5156	0	0	0	0	0	0	0	0	0	16742	0	0	0	0	0	126	0	628	0	92	0	0	0	294	0	0	0	96	0	0	0	1368	0	102	0	2128	0	12796	0	1734	0	1942	0	2628	0	224	0	1208	0	1142	0	216	0	318	0	126	0	0	0	6964	0	13500	0	5158	0	1638	0	0	0	1280	0	0	0	0	0	0	0	0	0	0	0	0	0	0	0	0	0	0	0	0	0	0	0	0	0	0	0	
88824	Rolandic_Oper_R	0	294	0	2742	0	0	0	134	0	0	0	2454	0	346	0	210	0	0	0	2508	0	0	0	0	0	0	0	0	0	9758	0	394	0	122	0	0	0	3274	0	168	0	0	0	0	0	0	0	464	0	0	0	0	0	0	0	268	0	1472	0	0	0	136	0	2328	0	0	0	0	0	0	0	0	0	6046	0	212	0	322	0	3484	0	5326	0	1268	0	506	0	176	0	0	0	0	0	0	0	0	0	0	0	0	0	0	0	0	0	0	0	0	0	0	0	0	0	0	0	0	
538776	Supp_Motor_Area_L	11470	104	57698	18810	598	0	18908	550	124	0	18374	230	10120	306	1612	0	5156	0	0	36044	0	0	6118	4848	0	0	0	0	13514	164	6088	8266	10730	17922	204	0	182	0	0	0	0	0	0	0	0	0	0	0	0	0	0	0	0	0	0	0	820	0	148	0	156	0	0	0	0	0	0	0	4018	1234	5816	224	3002	206	528	0	0	206	122	0	1900	0	2868	0	0	0	0	0	0	0	0	0	0	0	0	0	0	0	0	0	0	0	0	0	0	0	0	0	0	0	0	0	0	0	0	0	
893828	Supp_Motor_Area_R	8158	19872	10678	90352	0	730	810	5652	0	0	134	6650	224	5986	0	128	0	2508	36044	0	0	0	2022	11916	0	0	0	0	194	6390	4524	23764	15782	55012	422	3814	0	2440	0	1010	0	0	0	0	0	184	0	114	0	192	0	0	0	0	0	444	284	3330	0	0	0	0	0	138	0	0	0	442	15196	29060	6116	30872	116	17802	0	4758	856	21130	0	250	0	296	0	0	0	0	0	0	0	0	0	0	0	0	0	0	0	118	0	0	0	0	0	0	0	0	0	0	0	0	0	0	0	0	0	0	
66232	Olfactory_L	0	0	0	0	1260	248	0	0	0	0	0	0	0	0	444	0	0	0	0	0	0	4902	0	0	0	162	0	414	2928	404	2936	1600	0	0	0	0	0	0	0	0	674	0	0	0	0	0	0	0	0	0	0	0	0	0	0	0	0	0	0	0	0	0	0	0	0	0	0	0	0	0	6666	4154	3160	1594	382	626	0	0	0	0	0	0	562	0	0	0	0	0	0	0	0	0	0	0	0	0	0	0	0	0	0	0	0	0	0	0	0	0	0	0	0	0	0	0	0	0	
94312	Olfactory_R	0	0	0	122	176	2742	0	0	0	0	0	0	0	0	0	618	0	0	0	0	4902	0	0	446	140	4506	0	3920	306	2454	2458	5398	0	0	0	0	0	0	0	0	0	210	0	0	0	0	0	0	0	0	0	0	0	0	0	0	0	0	0	0	0	0	0	0	0	0	0	0	0	0	5142	7616	1424	3428	414	734	0	0	0	0	0	0	0	0	0	0	0	0	0	0	0	0	0	0	0	0	0	0	0	0	0	0	0	0	0	0	0	0	0	0	0	0	0	0	0	0	
262376	Frontal_Sup_Medial_L	0	0	33882	6160	5682	314	15770	0	0	0	636	0	3594	0	2008	0	0	0	6118	2022	0	0	0	15346	2030	804	100	0	1744	0	9990	11746	3676	8228	0	0	0	0	0	0	0	0	0	0	0	0	0	0	0	0	0	0	0	0	0	0	0	0	0	0	0	0	0	0	0	0	0	0	0	0	222	0	1116	0	0	0	0	0	0	0	0	0	0	0	0	0	0	0	0	0	0	0	0	0	0	0	0	0	0	0	0	0	0	0	0	0	0	0	0	0	0	0	0	0	0	0	
282508	Frontal_Sup_Medial_R	0	0	2218	30450	0	7532	780	2672	0	236	0	190	120	3712	0	1322	0	0	4848	11916	0	446	15346	0	208	5924	0	344	0	5438	1468	27658	986	13252	0	0	0	0	0	0	0	0	0	0	0	0	0	0	0	0	0	0	0	0	0	0	0	0	0	0	0	0	0	0	0	0	0	0	0	0	0	2074	0	2114	0	0	0	0	0	0	0	0	0	0	0	0	0	0	0	0	0	0	0	0	0	0	0	0	0	0	0	0	0	0	0	0	0	0	0	0	0	0	0	0	0	0	
21224	Frontal_Med_Orb_L	0	0	1178	0	2136	304	0	0	0	0	0	0	0	0	0	0	0	0	0	0	0	140	2030	208	0	882	716	208	0	0	1480	128	0	0	0	0	0	0	0	0	0	0	0	0	0	0	0	0	0	0	0	0	0	0	0	0	0	0	0	0	0	0	0	0	0	0	0	0	0	0	264	0	938	0	0	0	0	0	0	0	0	0	0	0	0	0	0	0	0	0	0	0	0	0	0	0	0	0	0	0	0	0	0	0	0	0	0	0	0	0	0	0	0	0	0	0	
87680	Frontal_Med_Orb_R	0	0	0	2426	0	9152	0	0	0	0	0	0	0	192	0	0	0	0	0	0	162	4506	804	5924	882	0	156	5482	0	404	1050	6060	0	0	0	0	0	0	0	0	0	0	0	0	0	0	0	0	0	0	0	0	0	0	0	0	0	0	0	0	0	0	0	0	0	0	0	0	0	0	138	4300	162	2040	0	0	0	0	0	0	0	0	0	0	0	0	0	0	0	0	0	0	0	0	0	0	0	0	0	0	0	0	0	0	0	0	0	0	0	0	0	0	0	0	0	0	
13860	Rectus_L	0	0	0	0	2460	0	0	0	1280	0	0	0	0	0	222	0	0	0	0	0	0	0	100	0	716	156	0	0	0	0	782	0	0	0	0	0	0	0	0	0	0	0	0	0	0	0	0	0	0	0	0	0	0	0	0	0	0	0	0	0	0	0	0	0	0	0	0	0	0	0	270	0	944	0	0	0	0	0	0	0	0	0	0	0	0	0	0	0	0	0	0	0	0	0	0	0	0	0	0	0	0	0	0	0	0	0	0	0	0	0	0	0	0	0	0	0	
51196	Rectus_R	0	0	0	132	0	6832	0	0	0	248	0	0	0	0	0	860	0	0	0	0	414	3920	0	344	208	5482	0	0	0	848	186	2328	0	0	0	0	0	0	0	0	0	106	0	0	0	0	0	0	0	0	0	0	0	0	0	0	0	0	0	0	0	0	0	0	0	0	0	0	0	0	328	1926	0	1436	0	0	0	0	0	0	0	0	0	0	0	0	0	0	0	0	0	0	0	0	0	0	0	0	0	0	0	0	0	0	0	0	0	0	0	0	0	0	0	0	0	0	
525032	Insula_L	24930	0	28004	160	4902	0	13546	0	2510	0	22852	0	21236	0	10848	0	16742	0	13514	194	2928	306	1744	0	0	0	0	0	0	130	3718	0	470	0	184	0	14722	0	2350	0	2420	0	148	0	0	0	200	0	0	0	374	0	0	0	7844	0	9526	0	674	0	1350	0	978	0	210	0	566	0	1182	0	1616	0	16318	0	186	0	224	0	7798	0	7694	0	8648	0	1060	0	498	0	6632	0	0	0	0	0	0	0	232	0	148	0	0	0	0	0	0	0	0	0	0	0	0	0	0	0	0	0	
249384	Insula_R	0	1012	0	9942	94	4374	0	2136	0	254	0	5946	0	9700	0	5630	0	9758	164	6390	404	2454	0	5438	0	404	0	848	130	0	1400	8228	528	1672	0	158	0	6724	0	808	0	1494	0	326	0	204	0	422	0	0	0	0	0	0	0	1182	0	1194	0	0	0	0	0	500	0	0	0	420	0	102	240	732	0	21132	0	252	0	492	0	2590	0	5206	0	1046	0	1458	0	0	0	1006	0	0	0	0	0	0	0	98	0	0	0	0	0	0	0	0	0	0	0	0	0	0	0	0	0	0	
268860	Cingulum_Ant_L	930	0	11476	4638	2822	202	4370	1232	0	0	3186	772	5272	1700	1496	338	0	0	6088	4524	2936	2458	9990	1468	1480	1050	782	186	3718	1400	0	19262	4038	3718	0	0	0	0	0	0	0	0	0	0	0	0	0	0	0	0	0	0	0	0	0	0	0	0	0	0	0	0	0	0	0	0	0	0	130	0	8832	7354	10028	4222	794	1300	0	120	0	0	0	0	118	0	0	0	0	0	0	0	0	0	0	0	0	0	0	0	0	0	0	0	0	0	0	0	0	0	0	0	0	0	0	0	0	0	
484216	Cingulum_Ant_R	0	102	1644	33166	0	7898	332	3474	0	176	0	1978	152	6224	0	1128	0	394	8266	23764	1600	5398	11746	27658	128	6060	0	2328	0	8228	19262	0	6594	27874	0	0	0	0	0	0	0	0	0	0	0	0	0	0	0	0	0	0	0	0	0	0	0	0	0	0	0	0	0	0	0	0	0	0	0	0	2880	17962	2208	11326	724	1312	0	122	0	0	0	0	0	0	0	0	0	0	0	0	0	0	0	0	0	0	0	0	0	0	0	0	0	0	0	0	0	0	0	0	0	0	0	0	0	0	
201120	Cingulum_Mid_L	510	268	3206	6116	0	0	2614	168	0	0	146	104	1954	0	892	0	0	0	10730	15782	0	0	3676	986	0	0	0	0	470	528	4038	6594	0	22372	2584	2708	0	0	0	0	0	0	226	0	226	0	0	0	0	0	668	0	0	0	0	0	130	570	558	0	126	0	0	0	0	0	3074	1174	4222	1790	112	238	0	1000	0	0	0	0	0	0	0	0	0	0	0	0	0	0	0	0	0	0	0	0	0	0	0	0	0	0	0	0	0	0	0	0	0	0	0	0	0	0	0	0	0	0	
528624	Cingulum_Mid_R	4012	692	2866	23030	0	0	250	1472	0	0	0	1816	116	3070	0	0	0	122	17922	55012	0	0	8228	13252	0	0	0	0	0	1672	3718	27874	22372	0	1246	10444	0	310	0	114	0	0	0	1502	0	3628	0	0	0	3650	0	1122	0	0	0	256	234	8120	0	742	0	126	0	116	0	0	2684	11172	8950	17864	212	970	0	2094	0	0	124	104	0	0	0	146	0	0	0	500	0	0	0	386	0	0	0	0	0	0	0	0	0	0	0	0	0	0	0	0	0	0	0	0	0	0	0	0	0	0	
149184	Cingulum_Post_L	2020	4430	0	0	0	0	0	0	0	0	0	0	0	0	0	0	126	0	204	422	0	0	0	0	0	0	0	0	184	0	0	0	2584	1246	0	10686	7958	4116	4668	0	0	0	3752	0	886	0	2718	0	112	0	940	0	0	0	978	0	968	238	542	0	228	0	0	0	0	0	7728	1070	3618	592	0	204	0	0	0	0	4152	5660	432	0	176	0	0	0	262	0	0	0	238	0	0	0	0	0	0	0	454	0	0	0	0	0	0	0	0	0	0	0	0	0	0	0	0	0	0	0	
208356	Cingulum_Post_R	1828	6036	0	0	0	0	0	0	0	0	0	0	0	0	0	0	0	0	0	3814	0	0	0	0	0	0	0	0	0	158	0	0	2708	10444	10686	0	5840	8828	3070	868	0	0	114	2344	112	548	548	2012	0	526	0	214	0	0	264	584	442	4354	0	118	0	0	0	0	0	0	1880	12228	728	7990	0	126	0	0	0	0	4812	7728	0	0	0	0	0	0	0	494	0	0	0	424	0	0	0	0	0	0	340	94	0	0	0	0	0	0	0	0	0	0	0	0	874	0	0	0	0	0	
328568	Hippocampus_L	18396	4144	3106	0	0	0	1710	0	0	0	590	0	0	0	0	0	628	0	182	0	0	0	0	0	0	0	0	0	14722	0	0	0	0	0	7958	5840	0	4034	17050	134	5820	0	1706	0	0	0	4244	392	0	0	0	0	0	0	19480	0	2050	0	0	0	92	0	0	0	0	0	3348	144	712	0	146	0	7456	0	376	0	6722	5440	4226	0	2980	0	1782	0	1606	0	1184	0	13864	0	0	0	0	0	0	120	1386	0	300	0	0	0	0	0	0	0	0	0	0	214	0	0	0	0	0	0	
380964	Hippocampus_R	1272	12050	0	2392	0	0	0	154	0	0	0	702	0	0	0	0	0	3274	0	2440	0	0	0	0	0	0	0	0	0	6724	0	0	0	310	4116	8828	4034	0	2252	25550	0	7068	0	3182	0	812	354	6966	0	464	0	864	0	0	160	25062	0	2068	0	0	0	0	0	422	0	0	252	8234	0	1034	0	0	0	17380	0	694	1910	7114	0	1394	0	3430	0	1396	0	6706	0	114	0	14480	0	0	0	0	0	0	218	3622	0	250	0	0	0	0	0	0	0	0	0	0	734	0	0	0	0	0	
136456	ParaHippocampal_L	2408	2456	360	0	0	0	188	0	0	0	110	0	0	0	0	0	92	0	0	0	0	0	0	0	0	0	0	0	2350	0	0	0	0	0	4668	3070	17050	2252	0	126	984	0	1320	0	0	0	4442	480	0	0	252	0	0	0	9010	0	374	0	0	0	0	0	0	0	0	0	2496	0	102	0	0	0	1752	0	0	0	2260	2926	0	0	176	0	208	0	108	0	176	0	3588	0	0	0	0	0	0	216	1468	0	234	0	0	0	0	0	0	0	0	0	0	526	0	0	0	0	0	0	
197928	ParaHippocampal_R	0	594	0	944	0	0	0	0	0	0	0	188	0	0	0	0	0	168	0	1010	0	0	0	0	0	0	0	0	0	808	0	0	0	114	0	868	134	25550	126	0	0	7468	0	2228	0	476	0	6708	0	814	0	942	0	0	0	24084	0	290	0	0	0	0	0	0	0	0	0	3242	0	232	0	0	0	4420	0	490	0	814	0	0	0	304	0	2096	0	1112	0	996	0	6052	0	0	0	0	0	106	0	5162	0	282	0	0	0	0	0	0	0	0	0	0	142	0	0	0	0	0	
37740	Amygdala_L	302	0	218	0	0	0	0	0	0	0	116	0	0	0	0	0	0	0	0	0	674	0	0	0	0	0	0	0	2420	0	0	0	0	0	0	0	5820	0	984	0	0	0	0	0	0	0	0	0	0	0	0	0	0	0	4020	0	0	0	0	0	0	0	0	0	0	0	0	0	0	0	0	0	774	0	0	0	0	0	0	0	0	0	914	0	0	0	512	0	2116	0	0	0	0	0	0	0	0	0	0	0	0	0	0	0	0	0	0	0	0	0	0	0	0	0	0	0	
53856	Amygdala_R	0	0	0	0	0	0	0	0	0	0	0	0	0	0	0	0	0	0	0	0	0	210	0	0	0	0	0	106	0	1494	0	0	0	0	0	0	0	7068	0	7468	0	0	0	0	0	0	0	0	0	0	0	0	0	0	0	5498	0	0	0	0	0	0	0	0	0	0	0	0	0	0	0	0	0	970	0	0	0	0	0	0	0	0	0	2408	0	230	0	272	0	1204	0	0	0	0	0	0	0	0	0	0	0	0	0	0	0	0	0	0	0	0	0	0	0	0	0	0	
299048	Calcarine_L	0	0	0	0	0	0	0	0	0	0	0	0	0	0	0	0	294	0	0	0	0	0	0	0	0	0	0	0	148	0	0	0	226	0	3752	114	1706	0	1320	0	0	0	0	10830	16028	7920	17078	3628	17434	3988	29452	550	2392	312	3742	232	312	0	2484	0	118	0	0	0	254	0	15320	356	350	0	0	0	0	0	0	0	0	0	730	0	800	0	0	0	5586	0	0	0	1722	0	0	0	0	0	0	0	210	0	136	0	0	0	0	0	0	0	0	0	0	0	0	0	0	0	0	0	
362012	Calcarine_R	0	0	0	0	0	0	0	0	0	0	0	0	0	0	0	0	0	0	0	0	0	0	0	0	0	0	0	0	0	326	0	0	0	1502	0	2344	0	3182	0	2228	0	0	10830	0	5872	34094	2972	24142	590	27230	456	15798	0	5482	0	10684	0	272	0	654	0	0	0	0	0	94	1732	21402	0	174	0	0	0	0	0	0	0	0	0	118	0	172	0	0	0	4630	0	0	0	3742	0	0	0	0	0	0	0	0	0	184	0	0	0	0	0	0	0	0	0	0	100	0	0	0	0	0	
180844	Cuneus_L	0	0	0	0	0	0	0	0	0	0	0	0	0	0	0	0	0	0	0	0	0	0	0	0	0	0	0	0	0	0	0	0	226	0	886	112	0	0	0	0	0	0	16028	5872	0	7056	4876	966	19686	1664	13966	500	1196	378	1454	222	0	0	1468	0	0	0	0	0	0	0	9780	1254	184	0	0	0	0	0	0	0	0	0	332	0	284	0	0	0	1532	0	0	0	500	0	0	0	0	0	0	0	0	0	0	0	0	0	0	0	0	0	0	0	0	0	0	0	0	0	0	0	
385692	Cuneus_R	0	0	0	0	0	0	0	0	0	0	0	0	0	0	0	0	0	0	0	184	0	0	0	0	0	0	0	0	0	204	0	0	0	3628	0	548	0	812	0	476	0	0	7920	34094	7056	0	1916	9608	600	46184	486	18658	0	2192	0	3886	0	1982	0	7352	0	340	0	0	0	390	5940	32868	0	958	0	0	0	0	0	0	0	0	0	0	0	168	0	0	0	2342	0	0	0	2054	0	0	0	0	0	0	0	0	0	0	0	0	0	0	0	0	0	0	0	0	0	0	0	0	0	0	
403144	Lingual_L	304	560	0	0	0	0	0	0	0	0	0	0	0	0	0	0	96	0	0	0	0	0	0	0	0	0	0	0	200	0	0	0	0	0	2718	548	4244	354	4442	0	0	0	17078	2972	4876	1916	0	3502	7196	514	13856	168	4654	362	14742	3030	166	0	936	0	0	0	0	0	0	0	6288	102	0	0	0	0	0	0	0	0	510	702	166	0	200	0	0	0	268	0	0	0	942	0	7318	4144	1818	180	1888	1358	21244	5300	19098	10422	352	0	250	118	304	1452	0	336	1580	3116	14102	5934	620	718	710	598	
314676	Lingual_R	0	530	0	132	0	0	0	0	0	0	0	0	0	0	0	0	0	464	0	114	0	0	0	0	0	0	0	0	0	422	0	0	0	0	0	2012	392	6966	480	6708	0	0	3628	24142	966	9608	3502	0	0	10820	0	6156	0	4758	366	23870	0	0	0	154	0	0	0	0	0	0	292	6236	0	0	0	0	0	1468	0	0	0	1400	0	158	0	240	0	0	0	184	0	0	0	686	1162	3030	308	404	518	296	2688	8590	2902	7606	0	0	0	0	182	274	0	0	188	802	6554	3430	890	0	0	660	
200780	Occipital_Sup_L	0	0	0	0	0	0	0	0	0	0	0	0	0	0	0	0	0	0	0	0	0	0	0	0	0	0	0	0	0	0	0	0	0	0	112	0	0	0	0	0	0	0	17434	590	19686	600	7196	0	0	0	33150	0	2142	0	1570	0	126	0	6132	0	620	0	0	0	260	0	9396	542	0	0	0	0	0	0	0	0	0	0	0	0	0	0	0	0	602	0	0	0	140	0	0	0	0	0	0	0	0	0	92	0	0	0	0	0	0	0	0	0	0	0	0	0	0	0	0	0	
372456	Occipital_Sup_R	0	0	0	0	0	0	0	0	0	0	0	0	0	0	0	0	0	0	0	192	0	0	0	0	0	0	0	0	0	0	0	0	0	3650	0	526	0	464	0	814	0	0	3988	27230	1664	46184	514	10820	0	0	0	28064	0	2330	0	4262	0	2642	0	10458	0	1026	0	0	0	3282	4186	28000	0	1090	0	0	0	0	0	0	0	0	0	0	0	132	0	0	0	2160	0	0	0	2550	0	0	0	0	0	0	0	0	0	0	0	0	0	0	0	0	0	0	0	0	0	0	0	0	0	0	
504976	Occipital_Mid_L	434	0	0	0	0	0	0	0	0	0	0	0	0	0	0	0	1368	0	0	0	0	0	0	0	0	0	0	0	374	0	0	0	668	0	940	0	0	0	252	0	0	0	29452	456	13966	486	13856	0	33150	0	0	0	18662	0	10238	0	12090	0	21000	0	17368	0	748	0	11752	0	22046	150	4946	0	0	0	0	0	0	0	0	0	1166	0	1226	0	0	0	27838	0	0	0	6904	0	0	0	0	0	0	0	0	0	546	110	0	0	0	0	0	0	0	0	0	0	114	182	0	0	0	0	
297512	Occipital_Mid_R	0	0	0	0	0	0	0	0	0	0	0	0	0	0	0	0	0	0	0	0	0	0	0	0	0	0	0	0	0	0	0	0	0	1122	0	214	0	864	0	942	0	0	550	15798	500	18658	168	6156	0	28064	0	0	0	6074	0	6428	0	1246	0	3744	0	614	0	144	0	13064	2346	15074	0	636	0	0	0	0	0	0	0	0	0	0	0	2806	0	0	0	18220	0	0	0	5324	0	0	0	0	0	0	0	0	0	0	0	0	0	0	0	0	0	0	0	0	0	0	0	0	0	0	
104412	Occipital_Inf_L	0	0	0	0	0	0	0	0	0	0	0	0	0	0	0	0	102	0	0	0	0	0	0	0	0	0	0	0	0	0	0	0	0	0	0	0	0	0	0	0	0	0	2392	0	1196	0	4654	0	2142	0	18662	0	0	0	10186	0	252	0	0	0	252	0	0	0	300	0	490	0	180	0	0	0	0	0	0	0	0	0	146	0	258	0	0	0	4644	0	0	0	6036	0	102	0	0	0	0	0	0	0	212	0	0	0	0	0	0	0	0	0	0	0	0	0	0	0	0	0	
70864	Occipital_Inf_R	0	0	0	0	0	0	0	0	0	0	0	0	0	0	0	0	0	0	0	0	0	0	0	0	0	0	0	0	0	0	0	0	0	0	0	0	0	0	0	0	0	0	312	5482	378	2192	362	4758	0	2330	0	6074	0	0	0	8112	0	0	0	0	0	0	0	0	0	0	0	670	0	0	0	0	0	0	0	0	0	0	0	0	0	0	0	0	0	288	0	0	0	2498	108	156	0	0	0	0	0	138	200	676	0	0	0	0	0	0	0	0	0	0	250	332	116	0	0	0	
483684	Fusiform_L	3434	182	1190	0	0	0	574	0	0	0	342	0	0	0	0	0	2128	0	0	0	0	0	0	0	0	0	0	0	7844	0	0	0	0	0	978	264	19480	160	9010	0	4020	0	3742	0	1454	0	14742	366	1570	0	10238	0	10186	0	0	686	3078	0	730	0	748	0	232	0	0	0	4276	0	1638	0	0	0	2792	0	0	0	172	166	3544	0	5552	0	1348	0	5606	0	2068	0	32168	0	20712	1668	5870	118	276	0	10810	1084	24630	2814	4248	0	4662	156	0	634	0	340	0	0	2752	2466	534	744	616	0	
433128	Fusiform_R	0	476	0	454	0	0	0	0	0	0	0	126	0	0	0	0	0	268	0	444	0	0	0	0	0	0	0	0	0	1182	0	0	0	256	0	584	0	25062	0	24084	0	5498	232	10684	222	3886	3030	23870	0	4262	0	6428	0	8112	686	0	0	438	0	126	0	0	0	0	0	0	178	4220	0	330	0	0	0	6026	0	118	0	902	0	0	0	780	0	2808	0	4622	0	742	0	16402	1490	10072	182	720	172	0	3260	12784	3870	14710	0	0	0	260	0	110	0	0	0	0	7382	3072	850	0	92	0	
519136	Postcentral_L	34272	436	5102	0	0	0	3392	0	0	0	6000	0	1166	0	0	0	12796	0	820	284	0	0	0	0	0	0	0	0	9526	0	0	0	130	234	968	442	2050	0	374	0	0	0	312	0	0	0	166	0	126	0	12090	0	252	0	3078	0	0	126	26464	0	36950	0	21274	0	6446	0	18810	0	22630	408	1778	238	1524	0	334	0	3144	622	5796	0	9668	0	186	0	4588	0	0	0	4566	0	0	0	0	0	0	0	0	0	0	0	0	0	0	0	0	0	0	0	0	0	0	0	0	0	0	0	
176340	Postcentral_R	102	10596	0	232	0	0	0	184	0	0	0	1360	0	0	0	0	0	1472	0	3330	0	0	0	0	0	0	0	0	0	1194	0	0	570	8120	238	4354	0	2068	0	290	0	0	0	272	0	1982	0	0	0	2642	0	1246	0	0	0	438	126	0	0	4876	0	5352	0	8412	0	304	152	5570	450	13216	0	0	0	1104	0	190	0	0	0	1032	0	2678	0	0	0	2706	0	0	0	1312	0	0	0	0	0	0	0	0	0	0	0	0	0	0	0	0	0	0	0	0	0	0	0	0	0	0	
295604	Parietal_Sup_L	1542	0	266	0	0	0	110	0	0	0	256	0	0	0	0	0	1734	0	148	0	0	0	0	0	0	0	0	0	674	0	0	0	558	0	542	0	0	0	0	0	0	0	2484	0	1468	0	936	0	6132	0	21000	0	0	0	730	0	26464	0	0	0	30204	0	5736	0	6426	0	26126	204	7062	0	0	0	0	0	0	0	0	0	438	0	3402	0	0	0	1264	0	0	0	1896	0	0	0	0	0	0	0	0	0	0	0	0	0	0	0	0	0	0	0	0	0	0	0	0	0	0	0	
111944	Parietal_Sup_R	0	0	0	0	0	0	0	0	0	0	0	0	0	0	0	0	0	0	0	0	0	0	0	0	0	0	0	0	0	0	0	0	0	742	0	118	0	0	0	0	0	0	0	654	0	7352	0	154	0	10458	0	3744	0	0	0	126	0	4876	0	0	0	5522	0	2412	0	3164	980	13624	0	254	0	0	0	0	0	0	0	0	0	0	0	768	0	0	0	788	0	0	0	236	0	0	0	0	0	0	0	0	0	0	0	0	0	0	0	0	0	0	0	0	0	0	0	0	0	0	
339956	Parietal_Inf_L	3748	0	438	0	0	0	282	0	0	0	334	0	0	0	0	0	1942	0	156	0	0	0	0	0	0	0	0	0	1350	0	0	0	126	0	228	0	92	0	0	0	0	0	118	0	0	0	0	0	620	0	17368	0	252	0	748	0	36950	0	30204	0	0	0	20740	0	15790	0	11944	0	7192	0	0	0	0	0	0	0	0	0	568	0	4320	0	0	0	7952	0	0	0	6516	0	0	0	0	0	0	0	0	0	0	0	0	0	0	0	0	0	0	0	0	0	0	0	0	0	0	0	
88184	Parietal_Inf_R	0	994	0	0	0	0	0	0	0	0	0	0	0	0	0	0	0	136	0	0	0	0	0	0	0	0	0	0	0	0	0	0	0	126	0	0	0	0	0	0	0	0	0	0	0	340	0	0	0	1026	0	614	0	0	0	0	0	5352	0	5522	0	0	0	14830	0	9738	0	524	0	0	0	0	0	0	0	0	0	0	0	0	0	2682	0	0	0	2208	0	0	0	0	0	0	0	0	0	0	0	0	0	0	0	0	0	0	0	0	0	0	0	0	0	0	0	0	0	0	
187276	SupraMarginal_L	2830	0	144	0	0	0	132	0	0	0	0	0	0	0	0	0	2628	0	0	0	0	0	0	0	0	0	0	0	978	0	0	0	0	0	0	0	0	0	0	0	0	0	0	0	0	0	0	0	0	0	748	0	0	0	232	0	21274	0	5736	0	20740	0	0	0	7898	0	3630	0	3698	0	0	0	0	0	0	0	0	0	474	0	7880	0	0	0	8006	0	0	0	6610	0	0	0	0	0	0	0	0	0	0	0	0	0	0	0	0	0	0	0	0	0	0	0	0	0	0	0	
97536	SupraMarginal_R	0	2004	0	132	0	0	0	0	0	0	0	120	0	0	0	0	0	2328	0	138	0	0	0	0	0	0	0	0	0	500	0	0	0	116	0	0	0	422	0	0	0	0	0	0	0	0	0	0	0	0	0	144	0	0	0	0	0	8412	0	2412	0	14830	0	0	0	5552	0	206	0	0	0	0	0	176	0	0	0	0	0	140	0	7370	0	0	0	3766	0	0	0	0	0	0	0	0	0	0	0	0	0	0	0	0	0	0	0	0	0	0	0	0	0	0	0	0	0	0	
142344	Angular_L	344	0	0	0	0	0	0	0	0	0	0	0	0	0	0	0	224	0	0	0	0	0	0	0	0	0	0	0	210	0	0	0	0	0	0	0	0	0	0	0	0	0	254	0	0	0	0	0	260	0	11752	0	300	0	0	0	6446	0	6426	0	15790	0	7898	0	0	0	4036	0	1206	0	0	0	0	0	0	0	0	0	0	0	2788	0	0	0	8476	0	0	0	4762	0	0	0	0	0	0	0	0	0	0	0	0	0	0	0	0	0	0	0	0	0	0	0	0	0	0	0	
100072	Angular_R	0	0	0	0	0	0	0	0	0	0	0	0	0	0	0	0	0	0	0	0	0	0	0	0	0	0	0	0	0	0	0	0	0	0	0	0	0	0	0	0	0	0	0	94	0	390	0	0	0	3282	0	13064	0	0	0	0	0	304	0	3164	0	9738	0	5552	0	0	0	338	0	0	0	0	0	0	0	0	0	0	0	0	0	5122	0	0	0	8686	0	0	0	302	0	0	0	0	0	0	0	0	0	0	0	0	0	0	0	0	0	0	0	0	0	0	0	0	0	0	
434276	Precuneus_L	478	166	0	0	0	0	0	0	0	0	0	0	0	0	0	0	1208	0	0	0	0	0	0	0	0	0	0	0	566	0	0	0	3074	2684	7728	1880	3348	252	2496	0	0	0	15320	1732	9780	5940	6288	292	9396	4186	22046	2346	490	0	4276	178	18810	152	26126	980	11944	0	3630	0	4036	0	0	15188	12410	194	0	0	0	0	0	0	0	114	1498	0	2988	0	0	0	7826	176	0	0	4426	226	0	0	0	0	0	0	264	0	0	0	0	0	0	0	0	0	0	0	0	0	0	0	0	0	0	0	
405076	Precuneus_R	0	1134	0	0	0	0	0	0	0	0	0	0	0	0	0	0	0	0	0	442	0	0	0	0	0	0	0	0	0	420	0	0	1174	11172	1070	12228	144	8234	0	3242	0	0	356	21402	1254	32868	102	6236	542	28000	150	15074	0	670	0	4220	0	5570	204	13624	0	524	0	206	0	338	15188	0	0	3290	0	0	0	0	0	0	0	1440	0	446	0	1058	0	0	0	5610	0	0	0	3432	0	0	0	0	0	0	0	178	0	0	0	0	0	0	0	0	0	0	0	0	1296	0	0	0	0	0	
366152	Paracentral_Lobule_L	27424	2628	11588	3910	0	0	262	0	0	0	108	0	0	0	0	0	1142	0	4018	15196	0	0	0	0	0	0	0	0	1182	0	130	0	4222	8950	3618	728	712	0	102	0	0	0	350	0	184	0	0	0	0	0	4946	0	180	0	1638	0	22630	450	7062	0	7192	0	3698	0	1206	0	12410	0	0	8600	6274	748	3726	114	490	0	6390	1276	880	0	1982	0	0	0	2560	0	0	0	2170	0	0	0	0	0	0	0	0	0	0	0	0	0	0	0	0	0	0	0	0	0	0	0	0	0	0	0	
265000	Paracentral_Lobule_R	2386	14672	0	0	0	0	0	0	0	0	0	0	0	0	0	0	0	0	1234	29060	0	0	0	0	0	0	0	0	0	102	0	0	1790	17864	592	7990	0	1034	0	232	0	0	0	174	0	958	0	0	0	1090	0	636	0	0	0	330	408	13216	0	254	0	0	0	0	0	0	194	3290	8600	0	350	10984	0	0	0	108	612	10876	0	370	0	1124	0	0	0	1244	0	0	0	726	0	0	0	0	0	0	0	0	0	0	0	0	0	0	0	0	0	0	0	0	0	0	0	0	0	0	
246604	Caudate_L	15588	438	12032	4466	606	222	1526	150	0	0	910	152	716	128	234	0	216	0	5816	6116	6666	5142	222	0	264	138	270	328	1616	240	8832	2880	112	212	0	0	146	0	0	0	0	0	0	0	0	0	0	0	0	0	0	0	0	0	0	0	1778	0	0	0	0	0	0	0	0	0	0	0	6274	350	0	10646	13478	3166	2578	2204	4754	1298	226	0	0	0	166	0	0	0	0	0	0	0	0	0	0	0	0	0	0	0	0	0	0	0	0	0	0	0	0	0	0	0	0	0	0	0	0	0	
383600	Caudate_R	856	18862	244	13854	0	4084	0	0	0	0	0	444	0	386	0	286	0	0	224	30872	4154	7616	0	2074	0	4300	0	1926	0	732	7354	17962	238	970	204	126	0	0	0	0	0	0	0	0	0	0	0	0	0	0	0	0	0	0	0	0	238	0	0	0	0	0	0	0	0	0	0	0	748	10984	10646	0	2556	16018	856	4006	1472	26508	0	0	0	0	0	0	0	0	0	0	0	0	0	0	0	0	0	0	0	0	0	0	0	0	0	0	0	0	0	0	0	0	0	0	0	0	0	0	
309660	Putamen_L	23600	0	20314	0	7788	0	1600	0	2640	0	1958	0	962	0	7330	0	318	0	3002	116	3160	1424	1116	0	938	162	944	0	16318	0	10028	2208	0	0	0	0	7456	0	1752	0	774	0	0	0	0	0	0	0	0	0	0	0	0	0	2792	0	1524	0	0	0	0	0	0	0	0	0	0	0	3726	0	13478	2556	0	1592	7638	868	742	0	94	0	384	0	928	0	0	0	0	0	2358	0	0	0	0	0	0	0	142	0	100	0	0	0	0	0	0	0	0	0	0	0	0	0	0	0	0	0	
344236	Putamen_R	0	2292	0	15596	0	3916	0	404	0	0	0	3672	0	560	0	1358	0	6046	206	17802	1594	3428	0	2114	0	2040	0	1436	0	21132	4222	11326	1000	2094	0	0	0	17380	0	4420	0	970	0	0	0	0	0	1468	0	0	0	0	0	0	0	6026	0	1104	0	0	0	0	0	176	0	0	0	0	114	0	3166	16018	1592	0	496	4604	0	1732	0	1060	0	2328	0	516	0	2038	0	0	0	3690	0	0	0	0	0	0	0	982	0	0	0	0	0	0	0	0	0	0	0	0	0	0	0	0	0	0	
74336	Pallidum_L	11144	0	4892	0	0	0	1592	0	0	0	694	0	0	0	0	0	126	0	528	0	382	414	0	0	0	0	0	0	186	0	794	724	0	0	0	0	376	0	0	0	0	0	0	0	0	0	0	0	0	0	0	0	0	0	0	0	334	0	0	0	0	0	0	0	0	0	0	0	490	0	2578	856	7638	496	0	348	2576	0	0	0	0	0	0	0	0	0	0	0	0	0	0	0	0	0	0	0	0	0	0	0	0	0	0	0	0	0	0	0	0	0	0	0	0	0	0	0	
56780	Pallidum_R	0	590	0	3538	0	0	0	0	0	0	0	130	0	0	0	0	0	212	0	4758	626	734	0	0	0	0	0	0	0	252	1300	1312	0	0	0	0	0	694	0	490	0	0	0	0	0	0	0	0	0	0	0	0	0	0	0	118	0	190	0	0	0	0	0	0	0	0	0	0	0	108	2204	4006	868	4604	348	0	0	1308	0	0	0	0	0	0	0	0	0	0	0	0	0	0	0	0	0	0	0	0	0	0	0	0	0	0	0	0	0	0	0	0	0	0	0	0	0	0	
183804	Thalamus_L	31454	3834	756	248	0	0	1514	0	0	0	0	0	0	0	0	0	0	0	0	856	0	0	0	0	0	0	0	0	224	0	0	0	0	124	4152	4812	6722	1910	2260	0	0	0	0	0	0	0	510	0	0	0	0	0	0	0	172	0	3144	0	0	0	0	0	0	0	0	0	0	0	6390	612	4754	1472	742	0	2576	0	0	12144	208	0	0	0	0	0	0	0	0	0	0	0	0	0	0	0	0	0	312	0	0	0	0	0	0	0	0	0	0	0	0	0	0	0	0	0	0	0	
319068	Thalamus_R	3620	33462	768	6238	0	0	0	342	0	0	0	0	0	0	0	0	0	322	206	21130	0	0	0	0	0	0	0	0	0	492	120	122	0	104	5660	7728	5440	7114	2926	814	0	0	0	0	0	0	702	1400	0	0	0	0	0	0	166	902	622	0	0	0	0	0	0	0	0	0	114	1440	1276	10876	1298	26508	0	1732	0	1308	12144	0	0	136	0	346	0	0	0	142	0	0	0	460	0	0	0	0	0	0	380	414	0	0	0	0	0	0	0	0	0	0	0	0	560	0	0	0	0	0	
134272	Heschl_L	7436	0	784	0	0	0	500	0	0	0	856	0	0	0	0	0	6964	0	122	0	0	0	0	0	0	0	0	0	7798	0	0	0	0	0	432	0	4226	0	0	0	0	0	730	0	332	0	166	0	0	0	1166	0	146	0	3544	0	5796	0	438	0	568	0	474	0	0	0	1498	0	880	0	226	0	94	0	0	0	208	0	0	0	9788	0	0	0	8018	0	0	0	3946	0	0	0	0	0	0	0	0	0	0	0	0	0	0	0	0	0	0	0	0	0	0	0	0	0	0	0	
39148	Heschl_R	0	0	0	262	0	0	0	0	0	0	0	434	0	0	0	0	0	3484	0	250	0	0	0	0	0	0	0	0	0	2590	0	0	0	0	0	0	0	1394	0	0	0	0	0	118	0	0	0	158	0	0	0	0	0	0	0	0	0	1032	0	0	0	0	0	140	0	0	0	446	0	370	0	0	0	1060	0	0	0	136	0	0	0	6516	0	0	0	994	0	0	0	190	0	0	0	0	0	0	0	0	0	0	0	0	0	0	0	0	0	0	0	0	0	0	0	0	0	0	
270520	Temporal_Sup_L	6070	0	2446	0	0	0	2698	0	0	0	6356	0	1052	0	0	0	13500	0	1900	0	0	0	0	0	0	0	0	0	7694	0	0	0	0	0	176	0	2980	0	176	0	0	0	800	0	284	0	200	0	0	0	1226	0	258	0	5552	0	9668	0	3402	0	4320	0	7880	0	2788	0	2988	0	1982	0	0	0	384	0	0	0	0	0	9788	0	0	0	5932	0	23978	0	0	0	8782	0	0	0	0	0	0	0	0	0	0	0	0	0	0	0	0	0	0	0	0	0	0	0	0	0	0	0	
167048	Temporal_Sup_R	0	202	0	308	0	0	0	0	0	0	0	558	0	0	0	770	0	5326	0	296	0	0	0	0	0	0	0	0	0	5206	0	0	0	146	0	0	0	3430	0	304	0	0	0	172	0	168	0	240	0	132	0	2806	0	0	0	780	0	2678	0	768	0	2682	0	7370	0	5122	0	1058	0	1124	0	0	0	2328	0	0	0	346	0	6516	0	0	0	4234	0	24058	0	270	0	4126	0	0	0	0	0	0	0	0	0	0	0	0	0	0	0	0	0	0	0	0	0	0	0	0	0	0	
114784	Temporal_Pole_Sup_L	2452	0	2306	0	492	0	1768	0	0	0	6072	0	714	0	666	0	5158	0	2868	0	562	0	0	0	0	0	0	0	8648	0	118	0	0	0	0	0	1782	0	208	0	914	0	0	0	0	0	0	0	0	0	0	0	0	0	1348	0	186	0	0	0	0	0	0	0	0	0	0	0	0	0	166	0	928	0	0	0	0	0	0	0	5932	0	0	0	7246	0	2978	0	3880	0	0	0	0	0	0	0	0	0	0	0	0	0	0	0	0	0	0	0	0	0	0	0	0	0	0	0	
59008	Temporal_Pole_Sup_R	0	0	0	0	0	0	0	0	0	0	0	0	0	0	0	1404	0	1268	0	0	0	0	0	0	0	0	0	0	0	1046	0	0	0	0	0	0	0	1396	0	2096	0	2408	0	0	0	0	0	0	0	0	0	0	0	0	0	2808	0	0	0	0	0	0	0	0	0	0	0	0	0	0	0	0	0	516	0	0	0	0	0	0	0	4234	0	0	0	5164	0	4366	0	2798	0	0	0	0	0	0	0	0	0	0	0	0	0	0	0	0	0	0	0	0	0	0	0	0	0	0	
336320	Temporal_Mid_L	796	0	0	0	0	0	0	0	0	0	0	0	0	0	0	0	1638	0	0	0	0	0	0	0	0	0	0	0	1060	0	0	0	0	0	262	0	1606	0	108	0	0	0	5586	0	1532	0	268	0	602	0	27838	0	4644	0	5606	0	4588	0	1264	0	7952	0	8006	0	8476	0	7826	0	2560	0	0	0	0	0	0	0	0	0	8018	0	23978	0	7246	0	0	0	3218	0	33482	0	0	0	0	0	0	0	0	0	0	0	0	0	0	0	0	0	0	0	0	0	0	0	0	0	0	0	
251980	Temporal_Mid_R	0	130	0	0	0	0	0	0	0	0	0	0	0	0	0	202	0	506	0	0	0	0	0	0	0	0	0	0	0	1458	0	0	0	500	0	494	0	6706	0	1112	0	230	0	4630	0	2342	0	184	0	2160	0	18220	0	288	0	4622	0	2706	0	788	0	2208	0	3766	0	8686	176	5610	0	1244	0	0	0	2038	0	0	0	142	0	994	0	24058	0	5164	0	0	0	1686	0	22848	0	0	0	0	0	0	0	92	0	0	0	0	0	0	0	0	0	0	0	0	0	0	0	0	0	0	
28528	Temporal_Pole_Mid_L	0	0	0	0	0	0	0	0	0	0	0	0	0	0	0	0	0	0	0	0	0	0	0	0	0	0	0	0	498	0	0	0	0	0	0	0	1184	0	176	0	512	0	0	0	0	0	0	0	0	0	0	0	0	0	2068	0	0	0	0	0	0	0	0	0	0	0	0	0	0	0	0	0	0	0	0	0	0	0	0	0	0	0	2978	0	3218	0	0	0	3630	0	0	0	0	0	0	0	0	0	0	0	0	0	0	0	0	0	0	0	0	0	0	0	0	0	0	0	
20212	Temporal_Pole_Mid_R	0	0	0	0	0	0	0	0	0	0	0	0	0	0	0	134	0	176	0	0	0	0	0	0	0	0	0	0	0	0	0	0	0	0	0	0	0	114	0	996	0	272	0	0	0	0	0	0	0	0	0	0	0	0	0	742	0	0	0	0	0	0	0	0	0	0	0	0	0	0	0	0	0	0	0	0	0	0	0	0	0	270	0	4366	0	1686	0	0	0	1350	0	0	0	0	0	0	0	0	0	0	0	0	0	0	0	0	0	0	0	0	0	0	0	0	0	0	
345184	Temporal_Inf_L	2650	0	644	0	0	0	346	0	0	0	100	0	0	0	0	0	1280	0	0	0	0	0	0	0	0	0	0	0	6632	0	0	0	0	0	238	0	13864	0	3588	0	2116	0	1722	0	500	0	942	0	140	0	6904	0	6036	0	32168	0	4566	0	1896	0	6516	0	6610	0	4762	0	4426	0	2170	0	0	0	2358	0	0	0	0	0	3946	0	8782	0	3880	0	33482	0	3630	0	0	0	2370	0	0	0	0	0	1104	0	2224	0	0	0	0	0	0	0	0	0	0	0	0	0	0	0	0	0	
200240	Temporal_Inf_R	0	276	0	0	0	0	0	0	0	0	0	0	0	0	0	0	0	0	0	0	0	0	0	0	0	0	0	0	0	1006	0	0	0	386	0	424	0	14480	0	6052	0	1204	0	3742	0	2054	0	686	0	2550	0	5324	0	2498	0	16402	0	1312	0	236	0	0	0	0	0	302	226	3432	0	726	0	0	0	3690	0	0	0	460	0	190	0	4126	0	2798	0	22848	0	1350	0	0	0	652	0	186	0	0	0	308	0	194	0	0	0	0	0	0	0	0	0	0	0	0	0	0	0	0	
516728	Cerebelum_Crus1_L	0	0	0	0	0	0	0	0	0	0	0	0	0	0	0	0	0	0	0	0	0	0	0	0	0	0	0	0	0	0	0	0	0	0	0	0	0	0	0	0	0	0	0	0	0	0	7318	1162	0	0	0	0	102	108	20712	1490	0	0	0	0	0	0	0	0	0	0	0	0	0	0	0	0	0	0	0	0	0	0	0	0	0	0	0	0	0	0	0	0	2370	0	0	5708	39878	1730	2254	172	23974	2382	62954	7178	20876	178	22788	1114	3374	1972	1394	552	396	620	5658	5804	7492	3296	3060	298	
496172	Cerebelum_Crus1_R	0	0	0	0	0	0	0	0	0	0	0	0	0	0	0	0	0	0	0	0	0	0	0	0	0	0	0	0	0	0	0	0	0	0	0	0	0	0	0	0	0	0	0	0	0	0	4144	3030	0	0	0	0	0	156	1668	10072	0	0	0	0	0	0	0	0	0	0	0	0	0	0	0	0	0	0	0	0	0	0	0	0	0	0	0	0	0	0	0	0	0	652	5708	0	3874	34460	1088	3024	8836	26056	9434	56950	2332	4230	3102	24624	326	2048	0	488	742	1718	17032	6764	10096	2972	1878	582	
424632	Cerebelum_Crus2_L	0	0	0	0	0	0	0	0	0	0	0	0	0	0	0	0	0	0	0	0	0	0	0	0	0	0	0	0	0	0	0	0	0	0	0	0	0	0	0	0	0	0	0	0	0	0	1818	308	0	0	0	0	0	0	5870	182	0	0	0	0	0	0	0	0	0	0	0	0	0	0	0	0	0	0	0	0	0	0	0	0	0	0	0	0	0	0	0	0	0	0	39878	3874	0	13988	372	0	860	0	13046	2002	44038	6360	37708	10138	3980	734	1552	0	0	0	0	2460	16162	5736	1250	0	
323160	Cerebelum_Crus2_R	0	0	0	0	0	0	0	0	0	0	0	0	0	0	0	0	0	0	0	0	0	0	0	0	0	0	0	0	0	0	0	0	0	0	0	0	0	0	0	0	0	0	0	0	0	0	180	404	0	0	0	0	0	0	118	720	0	0	0	0	0	0	0	0	0	0	0	0	0	0	0	0	0	0	0	0	0	0	0	0	0	0	0	0	0	0	0	0	0	186	1730	34460	13988	0	0	114	120	260	960	3158	11842	18746	9136	39360	228	2778	0	160	96	130	188	1356	15244	4892	1026	0	
86148	Cerebelum_3_L	0	0	0	0	0	0	0	0	0	0	0	0	0	0	0	0	0	0	0	0	0	0	0	0	0	0	0	0	0	0	0	0	0	0	0	0	0	0	0	0	0	0	0	0	0	0	1888	518	0	0	0	0	0	0	276	172	0	0	0	0	0	0	0	0	0	0	0	0	0	0	0	0	0	0	0	0	0	0	0	0	0	0	0	0	0	0	0	0	0	0	2254	1088	372	0	0	460	10810	1450	6932	1934	322	0	252	0	612	762	154	0	2640	4650	3528	1012	0	344	424	220	
61364	Cerebelum_3_R	0	0	0	0	0	0	0	0	0	0	0	0	0	0	0	0	0	0	0	0	0	0	0	0	0	0	0	0	0	0	0	0	0	0	0	0	120	0	216	106	0	0	0	0	0	0	1358	296	0	0	0	0	0	0	0	0	0	0	0	0	0	0	0	0	0	0	0	0	0	0	0	0	0	0	0	0	0	0	0	0	0	0	0	0	0	0	0	0	0	0	172	3024	0	114	460	0	2240	4284	1058	5760	0	0	0	0	294	1138	0	0	338	4384	2966	1352	0	358	644	0	
455408	Cerebelum_4_5_L	222	336	0	0	0	0	0	0	0	0	0	0	0	0	0	0	0	0	0	0	0	0	0	0	0	0	0	0	232	0	0	0	0	0	454	340	1386	218	1468	0	0	0	210	0	0	0	21244	2688	0	0	0	0	0	0	10810	3260	0	0	0	0	0	0	0	0	0	0	264	0	0	0	0	0	142	0	0	0	312	380	0	0	0	0	0	0	0	0	0	0	1104	0	23974	8836	860	120	10810	2240	0	12842	46368	15968	1002	0	1158	188	3738	3478	418	458	3290	6796	27962	6664	138	1408	2050	1868	
329404	Cerebelum_4_5_R	0	92	0	124	0	0	0	0	0	0	0	0	0	0	0	0	0	0	0	118	0	0	0	0	0	0	0	0	0	98	0	0	0	0	0	94	0	3622	0	5162	0	0	0	0	0	0	5300	8590	0	0	0	0	0	138	1084	12784	0	0	0	0	0	0	0	0	0	0	0	178	0	0	0	0	0	982	0	0	0	414	0	0	0	0	0	0	0	92	0	0	0	308	2382	26056	0	260	1450	4284	12842	0	8006	36192	0	0	0	194	568	660	0	0	1112	2438	24886	2254	0	104	320	1514	
637112	Cerebelum_6_L	0	0	0	0	0	0	0	0	0	0	0	0	0	0	0	0	0	0	0	0	0	0	0	0	0	0	0	0	148	0	0	0	0	0	0	0	300	0	234	0	0	0	136	0	0	0	19098	2902	92	0	546	0	212	200	24630	3870	0	0	0	0	0	0	0	0	0	0	0	0	0	0	0	0	100	0	0	0	0	0	0	0	0	0	0	0	0	0	0	0	2224	0	62954	9434	13046	960	6932	1058	46368	8006	0	18394	9046	122	9016	616	4780	7412	1914	1730	2982	4976	19646	15908	3902	6466	6900	1296	
539580	Cerebelum_6_R	0	0	0	0	0	0	0	0	0	0	0	0	0	0	0	0	0	0	0	0	0	0	0	0	0	0	0	0	0	0	0	0	0	0	0	0	0	250	0	282	0	0	0	184	0	0	10422	7606	0	0	110	0	0	676	2814	14710	0	0	0	0	0	0	0	0	0	0	0	0	0	0	0	0	0	0	0	0	0	0	0	0	0	0	0	0	0	0	0	0	0	194	7178	56950	2002	3158	1934	5760	15968	36192	18394	0	1190	498	812	2582	1238	6532	310	2254	1310	4458	28144	17224	5292	6188	6040	934	
361548	Cerebelum_7b_L	0	0	0	0	0	0	0	0	0	0	0	0	0	0	0	0	0	0	0	0	0	0	0	0	0	0	0	0	0	0	0	0	0	0	0	0	0	0	0	0	0	0	0	0	0	0	352	0	0	0	0	0	0	0	4248	0	0	0	0	0	0	0	0	0	0	0	0	0	0	0	0	0	0	0	0	0	0	0	0	0	0	0	0	0	0	0	0	0	0	0	20876	2332	44038	11842	322	0	1002	0	9046	1190	0	6238	39278	10718	2732	1428	1468	294	0	140	200	1372	12504	7736	1418	0	
132272	Cerebelum_7b_R	0	0	0	0	0	0	0	0	0	0	0	0	0	0	0	0	0	0	0	0	0	0	0	0	0	0	0	0	0	0	0	0	0	0	0	0	0	0	0	0	0	0	0	0	0	0	0	0	0	0	0	0	0	0	0	0	0	0	0	0	0	0	0	0	0	0	0	0	0	0	0	0	0	0	0	0	0	0	0	0	0	0	0	0	0	0	0	0	0	0	178	4230	6360	18746	0	0	0	0	122	498	6238	0	2794	18354	0	1294	0	0	0	0	0	0	3970	3214	138	0	
367116	Cerebelum_8_L	0	0	0	0	0	0	0	0	0	0	0	0	0	0	0	0	0	0	0	0	0	0	0	0	0	0	0	0	0	0	0	0	0	0	0	0	0	0	0	0	0	0	0	0	0	0	250	0	0	0	0	0	0	0	4662	0	0	0	0	0	0	0	0	0	0	0	0	0	0	0	0	0	0	0	0	0	0	0	0	0	0	0	0	0	0	0	0	0	0	0	22788	3102	37708	9136	252	0	1158	0	9016	812	39278	2794	0	9506	15226	1606	3196	146	0	0	0	888	11242	8044	2588	160	
311140	Cerebelum_8_R	0	0	0	0	0	0	0	0	0	0	0	0	0	0	0	0	0	0	0	0	0	0	0	0	0	0	0	0	0	0	0	0	0	0	0	0	0	0	0	0	0	0	0	0	0	0	118	0	0	0	0	0	0	0	156	260	0	0	0	0	0	0	0	0	0	0	0	0	0	0	0	0	0	0	0	0	0	0	0	0	0	0	0	0	0	0	0	0	0	0	1114	24624	10138	39360	0	0	188	194	616	2582	10718	18354	9506	0	504	13830	0	290	116	144	172	426	10764	8318	2948	130	
124144	Cerebelum_9_L	0	0	0	0	0	0	0	0	0	0	0	0	0	0	0	0	0	0	0	0	0	0	0	0	0	0	0	0	0	0	0	0	0	0	0	0	0	0	0	0	0	0	0	0	0	0	304	182	0	0	0	0	0	0	0	0	0	0	0	0	0	0	0	0	0	0	0	0	0	0	0	0	0	0	0	0	0	0	0	0	0	0	0	0	0	0	0	0	0	0	3374	326	3980	228	612	294	3738	568	4780	1238	2732	0	15226	504	0	3002	3912	228	350	826	2048	3634	1330	2762	4176	1718	
177036	Cerebelum_9_R	0	0	0	0	0	0	0	0	0	0	0	0	0	0	0	0	0	0	0	0	0	0	0	0	0	0	0	0	0	0	0	0	0	0	0	0	0	0	0	0	0	0	0	0	0	0	1452	274	0	0	0	0	0	0	634	110	0	0	0	0	0	0	0	0	0	0	0	0	0	0	0	0	0	0	0	0	0	0	0	0	0	0	0	0	0	0	0	0	0	0	1972	2048	734	2778	762	1138	3478	660	7412	6532	1428	1294	1606	13830	3002	0	532	1908	1050	2856	3978	8666	1268	5902	8968	2246	
34564	Cerebelum_10_L	0	0	0	0	0	0	0	0	0	0	0	0	0	0	0	0	0	0	0	0	0	0	0	0	0	0	0	0	0	0	0	0	0	0	0	0	0	0	0	0	0	0	0	0	0	0	0	0	0	0	0	0	0	0	0	0	0	0	0	0	0	0	0	0	0	0	0	0	0	0	0	0	0	0	0	0	0	0	0	0	0	0	0	0	0	0	0	0	0	0	1394	0	1552	0	154	0	418	0	1914	310	1468	0	3196	0	3912	532	0	130	0	106	114	632	224	596	630	0	
29044	Cerebelum_10_R	0	0	0	0	0	0	0	0	0	0	0	0	0	0	0	0	0	0	0	0	0	0	0	0	0	0	0	0	0	0	0	0	0	0	0	0	0	0	0	0	0	0	0	0	0	0	336	0	0	0	0	0	0	0	340	0	0	0	0	0	0	0	0	0	0	0	0	0	0	0	0	0	0	0	0	0	0	0	0	0	0	0	0	0	0	0	0	0	0	0	552	488	0	160	0	0	458	0	1730	2254	294	0	146	290	228	1908	130	0	0	0	412	1824	214	1410	1348	0	
56340	Vermis_1_2	0	0	0	0	0	0	0	0	0	0	0	0	0	0	0	0	0	0	0	0	0	0	0	0	0	0	0	0	0	0	0	0	0	0	0	0	0	0	0	0	0	0	0	0	0	0	1580	188	0	0	0	0	0	0	0	0	0	0	0	0	0	0	0	0	0	0	0	0	0	0	0	0	0	0	0	0	0	0	0	0	0	0	0	0	0	0	0	0	0	0	396	742	0	96	2640	338	3290	1112	2982	1310	0	0	0	116	350	1050	0	0	0	6044	3416	1104	0	222	524	670	
116668	Vermis_3	0	0	0	0	0	0	0	0	0	0	0	0	0	0	0	0	0	0	0	0	0	0	0	0	0	0	0	0	0	0	0	0	0	0	0	0	214	0	526	0	0	0	0	0	0	0	3116	802	0	0	0	0	0	0	0	0	0	0	0	0	0	0	0	0	0	0	0	0	0	0	0	0	0	0	0	0	0	0	0	0	0	0	0	0	0	0	0	0	0	0	620	1718	0	130	4650	4384	6796	2438	4976	4458	140	0	0	144	826	2856	106	0	6044	0	7232	3032	0	680	1474	972	
394004	Vermis_4_5	0	0	0	0	0	0	0	0	0	0	0	0	0	0	0	0	0	0	0	0	0	0	0	0	0	0	0	0	0	0	0	0	0	0	0	874	0	734	0	142	0	0	0	100	0	0	14102	6554	0	0	114	0	0	250	2752	7382	0	0	0	0	0	0	0	0	0	0	0	1296	0	0	0	0	0	0	0	0	0	560	0	0	0	0	0	0	0	0	0	0	0	0	5658	17032	0	188	3528	2966	27962	24886	19646	28144	200	0	0	172	2048	3978	114	412	3416	7232	0	8296	0	1102	2018	3144	
257192	Vermis_6	0	0	0	0	0	0	0	0	0	0	0	0	0	0	0	0	0	0	0	0	0	0	0	0	0	0	0	0	0	0	0	0	0	0	0	0	0	0	0	0	0	0	0	0	0	0	5934	3430	0	0	182	0	0	332	2466	3072	0	0	0	0	0	0	0	0	0	0	0	0	0	0	0	0	0	0	0	0	0	0	0	0	0	0	0	0	0	0	0	0	0	0	5804	6764	2460	1356	1012	1352	6664	2254	15908	17224	1372	0	888	426	3634	8666	632	1824	1104	3032	8296	0	4538	6762	8018	3190	
235868	Vermis_7	0	0	0	0	0	0	0	0	0	0	0	0	0	0	0	0	0	0	0	0	0	0	0	0	0	0	0	0	0	0	0	0	0	0	0	0	0	0	0	0	0	0	0	0	0	0	620	890	0	0	0	0	0	116	534	850	0	0	0	0	0	0	0	0	0	0	0	0	0	0	0	0	0	0	0	0	0	0	0	0	0	0	0	0	0	0	0	0	0	0	7492	10096	16162	15244	0	0	138	0	3902	5292	12504	3970	11242	10764	1330	1268	224	214	0	0	0	4538	0	6894	3542	108	
192028	Vermis_8	0	0	0	0	0	0	0	0	0	0	0	0	0	0	0	0	0	0	0	0	0	0	0	0	0	0	0	0	0	0	0	0	0	0	0	0	0	0	0	0	0	0	0	0	0	0	718	0	0	0	0	0	0	0	744	0	0	0	0	0	0	0	0	0	0	0	0	0	0	0	0	0	0	0	0	0	0	0	0	0	0	0	0	0	0	0	0	0	0	0	3296	2972	5736	4892	344	358	1408	104	6466	6188	7736	3214	8044	8318	2762	5902	596	1410	222	680	1102	6762	6894	0	8712	434	
146700	Vermis_9	0	0	0	0	0	0	0	0	0	0	0	0	0	0	0	0	0	0	0	0	0	0	0	0	0	0	0	0	0	0	0	0	0	0	0	0	0	0	0	0	0	0	0	0	0	0	710	0	0	0	0	0	0	0	616	92	0	0	0	0	0	0	0	0	0	0	0	0	0	0	0	0	0	0	0	0	0	0	0	0	0	0	0	0	0	0	0	0	0	0	3060	1878	1250	1026	424	644	2050	320	6900	6040	1418	138	2588	2948	4176	8968	630	1348	524	1474	2018	8018	3542	8712	0	1838	
45160	Vermis_10	0	0	0	0	0	0	0	0	0	0	0	0	0	0	0	0	0	0	0	0	0	0	0	0	0	0	0	0	0	0	0	0	0	0	0	0	0	0	0	0	0	0	0	0	0	0	598	660	0	0	0	0	0	0	0	0	0	0	0	0	0	0	0	0	0	0	0	0	0	0	0	0	0	0	0	0	0	0	0	0	0	0	0	0	0	0	0	0	0	0	298	582	0	0	220	0	1868	1514	1296	934	0	0	160	130	1718	2246	0	0	670	972	3144	3190	108	434	1838	0	
