data	data	468172	320056	1.00959e+06	1.01084e+06	167188	106092	468072	217256	63044	55480	279240	179904	308928	164840	194560	90372	248548	113480	683780	560208	98416	93264	325892	346680	43368	89216	54320	52596	705200	356448	386256	456744	173216	431568	233168	197844	284588	475436	132668	402016	39520	71904	350476	361964	176156	308400	335028	444564	171888	265152	496764	278868	161468	111340	491284	639328	341664	120352	88684	58912	204052	83336	95564	130196	111004	107172	426944	426980	184172	69688	373776	435080	443140	382100	50652	54656	148772	250568	90280	44576	194052	140908	98496	65736	261844	256808	41304	25036	194872	256764	562260	448584	377184	281916	91764	147832	394100	352620	580136	496304	247868	103560	325100	351164	128980	141736	29668	14884	67160	122524	280140	203368	233804	141912	107900	40572	
data	data	Precentral_L	Precentral_R	Frontal_Sup_L	Frontal_Sup_R	Frontal_Sup_Orb_L	Frontal_Sup_Orb_R	Frontal_Mid_L	Frontal_Mid_R	Frontal_Mid_Orb_L	Frontal_Mid_Orb_R	Frontal_Inf_Oper_L	Frontal_Inf_Oper_R	Frontal_Inf_Tri_L	Frontal_Inf_Tri_R	Frontal_Inf_Orb_L	Frontal_Inf_Orb_R	Rolandic_Oper_L	Rolandic_Oper_R	Supp_Motor_Area_L	Supp_Motor_Area_R	Olfactory_L	Olfactory_R	Frontal_Sup_Medial_L	Frontal_Sup_Medial_R	Frontal_Med_Orb_L	Frontal_Med_Orb_R	Rectus_L	Rectus_R	Insula_L	Insula_R	Cingulum_Ant_L	Cingulum_Ant_R	Cingulum_Mid_L	Cingulum_Mid_R	Cingulum_Post_L	Cingulum_Post_R	Hippocampus_L	Hippocampus_R	ParaHippocampal_L	ParaHippocampal_R	Amygdala_L	Amygdala_R	Calcarine_L	Calcarine_R	Cuneus_L	Cuneus_R	Lingual_L	Lingual_R	Occipital_Sup_L	Occipital_Sup_R	Occipital_Mid_L	Occipital_Mid_R	Occipital_Inf_L	Occipital_Inf_R	Fusiform_L	Fusiform_R	Postcentral_L	Postcentral_R	Parietal_Sup_L	Parietal_Sup_R	Parietal_Inf_L	Parietal_Inf_R	SupraMarginal_L	SupraMarginal_R	Angular_L	Angular_R	Precuneus_L	Precuneus_R	Paracentral_Lobule_L	Paracentral_Lobule_R	Caudate_L	Caudate_R	Putamen_L	Putamen_R	Pallidum_L	Pallidum_R	Thalamus_L	Thalamus_R	Heschl_L	Heschl_R	Temporal_Sup_L	Temporal_Sup_R	Temporal_Pole_Sup_L	Temporal_Pole_Sup_R	Temporal_Mid_L	Temporal_Mid_R	Temporal_Pole_Mid_L	Temporal_Pole_Mid_R	Temporal_Inf_L	Temporal_Inf_R	Cerebelum_Crus1_L	Cerebelum_Crus1_R	Cerebelum_Crus2_L	Cerebelum_Crus2_R	Cerebelum_3_L	Cerebelum_3_R	Cerebelum_4_5_L	Cerebelum_4_5_R	Cerebelum_6_L	Cerebelum_6_R	Cerebelum_7b_L	Cerebelum_7b_R	Cerebelum_8_L	Cerebelum_8_R	Cerebelum_9_L	Cerebelum_9_R	Cerebelum_10_L	Cerebelum_10_R	Vermis_1_2	Vermis_3	Vermis_4_5	Vermis_6	Vermis_7	Vermis_8	Vermis_9	Vermis_10	
468172	Precentral_L	0	5270	17452	4274	186	0	18572	0	0	0	16424	0	2980	0	0	0	11604	0	7768	4418	112	0	150	0	0	0	0	0	13262	86	1100	0	450	2070	3896	606	3268	862	122	174	94	0	1348	0	536	0	480	0	94	0	5656	0	314	0	2954	286	36100	386	98	0	3346	0	1674	0	836	0	2114	144	17508	1514	4542	1476	5102	0	766	0	18656	2092	3040	0	2284	0	90	0	4294	0	0	0	604	408	144	0	0	0	0	0	0	0	0	0	0	0	0	0	0	0	0	0	0	0	0	0	0	0	0	0	
320056	Precentral_R	5270	0	1852	33256	0	0	0	12504	0	0	0	4118	0	0	0	0	84	2762	2980	2320	0	0	0	0	0	0	0	0	126	5890	0	0	108	1406	694	858	0	3700	0	1618	0	238	0	236	0	180	0	750	0	0	0	178	0	178	102	2078	576	15926	0	0	0	1458	0	4544	0	0	138	1420	5886	1970	396	9092	342	3998	142	816	290	24078	0	766	0	1820	0	0	0	1376	0	0	0	1508	0	0	0	0	0	0	0	0	0	0	0	0	0	0	0	0	0	0	0	0	0	0	0	0	0	0	
1.00959e+06	Frontal_Sup_L	17452	1852	0	26494	10342	0	60568	514	2122	0	12564	194	21240	238	8894	0	11678	0	83504	16792	290	258	38202	7086	826	424	106	0	39660	112	24752	7912	7362	2454	290	0	6366	210	0	148	0	0	0	0	0	0	0	0	0	0	726	0	0	0	1162	0	6482	0	0	0	0	0	0	0	0	0	0	0	3878	0	23290	3522	29992	208	5882	0	9770	3534	1870	0	2044	0	1148	0	262	0	0	0	118	0	0	0	0	0	0	0	0	0	0	0	0	0	0	0	0	0	0	0	0	0	0	0	0	0	0	0	
1.01084e+06	Frontal_Sup_R	4274	33256	26494	0	164	5038	2816	25678	0	1506	2284	13482	252	13008	0	2892	500	4580	35660	63746	0	274	7762	37988	0	3960	0	424	2960	13588	6548	35822	2902	22448	280	574	742	3156	0	1588	0	288	0	84	0	0	0	422	0	0	0	0	0	108	0	1606	412	1314	0	0	0	174	0	1860	0	0	110	564	3956	362	14736	42182	3340	22930	210	1642	1356	28244	98	210	202	770	174	226	0	560	0	0	0	632	0	0	0	0	0	0	0	0	0	0	0	0	0	0	0	0	0	0	0	0	0	0	0	0	0	0	
167188	Frontal_Sup_Orb_L	186	0	10342	164	0	0	2414	0	8768	0	502	0	4088	0	12028	0	0	0	544	0	2370	344	4028	112	4188	330	5134	0	11142	0	4232	242	0	0	0	0	728	0	0	0	110	0	0	0	0	0	0	0	0	0	0	0	0	0	0	0	0	0	0	0	0	0	0	0	0	0	0	0	0	0	1654	336	8504	0	0	0	678	0	0	0	0	0	426	0	0	0	0	0	0	0	0	0	0	0	0	0	0	0	0	0	0	0	0	0	0	0	0	0	0	0	0	0	0	0	0	0	
106092	Frontal_Sup_Orb_R	0	0	0	5038	0	0	0	3002	0	7472	0	0	0	794	0	3840	0	0	0	284	0	986	166	3174	0	6896	144	7234	0	1108	638	2100	0	194	0	0	0	0	0	0	0	0	0	0	0	0	0	0	0	0	0	0	0	0	0	0	0	0	0	0	0	0	0	0	0	0	0	0	0	0	0	4860	0	4798	0	318	0	0	0	0	0	0	0	0	0	0	0	0	0	0	0	0	0	0	0	0	0	0	0	0	0	0	0	0	0	0	0	0	0	0	0	0	0	0	0	0	
468072	Frontal_Mid_L	18572	0	60568	2816	2414	0	0	0	2046	0	16360	0	31348	0	9428	0	6712	0	14658	1298	104	142	7396	722	0	0	0	0	27272	0	6208	2008	914	358	0	0	2450	0	0	0	0	0	0	0	0	0	0	0	0	0	284	0	0	0	502	0	3444	0	0	0	0	0	0	0	0	0	0	0	0	0	2260	724	6366	0	776	0	3176	384	1444	0	490	0	392	0	0	0	0	0	0	0	0	0	0	0	0	0	0	0	0	0	0	0	0	0	0	0	0	0	0	0	0	0	0	0	0	0	
217256	Frontal_Mid_R	0	12504	514	25678	0	3002	0	0	0	3314	220	10768	0	14630	0	2404	0	1034	1514	2658	0	316	0	2186	0	0	0	132	238	4178	0	2534	0	1084	0	0	0	1420	0	790	0	0	0	0	0	0	0	84	0	0	0	0	0	0	0	796	0	222	0	0	0	0	0	156	0	0	0	0	0	0	1318	3192	204	5442	0	700	962	2832	0	330	0	430	0	0	0	412	0	0	0	430	0	0	0	0	0	0	0	0	0	0	0	0	0	0	0	0	0	0	0	0	0	0	0	0	0	0	
63044	Frontal_Mid_Orb_L	0	0	2122	0	8768	0	2046	0	0	0	0	0	546	0	12034	0	0	0	0	0	120	0	0	0	212	0	824	0	2608	0	92	0	0	0	0	0	0	0	0	0	0	0	0	0	0	0	0	0	0	0	0	0	0	0	0	0	0	0	0	0	0	0	0	0	0	0	0	0	0	0	0	0	2010	0	0	0	0	0	0	0	0	0	140	0	0	0	0	0	0	0	0	0	0	0	0	0	0	0	0	0	0	0	0	0	0	0	0	0	0	0	0	0	0	0	0	0	
55480	Frontal_Mid_Orb_R	0	0	0	1506	0	7472	0	3314	0	0	0	0	0	1662	0	7032	0	0	90	432	0	196	0	180	0	0	0	864	0	774	0	0	0	232	0	0	0	0	0	0	0	0	0	0	0	0	0	0	0	0	0	0	0	0	0	0	0	0	0	0	0	0	0	0	0	0	0	0	0	0	0	1472	0	2320	0	194	0	0	0	0	0	0	0	0	0	0	0	0	0	0	0	0	0	0	0	0	0	0	0	0	0	0	0	0	0	0	0	0	0	0	0	0	0	0	0	0	
279240	Frontal_Inf_Oper_L	16424	0	12564	2284	502	0	16360	220	0	0	0	152	14994	116	860	0	10122	0	5508	1512	0	0	1108	124	0	0	0	0	26060	120	4460	964	114	108	0	0	576	0	0	0	0	0	0	0	0	0	0	0	0	0	186	0	0	0	434	0	5502	0	0	0	0	0	0	0	0	0	0	0	0	0	7106	436	2802	0	0	0	214	0	908	0	3004	0	3240	0	536	0	0	0	0	0	0	0	0	0	0	0	0	0	0	0	0	0	0	0	0	0	0	0	0	0	0	0	0	0	0	0	
179904	Frontal_Inf_Oper_R	0	4118	194	13482	0	0	0	10768	0	0	152	0	0	15912	0	152	0	3758	1694	5510	0	0	0	430	0	0	0	0	196	15222	0	2588	0	1084	0	0	0	1572	0	710	0	0	0	0	0	0	0	0	0	0	0	0	0	0	0	746	0	1294	0	0	0	0	0	0	0	0	0	0	0	0	388	892	108	5804	0	578	84	610	0	180	0	300	0	458	0	462	0	0	0	506	0	0	0	0	0	0	0	0	0	0	0	0	0	0	0	0	0	0	0	0	0	0	0	0	0	0	
308928	Frontal_Inf_Tri_L	2980	0	21240	252	4088	0	31348	0	546	0	14994	0	0	0	13020	0	2382	0	3862	262	0	0	4714	120	0	0	0	0	36894	0	4380	1726	180	0	0	0	736	0	0	0	0	0	0	0	0	0	0	0	0	0	0	0	0	0	0	0	746	0	0	0	0	0	0	0	0	0	0	0	0	0	2368	266	4674	0	0	0	552	0	260	0	528	0	1346	0	0	0	0	0	0	0	0	0	0	0	0	0	0	0	0	0	0	0	0	0	0	0	0	0	0	0	0	0	0	0	0	0	
164840	Frontal_Inf_Tri_R	0	0	238	13008	0	794	0	14630	0	1662	116	15912	0	0	0	4466	0	480	2534	5722	0	0	0	1124	0	0	0	0	170	10208	0	3466	0	2130	0	0	0	562	0	266	0	0	0	0	0	0	0	0	0	0	0	0	0	0	0	268	0	0	0	0	0	0	0	0	0	0	0	0	0	0	316	1472	128	2748	0	0	0	0	0	0	0	0	0	0	0	0	0	0	0	0	0	0	0	0	0	0	0	0	0	0	0	0	0	0	0	0	0	0	0	0	0	0	0	0	0	0	
194560	Frontal_Inf_Orb_L	0	0	8894	0	12028	0	9428	0	12034	0	860	0	13020	0	0	0	0	0	328	0	2802	212	1698	0	830	0	1278	0	20620	0	2592	440	0	0	0	0	532	0	118	0	428	0	0	0	0	0	0	0	0	0	0	0	0	0	0	0	0	0	0	0	0	0	0	0	0	0	0	0	0	0	1180	246	6250	0	0	0	182	0	0	0	0	0	1280	0	0	0	0	0	0	0	0	0	0	0	0	0	0	0	0	0	0	0	0	0	0	0	0	0	0	0	0	0	0	0	0	0	
90372	Frontal_Inf_Orb_R	0	0	0	2892	0	3840	0	2404	0	7032	0	152	0	4466	0	0	0	0	416	1208	0	1794	0	140	0	0	0	1040	0	7758	0	190	0	376	0	0	0	316	0	230	0	204	0	0	0	0	0	0	0	0	0	0	0	0	0	104	0	0	0	0	0	0	0	0	0	0	0	0	0	0	182	3048	0	6458	0	306	0	92	0	0	0	96	0	442	0	0	0	0	0	0	0	0	0	0	0	0	0	0	0	0	0	0	0	0	0	0	0	0	0	0	0	0	0	0	0	0	
248548	Rolandic_Oper_L	11604	84	11678	500	0	0	6712	0	0	0	10122	0	2382	0	0	0	0	0	4618	234	0	0	0	0	0	0	0	0	23556	0	208	0	170	0	288	0	3108	0	168	0	0	0	772	0	124	0	500	0	0	0	960	0	0	0	1860	0	14926	0	0	0	414	0	3694	0	232	0	982	0	124	0	232	170	4664	0	190	0	590	0	4410	0	9532	0	1874	0	1778	0	0	0	814	0	0	0	0	0	0	0	0	0	0	0	0	0	0	0	0	0	0	0	0	0	0	0	0	0	0	0	
113480	Rolandic_Oper_R	0	2762	0	4580	0	0	0	1034	0	0	0	3758	0	480	0	0	0	0	0	762	0	0	0	0	0	0	0	0	0	12662	0	192	0	242	0	0	0	1008	0	98	0	0	0	0	0	0	0	0	0	0	0	432	0	0	0	96	0	4116	0	134	0	1378	0	5468	0	1464	0	128	0	126	0	362	0	3530	0	444	0	0	0	3044	0	7542	0	360	0	538	0	0	0	0	0	0	0	0	0	0	0	0	0	0	0	0	0	0	0	0	0	0	0	0	0	0	0	0	0	0	
683780	Supp_Motor_Area_L	7768	2980	83504	35660	544	0	14658	1514	0	90	5508	1694	3862	2534	328	416	4618	0	0	41552	120	114	7534	4468	0	0	0	0	10814	836	9862	7582	14036	16660	1090	232	1030	258	0	144	0	0	0	0	0	0	0	0	0	0	250	0	0	0	262	84	4182	90	0	0	0	0	0	0	0	0	258	166	10112	294	14664	2814	15216	216	4532	0	1338	2804	1146	0	816	0	408	0	132	0	0	0	96	0	0	0	0	0	0	0	0	0	0	0	0	0	0	0	0	0	0	0	0	0	0	0	0	0	0	0	
560208	Supp_Motor_Area_R	4418	2320	16792	63746	0	284	1298	2658	0	432	1512	5510	262	5722	0	1208	234	762	41552	0	0	0	1810	12914	0	0	0	0	1930	4130	1392	12210	5968	42830	1032	3922	142	142	0	102	0	0	0	0	0	0	0	0	0	0	140	0	0	0	128	0	116	1010	0	0	0	0	0	0	0	0	768	1478	6760	7818	7256	11750	1960	676	0	122	110	2294	144	0	86	0	84	170	0	0	0	0	0	0	0	0	0	0	0	0	0	0	0	0	0	0	0	0	0	0	0	0	0	0	0	0	0	0	0	0	
98416	Olfactory_L	112	0	290	0	2370	0	104	0	120	0	0	0	0	0	2802	0	0	0	120	0	0	6266	270	0	614	274	3074	124	3444	0	3560	1860	84	0	0	0	882	0	672	0	1224	0	0	0	0	0	0	0	0	0	0	0	0	0	0	0	0	0	0	0	0	0	0	0	0	0	0	0	0	0	8750	5266	4366	1198	116	92	438	0	0	0	0	0	716	0	0	0	0	0	0	0	0	0	0	0	0	0	0	0	0	0	0	0	0	0	0	0	0	0	0	0	0	0	0	0	0	0	
93264	Olfactory_R	0	0	258	274	344	986	142	316	0	196	0	0	0	0	212	1794	0	0	114	0	6266	0	168	0	178	1362	1602	2230	256	2628	2518	3128	92	0	0	0	0	346	0	166	0	712	0	0	0	0	0	0	0	0	0	0	0	0	0	0	0	0	0	0	0	0	0	0	0	0	0	0	0	0	6908	6842	4108	1804	222	214	0	0	0	0	0	0	102	144	0	0	0	0	0	0	0	0	0	0	0	0	0	0	0	0	0	0	0	0	0	0	0	0	0	0	0	0	0	0	0	0	
325892	Frontal_Sup_Medial_L	150	0	38202	7762	4028	166	7396	0	0	0	1108	0	4714	0	1698	0	0	0	7534	1810	270	168	0	19514	1970	1616	298	106	7118	0	24202	13146	4222	7942	0	0	324	0	0	0	0	0	0	0	0	0	0	0	0	0	0	0	0	0	0	0	0	0	0	0	0	0	0	0	0	0	0	0	0	0	1110	408	5518	122	0	0	324	0	0	0	0	0	0	0	0	0	0	0	0	0	0	0	0	0	0	0	0	0	0	0	0	0	0	0	0	0	0	0	0	0	0	0	0	0	0	0	
346680	Frontal_Sup_Medial_R	0	0	7086	37988	112	3174	722	2186	0	180	124	430	120	1124	0	140	0	0	4468	12914	0	0	19514	0	380	6700	0	600	330	280	9200	28978	1080	16660	0	0	0	0	0	0	0	0	0	0	0	0	0	0	0	0	0	0	0	0	0	0	0	0	0	0	0	0	0	0	0	0	0	0	0	0	298	10418	236	7052	0	634	0	212	0	0	0	0	0	0	0	0	0	0	0	0	0	0	0	0	0	0	0	0	0	0	0	0	0	0	0	0	0	0	0	0	0	0	0	0	0	0	
43368	Frontal_Med_Orb_L	0	0	826	0	4188	0	0	0	212	0	0	0	0	0	830	0	0	0	0	0	614	178	1970	380	0	1216	2854	144	150	0	5410	822	0	0	0	0	0	0	0	0	0	0	0	0	0	0	0	0	0	0	0	0	0	0	0	0	0	0	0	0	0	0	0	0	0	0	0	0	0	0	1030	152	708	0	0	0	0	0	0	0	0	0	0	0	0	0	0	0	0	0	0	0	0	0	0	0	0	0	0	0	0	0	0	0	0	0	0	0	0	0	0	0	0	0	0	0	
89216	Frontal_Med_Orb_R	0	0	424	3960	330	6896	0	0	0	0	0	0	0	0	0	0	0	0	0	0	274	1362	1616	6700	1216	0	496	5652	0	0	3226	5224	0	0	0	0	0	0	0	0	0	0	0	0	0	0	0	0	0	0	0	0	0	0	0	0	0	0	0	0	0	0	0	0	0	0	0	0	0	0	126	4020	0	2882	0	204	0	0	0	0	0	0	0	0	0	0	0	0	0	0	0	0	0	0	0	0	0	0	0	0	0	0	0	0	0	0	0	0	0	0	0	0	0	0	0	0	
54320	Rectus_L	0	0	106	0	5134	144	0	0	824	0	0	0	0	0	1278	0	0	0	0	0	3074	1602	298	0	2854	496	0	582	914	0	3564	648	0	0	0	0	0	0	0	0	0	0	0	0	0	0	0	0	0	0	0	0	0	0	0	0	0	0	0	0	0	0	0	0	0	0	0	0	0	0	3416	1106	690	174	0	0	0	0	0	0	0	0	256	0	0	0	0	0	0	0	0	0	0	0	0	0	0	0	0	0	0	0	0	0	0	0	0	0	0	0	0	0	0	0	0	0	
52596	Rectus_R	0	0	0	424	0	7234	0	132	0	864	0	0	0	0	0	1040	0	0	0	0	124	2230	106	600	144	5652	582	0	0	770	724	2704	0	0	0	0	0	0	0	0	0	0	0	0	0	0	0	0	0	0	0	0	0	0	0	0	0	0	0	0	0	0	0	0	0	0	0	0	0	0	108	1820	0	1040	0	0	0	0	0	0	0	0	0	0	0	0	0	0	0	0	0	0	0	0	0	0	0	0	0	0	0	0	0	0	0	0	0	0	0	0	0	0	0	0	0	0	
705200	Insula_L	13262	126	39660	2960	11142	0	27272	238	2608	0	26060	196	36894	170	20620	0	23556	0	10814	1930	3444	256	7118	330	150	0	914	0	0	128	7838	2540	482	232	554	132	11608	264	1318	0	2528	0	754	0	126	0	346	0	0	0	1626	0	0	0	5706	0	9352	0	0	0	262	0	1018	0	0	0	912	0	250	0	8342	974	24940	0	146	0	3334	150	8294	0	12858	0	5084	0	5340	0	0	0	5442	0	0	0	0	0	0	0	0	0	0	0	0	0	0	0	0	0	0	0	0	0	0	0	0	0	0	0	
356448	Insula_R	86	5890	112	13588	0	1108	0	4178	0	774	120	15222	0	10208	0	7758	0	12662	836	4130	0	2628	0	280	0	0	0	770	128	0	0	1400	0	478	124	366	0	15694	0	6734	0	2058	0	0	0	0	0	336	0	0	0	130	0	316	0	9072	0	2276	0	0	0	500	0	1624	0	0	0	222	88	0	354	1530	122	22816	0	628	0	1912	0	3272	0	11500	0	1764	0	5284	0	0	0	6468	0	144	0	0	0	0	0	324	0	210	0	0	0	0	0	0	0	0	0	0	0	0	0	0	0	0	
386256	Cingulum_Ant_L	1100	0	24752	6548	4232	638	6208	0	92	0	4460	0	4380	0	2592	0	208	0	9862	1392	3560	2518	24202	9200	5410	3226	3564	724	7838	0	0	24326	4298	2370	0	0	556	0	0	0	0	0	0	0	0	0	0	0	0	0	0	0	0	0	0	0	306	0	0	0	0	0	0	0	0	0	0	0	0	0	13436	3796	14200	1726	0	150	486	178	272	0	0	0	322	0	0	0	0	0	0	0	0	0	0	0	0	0	0	0	0	0	0	0	0	0	0	0	0	0	0	0	0	0	0	0	0	0	
456744	Cingulum_Ant_R	0	0	7912	35822	242	2100	2008	2534	0	0	964	2588	1726	3466	440	190	0	192	7582	12210	1860	3128	13146	28978	822	5224	648	2704	2540	1400	24326	0	2428	17646	0	0	84	92	0	0	0	0	0	0	0	0	0	0	0	0	0	0	0	0	0	0	0	0	0	0	0	0	0	0	0	0	0	0	0	0	4758	21054	3594	11978	0	936	0	940	0	0	0	0	110	0	0	0	0	0	0	0	0	0	0	0	0	0	0	0	0	0	0	0	0	0	0	0	0	0	0	0	0	0	0	0	0	0	
173216	Cingulum_Mid_L	450	108	7362	2902	0	0	914	0	0	0	114	0	180	0	0	0	170	0	14036	5968	84	92	4222	1080	0	0	0	0	482	0	4298	2428	0	11852	4656	1324	0	0	0	0	0	0	418	218	656	592	86	92	1750	408	1944	392	0	0	0	0	310	0	216	0	296	0	0	0	0	0	6500	3138	5258	360	344	126	510	0	0	0	0	0	0	0	180	0	0	0	92	0	0	0	0	0	0	0	0	0	0	0	0	0	0	0	0	0	0	0	0	0	0	0	0	0	0	0	0	0	0	0	
431568	Cingulum_Mid_R	2070	1406	2454	22448	0	194	358	1084	0	232	108	1084	0	2130	0	376	0	242	16660	42830	0	0	7942	16660	0	0	0	0	232	478	2370	17646	11852	0	3562	6846	0	222	0	216	0	0	0	3418	114	5520	0	808	378	4012	356	3766	0	0	0	400	0	2186	234	132	0	128	0	458	0	318	4424	13382	3782	7846	260	1024	98	208	0	0	0	314	0	0	0	0	0	0	0	326	0	0	0	190	0	0	0	0	0	0	0	0	0	0	0	0	0	0	0	0	0	0	0	0	0	0	0	0	0	0	
233168	Cingulum_Post_L	3896	694	290	280	0	0	0	0	0	0	0	0	0	0	0	0	288	0	1090	1032	0	0	0	0	0	0	0	0	554	124	0	0	4656	3562	0	13426	4414	4684	1550	1634	0	0	9930	524	6044	826	2162	980	1318	0	5694	152	768	0	2854	822	2166	280	0	0	194	178	506	516	0	284	18566	5652	5732	892	108	0	0	0	0	0	218	1322	586	0	794	0	0	0	2098	346	0	0	520	822	164	0	0	0	0	0	0	160	0	0	0	0	0	0	0	0	0	0	0	0	232	0	0	0	0	0	
197844	Cingulum_Post_R	606	858	0	574	0	0	0	0	0	0	0	0	0	0	0	0	0	0	232	3922	0	0	0	0	0	0	0	0	132	366	0	0	1324	6846	13426	0	2622	6534	688	3520	0	0	486	3396	274	1956	202	5606	400	752	972	1246	0	432	950	3420	128	2130	0	288	0	546	0	338	0	496	5402	16156	1162	4180	0	148	0	182	0	0	0	1502	156	0	0	216	0	0	0	1444	0	0	0	1410	0	0	0	0	0	0	0	266	0	0	0	0	0	0	0	0	0	0	0	0	1030	0	0	0	0	0	
284588	Hippocampus_L	3268	0	6366	742	728	0	2450	0	0	0	576	0	736	0	532	0	3108	0	1030	142	882	0	324	0	0	0	0	0	11608	0	556	84	0	0	4414	2622	0	3094	14852	2004	6960	0	1578	0	164	0	3934	612	0	0	1046	0	194	0	16938	0	2516	0	0	0	0	0	100	0	0	0	2778	780	0	0	1724	90	11430	0	1176	0	7392	2442	2710	0	2272	0	998	0	394	0	240	0	8812	0	1020	0	244	0	0	0	1638	148	1348	0	194	0	132	0	0	0	0	0	0	0	172	0	0	0	0	0	
475436	Hippocampus_R	862	3700	210	3156	0	0	0	1420	0	0	0	1572	0	562	0	316	0	1008	258	142	0	346	0	0	0	0	0	0	264	15694	0	92	0	222	4684	6534	3094	0	1450	46356	0	11578	90	1286	0	244	292	9376	0	146	540	240	0	2504	770	44308	0	314	0	0	0	0	0	314	0	0	612	7024	868	0	184	278	0	16422	0	2668	468	7272	296	604	0	3038	0	1166	0	6580	0	152	0	17428	86	1206	0	346	0	498	0	3532	0	1890	0	0	0	360	0	0	0	0	0	0	796	0	0	0	0	0	
132668	ParaHippocampal_L	122	0	0	0	0	0	0	0	0	0	0	0	0	0	118	0	168	0	0	0	672	0	0	0	0	0	0	0	1318	0	0	0	0	0	1550	688	14852	1450	0	1392	2730	0	652	0	0	0	5436	150	0	0	1120	0	466	0	11448	0	160	0	0	0	0	0	0	0	0	0	1784	0	0	0	0	0	710	0	0	0	1352	1448	0	0	194	0	3556	0	0	0	2438	0	914	0	1542	0	362	0	186	0	3138	0	2616	0	662	0	374	0	134	0	282	0	0	0	0	0	150	0	0	0	
402016	ParaHippocampal_R	174	1618	148	1588	0	0	0	790	0	0	0	710	0	266	0	230	0	98	144	102	0	166	0	0	0	0	0	0	0	6734	0	0	0	216	1634	3520	2004	46356	1392	0	0	9412	0	2296	0	534	286	12256	0	216	88	370	0	3232	108	45098	0	0	0	0	0	0	0	152	0	0	472	5624	196	0	136	160	0	7316	0	2292	456	6048	0	378	0	770	0	5496	0	3360	0	1944	0	8806	120	2158	0	624	0	752	0	5836	144	3512	0	0	0	800	0	226	0	0	0	0	680	230	228	154	152	0	
39520	Amygdala_L	94	0	0	0	110	0	0	0	0	0	0	0	0	0	428	0	0	0	0	0	1224	0	0	0	0	0	0	0	2528	0	0	0	0	0	0	0	6960	0	2730	0	0	0	0	0	0	0	0	0	0	0	0	0	0	0	2122	0	0	0	0	0	0	0	0	0	0	0	0	0	0	0	0	0	522	0	0	0	502	0	0	0	130	0	1244	0	0	0	510	0	656	0	0	0	0	0	0	0	0	0	0	0	0	0	0	0	0	0	0	0	0	0	0	0	0	0	0	0	
71904	Amygdala_R	0	238	0	288	0	0	0	0	0	0	0	0	0	0	0	204	0	0	0	0	0	712	0	0	0	0	0	0	0	2058	0	0	0	0	0	0	0	11578	0	9412	0	0	0	0	0	0	0	0	0	0	0	0	0	0	0	6550	0	0	0	0	0	0	0	0	0	0	0	0	0	0	0	0	0	778	0	0	0	422	0	0	0	0	0	2804	0	88	0	366	0	454	0	0	0	0	0	0	0	0	0	0	0	0	0	0	0	0	0	0	0	0	0	0	0	0	0	0	
350476	Calcarine_L	1348	0	0	0	0	0	0	0	0	0	0	0	0	0	0	0	772	0	0	0	0	0	0	0	0	0	0	0	754	0	0	0	418	0	9930	486	1578	90	652	0	0	0	0	9870	13094	4638	22778	4654	9906	1880	28992	856	12142	216	7258	318	1156	0	98	0	614	0	762	0	0	0	27710	1334	898	0	0	0	0	0	0	0	158	0	622	0	1180	0	0	0	3998	126	0	0	850	0	540	0	228	0	0	0	690	132	1066	0	0	0	0	0	0	0	0	0	0	0	446	0	0	0	0	0	
361964	Calcarine_R	0	236	0	84	0	0	0	0	0	0	0	0	0	0	0	0	0	0	0	0	0	0	0	0	0	0	0	0	0	0	0	0	218	3418	524	3396	0	1286	0	2296	0	0	9870	0	3994	32220	2356	26690	440	26044	210	18358	92	4418	0	7512	0	216	0	410	0	84	0	536	0	878	1658	23406	0	90	0	0	0	0	0	0	0	0	0	0	0	152	0	0	0	5824	0	0	0	1820	108	0	0	0	0	0	0	192	262	520	0	0	0	0	0	0	0	0	0	0	744	420	0	0	0	0	
176156	Cuneus_L	536	0	0	0	0	0	0	0	0	0	0	0	0	0	0	0	124	0	0	0	0	0	0	0	0	0	0	0	126	0	0	0	656	114	6044	274	164	0	0	0	0	0	13094	3994	0	8452	1608	378	16816	1086	7096	158	1786	0	258	0	302	0	932	0	286	0	330	0	0	0	16018	5150	336	0	0	0	0	0	0	0	0	0	154	0	574	0	0	0	1140	0	0	0	92	0	0	0	0	0	0	0	0	0	0	0	0	0	0	0	0	0	0	0	0	0	0	0	0	0	0	0	
308400	Cuneus_R	0	180	0	0	0	0	0	0	0	0	0	0	0	0	0	0	0	0	0	0	0	0	0	0	0	0	0	0	0	0	0	0	592	5520	826	1956	0	244	0	534	0	0	4638	32220	8452	0	616	10234	1716	29116	448	13050	0	604	0	1724	0	424	258	3646	0	136	0	84	0	278	7910	25924	0	106	0	0	0	0	0	0	0	0	0	0	0	114	0	0	0	1946	0	0	0	614	0	0	0	0	0	0	0	0	0	90	0	0	0	0	0	0	0	0	0	0	0	0	0	0	0	0	
335028	Lingual_L	480	0	0	0	0	0	0	0	0	0	0	0	0	0	0	0	500	0	0	0	0	0	0	0	0	0	0	0	346	0	0	0	86	0	2162	202	3934	292	5436	286	0	0	22778	2356	1608	616	0	3712	2746	482	17420	244	9744	236	22272	894	572	0	0	0	110	0	350	0	0	0	11648	172	220	0	0	0	0	0	0	0	474	236	194	0	586	0	0	0	778	0	0	0	292	0	11062	1596	1078	168	506	0	12482	1690	15524	2292	152	0	138	0	0	110	0	0	162	312	3294	2092	268	0	0	124	
444564	Lingual_R	0	750	0	422	0	0	0	84	0	0	0	0	0	0	0	0	0	0	0	0	0	0	0	0	0	0	0	0	0	336	0	0	92	808	980	5606	612	9376	150	12256	0	0	4654	26690	378	10234	3712	0	0	12604	376	9732	384	6654	1000	30920	0	254	0	296	0	0	0	588	0	192	666	15780	0	0	0	0	0	96	0	96	0	324	0	0	0	310	0	0	0	3002	0	0	0	4982	3264	6084	874	148	358	762	3312	10392	5348	10964	0	0	112	590	124	176	0	0	0	516	7922	5618	322	0	0	0	
171888	Occipital_Sup_L	94	0	0	0	0	0	0	0	0	0	0	0	0	0	0	0	0	0	0	0	0	0	0	0	0	0	0	0	0	0	0	0	1750	378	1318	400	0	0	0	0	0	0	9906	440	16816	1716	2746	0	0	0	24132	0	2328	0	376	0	0	0	3934	0	1530	0	0	0	0	0	12470	3274	224	0	0	0	0	0	0	0	0	0	0	0	0	0	0	0	2112	0	0	0	0	0	0	0	0	0	0	0	0	0	0	0	0	0	0	0	0	0	0	0	0	0	0	0	0	0	0	0	
265152	Occipital_Sup_R	0	0	0	0	0	0	0	0	0	0	0	0	0	0	0	0	0	0	0	0	0	0	0	0	0	0	0	0	0	0	0	0	408	4012	0	752	0	146	0	216	0	0	1880	26044	1086	29116	482	12604	0	0	140	24150	0	1292	0	2180	0	1310	0	6210	0	1688	0	208	0	3550	1542	11036	0	110	0	0	0	0	0	0	0	0	0	0	0	0	0	0	0	1744	0	0	0	414	0	0	0	0	0	0	0	0	0	256	0	0	0	0	0	0	0	0	0	0	0	0	0	0	0	0	
496764	Occipital_Mid_L	5656	0	726	0	0	0	284	0	0	0	186	0	0	0	0	0	960	0	250	140	0	0	0	0	0	0	0	0	1626	0	0	0	1944	356	5694	972	1046	540	1120	88	0	0	28992	210	7096	448	17420	376	24132	140	0	0	25188	0	16424	136	6760	0	8622	0	19678	0	696	0	18738	0	20680	1424	3028	110	90	100	110	0	0	0	0	116	584	0	342	0	0	0	18688	0	0	0	1372	142	976	0	218	0	0	0	1064	260	1778	0	0	0	0	0	0	0	0	0	0	0	656	0	0	0	0	0	
278868	Occipital_Mid_R	0	178	0	0	0	0	0	0	0	0	0	0	0	0	0	0	0	432	0	0	0	0	0	0	0	0	0	0	0	130	0	0	392	3766	152	1246	0	240	0	370	0	0	856	18358	158	13050	244	9732	0	24150	0	0	0	5508	0	5080	0	102	0	470	0	3598	0	2714	0	13790	612	10042	0	0	0	0	0	0	0	0	0	0	0	0	0	890	0	0	0	15158	0	0	0	3218	402	124	0	0	0	0	498	980	652	740	0	0	0	0	0	0	0	0	0	0	972	430	0	0	0	0	
161468	Occipital_Inf_L	314	0	0	0	0	0	0	0	0	0	0	0	0	0	0	0	0	0	0	0	0	0	0	0	0	0	0	0	0	0	0	0	0	0	768	0	194	0	466	0	0	0	12142	92	1786	0	9744	384	2328	0	25188	0	0	0	10522	0	196	0	90	0	266	0	0	0	0	0	4528	0	0	0	0	0	0	0	0	0	0	0	210	0	0	0	0	0	3952	0	0	0	2968	0	676	0	0	0	0	0	1136	282	1776	0	0	0	0	0	0	0	0	0	0	0	726	0	0	0	0	0	
111340	Occipital_Inf_R	0	178	0	108	0	0	0	0	0	0	0	0	0	0	0	0	0	0	0	0	0	0	0	0	0	0	0	0	0	316	0	0	0	0	0	432	0	2504	0	3232	0	0	216	4418	0	604	236	6654	0	1292	0	5508	0	0	88	10612	0	0	0	0	0	0	0	92	0	0	0	1810	0	0	0	0	0	162	0	0	0	314	0	0	0	84	0	0	0	3808	0	0	0	5726	494	426	0	0	0	0	668	1694	740	1128	0	0	0	0	0	0	0	0	0	0	1570	556	0	0	0	0	
491284	Fusiform_L	2954	102	1162	0	0	0	502	0	0	0	434	0	0	0	0	0	1860	0	262	128	0	0	0	0	0	0	0	0	5706	0	0	0	0	0	2854	950	16938	770	11448	108	2122	0	7258	0	258	0	22272	1000	376	0	16424	0	10522	88	0	326	1912	0	0	0	0	0	278	0	0	0	4076	0	726	112	84	84	3206	0	0	0	780	114	2146	0	3326	0	4416	0	4374	0	3382	0	18836	176	24934	498	5520	168	652	0	15996	1374	31162	780	1882	0	2942	136	574	110	366	0	0	0	2708	572	416	0	0	0	
639328	Fusiform_R	286	2078	0	1606	0	0	0	796	0	0	0	746	0	268	0	104	0	96	84	0	0	0	0	0	0	0	0	0	0	9072	0	0	0	400	822	3420	0	44308	0	45098	0	6550	318	7512	0	1724	894	30920	0	2180	136	5080	0	10612	326	0	0	0	0	0	0	0	0	584	0	176	396	8734	328	0	0	120	0	7820	0	1422	0	1362	0	480	0	2048	0	6686	0	10770	0	2190	0	26184	1328	16684	232	1238	170	994	1598	15722	2706	22158	0	86	0	1882	0	636	0	108	0	298	5062	3190	306	266	264	0	
341664	Postcentral_L	36100	576	6482	412	0	0	3444	0	0	0	5502	0	746	0	0	0	14926	0	4182	116	0	0	0	0	0	0	0	0	9352	0	306	0	310	0	2166	128	2516	0	160	0	0	0	1156	0	302	0	572	0	0	0	6760	0	196	0	1912	0	0	0	5056	0	25742	0	8488	0	2460	0	4148	0	4368	0	702	96	4720	0	226	0	868	114	3686	0	4712	0	0	0	5972	0	0	0	1152	0	0	0	0	0	0	0	0	0	0	0	0	0	0	0	0	0	0	0	0	0	0	0	0	0	0	0	
120352	Postcentral_R	386	15926	0	1314	0	0	0	222	0	0	0	1294	0	0	0	0	0	4116	90	1010	0	0	0	0	0	0	0	0	0	2276	0	0	0	2186	280	2130	0	314	0	0	0	0	0	216	0	424	0	254	0	1310	0	102	0	0	0	0	0	0	0	3878	0	3936	0	7522	0	332	246	2432	514	3284	0	0	0	1696	0	136	0	452	0	268	0	1630	0	0	0	0	0	0	0	0	0	0	0	0	0	0	0	0	0	0	0	0	0	0	0	0	0	0	0	0	0	0	0	0	0	0	
88684	Parietal_Sup_L	98	0	0	0	0	0	0	0	0	0	0	0	0	0	0	0	0	0	0	0	0	0	0	0	0	0	0	0	0	0	0	0	216	234	0	0	0	0	0	0	0	0	98	0	932	258	0	0	3934	0	8622	0	90	0	0	0	5056	0	0	104	8576	0	0	0	2768	0	10970	1220	888	0	0	0	0	0	0	0	0	0	0	0	0	0	0	0	278	0	0	0	0	0	0	0	0	0	0	0	0	0	0	0	0	0	0	0	0	0	0	0	0	0	0	0	0	0	0	0	
58912	Parietal_Sup_R	0	0	0	0	0	0	0	0	0	0	0	0	0	0	0	0	0	134	0	0	0	0	0	0	0	0	0	0	0	0	0	0	0	132	0	288	0	0	0	0	0	0	0	410	0	3646	0	296	0	6210	0	470	0	0	0	0	0	3878	104	0	0	3744	0	930	0	1586	1480	6058	0	90	0	0	0	0	0	0	0	0	0	0	0	0	0	0	0	0	0	0	0	0	0	0	0	0	0	0	0	0	0	0	0	0	0	0	0	0	0	0	0	0	0	0	0	0	0	0	
204052	Parietal_Inf_L	3346	0	0	0	0	0	0	0	0	0	0	0	0	0	0	0	414	0	0	0	0	0	0	0	0	0	0	0	262	0	0	0	296	0	194	0	0	0	0	0	0	0	614	0	286	0	110	0	1530	0	19678	0	266	0	0	0	25742	0	8576	0	0	0	11132	0	16146	0	3172	0	1312	0	0	0	0	0	0	0	0	0	94	0	848	0	0	0	7066	0	0	0	942	0	0	0	0	0	0	0	0	0	0	0	0	0	0	0	0	0	0	0	0	0	0	0	0	0	0	0	
83336	Parietal_Inf_R	0	1458	0	174	0	0	0	0	0	0	0	0	0	0	0	0	0	1378	0	0	0	0	0	0	0	0	0	0	0	500	0	0	0	128	178	546	0	0	0	0	0	0	0	84	0	136	0	0	0	1688	0	3598	0	0	0	0	0	3936	0	3744	0	0	0	11226	0	9502	0	376	0	0	0	0	0	0	0	0	0	0	0	906	0	1200	0	0	0	662	0	0	0	248	0	0	0	0	0	0	0	0	0	0	0	0	0	0	0	0	0	0	0	0	0	0	0	0	0	0	
95564	SupraMarginal_L	1674	0	0	0	0	0	0	0	0	0	0	0	0	0	0	0	3694	0	0	0	0	0	0	0	0	0	0	0	1018	0	0	0	0	0	506	0	100	0	0	0	0	0	762	0	330	0	350	0	0	0	696	0	0	0	278	0	8488	0	0	0	11132	0	0	0	4748	0	950	0	116	0	0	0	0	0	0	0	0	0	318	0	7370	0	0	0	4910	0	0	0	342	0	0	0	0	0	0	0	0	0	0	0	0	0	0	0	0	0	0	0	0	0	0	0	0	0	0	0	
130196	SupraMarginal_R	0	4544	0	1860	0	0	0	156	0	0	0	0	0	0	0	0	0	5468	0	0	0	0	0	0	0	0	0	0	0	1624	0	0	0	458	516	338	0	314	0	152	0	0	0	536	0	84	0	588	0	208	0	2714	0	92	0	584	0	7522	0	930	0	11226	0	0	0	9412	302	1598	0	88	0	0	0	0	0	0	0	98	0	1412	0	7226	0	0	0	4586	0	0	0	462	0	0	0	0	0	0	0	0	0	0	0	0	0	0	0	0	0	0	0	0	0	0	0	0	0	0	
111004	Angular_L	836	0	0	0	0	0	0	0	0	0	0	0	0	0	0	0	232	0	0	0	0	0	0	0	0	0	0	0	0	0	0	0	0	0	0	0	0	0	0	0	0	0	0	0	0	0	0	0	0	0	18738	0	0	0	0	0	2460	0	2768	0	16146	0	4748	0	0	0	1122	0	1146	0	0	0	0	0	0	0	0	0	0	0	1318	0	0	0	5988	0	0	0	0	0	0	0	0	0	0	0	0	0	0	0	0	0	0	0	0	0	0	0	0	0	0	0	0	0	0	0	
107172	Angular_R	0	0	0	0	0	0	0	0	0	0	0	0	0	0	0	0	0	1464	0	0	0	0	0	0	0	0	0	0	0	0	0	0	0	318	284	496	0	0	0	0	0	0	0	878	0	278	0	192	0	3550	0	13790	0	0	0	176	0	332	0	1586	0	9502	0	9412	0	0	198	1182	0	0	0	0	0	0	0	0	0	0	0	206	0	2888	0	0	0	6596	0	0	0	258	0	0	0	0	0	0	0	0	0	0	0	0	0	0	0	0	0	0	0	0	0	0	0	0	0	0	
426944	Precuneus_L	2114	138	0	110	0	0	0	0	0	0	0	0	0	0	0	0	982	0	258	768	0	0	0	0	0	0	0	0	912	0	0	0	6500	4424	18566	5402	2778	612	1784	472	0	0	27710	1658	16018	7910	11648	666	12470	1542	20680	612	4528	0	4076	396	4148	246	10970	1480	3172	0	950	302	1122	198	0	22354	3492	508	0	0	0	0	0	0	346	334	662	0	1620	228	0	0	3498	270	0	0	864	162	198	0	0	0	0	0	352	0	160	0	0	0	0	0	0	0	0	0	0	0	102	0	0	0	0	0	
426980	Precuneus_R	144	1420	0	564	0	0	0	0	0	0	0	0	0	0	0	0	0	128	166	1478	0	0	0	0	0	0	0	0	0	222	0	0	3138	13382	5652	16156	780	7024	0	5624	0	0	1334	23406	5150	25924	172	15780	3274	11036	1424	10042	0	1810	0	8734	0	2432	1220	6058	0	376	0	1598	0	1182	22354	0	476	2048	0	0	0	0	0	0	0	596	0	98	0	820	0	0	0	4368	0	0	0	3768	0	0	0	0	0	0	0	600	0	0	0	0	0	0	0	0	0	0	0	0	1532	0	0	0	0	0	
184172	Paracentral_Lobule_L	17508	5886	3878	3956	0	0	0	0	0	0	0	0	0	0	0	0	124	0	10112	6760	0	0	0	0	0	0	0	0	250	88	0	0	5258	3782	5732	1162	0	868	0	196	0	0	898	0	336	0	220	0	224	0	3028	0	0	0	726	328	4368	514	888	0	1312	0	116	0	1146	0	3492	476	0	2508	642	1426	0	0	0	0	904	1890	148	0	350	0	0	0	162	0	0	0	0	424	0	0	0	0	0	0	0	0	0	0	0	0	0	0	0	0	0	0	0	0	0	0	0	0	0	0	
69688	Paracentral_Lobule_R	1514	1970	0	362	0	0	0	0	0	0	0	0	0	0	0	0	0	126	294	7818	0	0	0	0	0	0	0	0	0	0	0	0	360	7846	892	4180	0	0	0	0	0	0	0	90	0	106	0	0	0	110	110	0	0	0	112	0	0	3284	0	90	0	0	0	88	0	0	508	2048	2508	0	0	194	0	0	0	0	0	234	0	0	0	0	0	0	0	0	0	0	0	0	0	0	0	0	0	0	0	0	0	0	0	0	0	0	0	0	0	0	0	0	0	0	0	0	0	0	
373776	Caudate_L	4542	396	23290	14736	1654	0	2260	1318	0	0	7106	388	2368	316	1180	182	232	0	14664	7256	8750	6908	1110	298	1030	126	3416	108	8342	354	13436	4758	344	260	108	0	1724	184	0	136	0	0	0	0	0	0	0	0	0	0	90	0	0	0	84	0	702	0	0	0	0	0	0	0	0	0	0	0	642	0	0	12632	22752	1708	2286	332	7520	3186	84	0	192	0	1398	0	0	0	0	0	0	0	0	0	0	0	0	0	0	0	0	0	0	0	0	0	0	0	0	0	0	0	0	0	0	0	0	0	
435080	Caudate_R	1476	9092	3522	42182	336	4860	724	3192	0	1472	436	892	266	1472	246	3048	170	362	2814	11750	5266	6842	408	10418	152	4020	1106	1820	974	1530	3796	21054	126	1024	0	148	90	278	0	160	0	0	0	0	0	0	0	0	0	0	100	0	0	0	84	120	96	0	0	0	0	0	0	0	0	0	0	0	1426	194	12632	0	6540	24990	252	3760	394	19122	0	160	0	0	146	0	0	0	0	0	0	0	0	0	0	0	0	0	0	0	0	0	0	0	0	0	0	0	0	0	0	0	0	0	0	0	0	0	
443140	Putamen_L	5102	342	29992	3340	8504	0	6366	204	2010	0	2802	108	4674	128	6250	0	4664	0	15216	1960	4366	4108	5518	236	708	0	690	0	24940	122	14200	3594	510	98	0	0	11430	0	710	0	522	0	0	0	0	0	0	0	0	0	110	0	0	0	3206	0	4720	0	0	0	0	0	0	0	0	0	0	0	0	0	22752	6540	0	1110	6688	206	5544	440	1254	0	3038	0	198	0	154	0	0	0	2196	0	0	0	0	0	0	0	0	0	0	0	0	0	0	0	0	0	0	0	0	0	0	0	0	0	0	0	
382100	Putamen_R	0	3998	208	22930	0	4798	0	5442	0	2320	0	5804	0	2748	0	6458	0	3530	216	676	1198	1804	122	7052	0	2882	174	1040	0	22816	1726	11978	0	208	0	182	0	16422	0	7316	0	778	0	0	0	0	0	96	0	0	0	0	0	162	0	7820	0	1696	0	0	0	0	0	0	0	0	0	0	0	0	1708	24990	1110	0	0	7620	0	3314	0	528	0	1358	0	0	0	1088	0	0	0	3276	0	304	0	104	0	0	0	402	0	482	0	0	0	166	0	0	0	0	0	0	0	0	0	0	0	0	
50652	Pallidum_L	766	142	5882	210	0	0	776	0	0	0	0	0	0	0	0	0	190	0	4532	0	116	222	0	0	0	0	0	0	146	0	0	0	0	0	0	0	1176	0	0	0	0	0	0	0	0	0	0	0	0	0	0	0	0	0	0	0	226	0	0	0	0	0	0	0	0	0	0	0	0	0	2286	252	6688	0	0	0	1716	0	0	0	0	0	0	0	0	0	0	0	0	0	0	0	0	0	0	0	0	0	0	0	0	0	0	0	0	0	0	0	0	0	0	0	0	0	0	0	
54656	Pallidum_R	0	816	0	1642	0	318	0	700	0	194	0	578	0	0	0	306	0	444	0	122	92	214	0	634	0	204	0	0	0	628	150	936	0	0	0	0	0	2668	0	2292	0	0	0	0	0	0	0	96	0	0	0	0	0	0	0	1422	0	136	0	0	0	0	0	0	0	0	0	0	0	0	332	3760	206	7620	0	0	0	398	0	122	0	0	0	0	0	0	0	0	0	0	0	92	0	0	0	90	0	0	0	116	0	0	0	0	0	0	0	0	0	0	0	0	0	0	0	0	
148772	Thalamus_L	18656	290	9770	1356	678	0	3176	962	0	0	214	84	552	0	182	0	590	0	1338	110	438	0	324	0	0	0	0	0	3334	0	486	0	0	0	218	0	7392	468	1352	456	502	0	158	0	0	0	474	0	0	0	0	0	0	0	780	0	868	0	0	0	0	0	0	0	0	0	346	0	904	0	7520	394	5544	0	1716	0	0	1108	614	0	132	0	0	0	96	0	0	0	804	0	0	0	0	0	0	0	0	0	0	0	0	0	0	0	0	0	0	0	0	0	0	0	0	0	0	0	
250568	Thalamus_R	2092	24078	3534	28244	0	0	384	2832	0	0	0	610	0	0	0	92	0	0	2804	2294	0	0	0	212	0	0	0	0	150	1912	178	940	0	314	1322	1502	2442	7272	1448	6048	0	422	0	0	0	0	236	324	0	0	116	0	0	314	114	1362	114	452	0	0	0	0	0	98	0	0	334	596	1890	234	3186	19122	440	3314	0	398	1108	0	0	0	0	0	0	0	0	90	0	0	0	316	0	0	0	0	0	0	0	0	0	0	0	0	0	0	0	0	0	0	0	0	0	0	0	0	0	0	
90280	Heschl_L	3040	0	1870	98	0	0	1444	0	0	0	908	0	260	0	0	0	4410	0	1146	144	0	0	0	0	0	0	0	0	8294	0	272	0	0	0	586	156	2710	296	0	0	0	0	622	0	154	0	194	0	0	0	584	0	210	0	2146	0	3686	0	0	0	94	0	318	0	0	0	662	0	148	0	84	0	1254	0	0	0	614	0	0	0	4438	0	0	0	3142	0	0	0	1156	0	0	0	0	0	0	0	0	0	0	0	0	0	0	0	0	0	0	0	0	0	0	0	0	0	0	0	
44576	Heschl_R	0	766	0	210	0	0	0	330	0	0	0	180	0	0	0	0	0	3044	0	0	0	0	0	0	0	0	0	0	0	3272	0	0	0	0	0	0	0	604	0	378	0	0	0	0	0	0	0	0	0	0	0	0	0	0	0	480	0	268	0	0	0	906	0	1412	0	206	0	98	0	0	0	160	0	528	0	122	0	0	0	0	0	7258	0	0	0	1696	0	0	0	370	0	0	0	0	0	0	0	0	0	0	0	0	0	0	0	0	0	0	0	0	0	0	0	0	0	0	
194052	Temporal_Sup_L	2284	0	2044	202	0	0	490	0	0	0	3004	0	528	0	0	0	9532	0	816	86	0	0	0	0	0	0	0	0	12858	0	0	0	180	0	794	0	2272	0	194	0	130	0	1180	0	574	0	586	0	0	0	342	0	0	0	3326	0	4712	0	0	0	848	0	7370	0	1318	0	1620	0	350	0	192	0	3038	0	0	0	132	0	4438	0	0	0	3078	0	16780	0	750	0	10978	0	0	0	0	0	0	0	0	0	0	0	0	0	0	0	0	0	0	0	0	0	0	0	0	0	0	0	
140908	Temporal_Sup_R	0	1820	0	770	0	0	0	430	0	0	0	300	0	0	0	96	0	7542	0	0	0	0	0	0	0	0	0	0	0	11500	0	0	0	0	0	216	0	3038	0	770	0	0	0	152	0	114	0	310	0	0	0	890	0	84	0	2048	0	1630	0	0	0	1200	0	7226	0	2888	228	820	0	0	0	0	0	1358	0	0	0	0	0	7258	0	0	0	2104	0	13090	0	204	0	2368	0	0	0	0	0	0	0	0	0	0	0	0	0	0	0	0	0	0	0	0	0	0	0	0	0	0	
98496	Temporal_Pole_Sup_L	90	0	1148	174	426	0	392	0	140	0	3240	0	1346	0	1280	0	1874	0	408	84	716	102	0	0	0	0	256	0	5084	0	322	110	0	0	0	0	998	0	3556	0	1244	0	0	0	0	0	0	0	0	0	0	0	0	0	4416	0	0	0	0	0	0	0	0	0	0	0	0	0	0	0	1398	146	198	0	0	0	0	0	0	0	3078	0	0	0	5090	0	5746	0	6186	0	0	0	0	0	0	0	0	0	0	0	0	0	0	0	0	0	0	0	0	0	0	0	0	0	0	0	
65736	Temporal_Pole_Sup_R	0	0	0	226	0	0	0	0	0	0	0	458	0	0	0	442	0	360	0	170	0	144	0	0	0	0	0	0	0	1764	0	0	0	0	0	0	0	1166	0	5496	0	2804	0	0	0	0	0	0	0	0	0	0	0	0	0	6686	0	0	0	0	0	0	0	0	0	0	0	0	0	0	0	0	0	0	0	0	0	0	0	0	0	2104	0	0	0	3930	0	4394	0	2724	0	0	0	0	0	0	0	0	0	0	0	0	0	0	0	0	0	0	0	0	0	0	0	0	0	0	
261844	Temporal_Mid_L	4294	0	262	0	0	0	0	0	0	0	536	0	0	0	0	0	1778	0	132	0	0	0	0	0	0	0	0	0	5340	0	0	0	92	0	2098	0	394	0	0	0	0	0	3998	0	1140	0	778	0	2112	0	18688	0	3952	0	4374	0	5972	0	278	0	7066	0	4910	0	5988	0	3498	0	162	0	0	0	154	0	0	0	96	0	3142	0	16780	0	5090	0	0	0	4460	0	23358	0	0	0	0	0	0	0	0	0	0	0	0	0	0	0	0	0	0	0	0	0	0	0	0	0	0	0	
256808	Temporal_Mid_R	0	1376	0	560	0	0	0	412	0	0	0	462	0	0	0	0	0	538	0	0	0	0	0	0	0	0	0	0	0	5284	0	0	0	326	346	1444	0	6580	0	3360	0	88	126	5824	0	1946	0	3002	0	1744	0	15158	0	3808	0	10770	0	0	0	0	0	662	0	4586	0	6596	270	4368	0	0	0	0	0	1088	0	0	0	90	0	1696	0	13090	0	3930	0	0	0	1948	0	26834	0	0	0	0	0	0	0	92	0	0	0	0	0	0	0	0	0	0	0	0	0	0	0	0	0	0	
41304	Temporal_Pole_Mid_L	0	0	0	0	0	0	0	0	0	0	0	0	0	0	0	0	0	0	0	0	0	0	0	0	0	0	0	0	0	0	0	0	0	0	0	0	240	0	2438	0	510	0	0	0	0	0	0	0	0	0	0	0	0	0	3382	0	0	0	0	0	0	0	0	0	0	0	0	0	0	0	0	0	0	0	0	0	0	0	0	0	750	0	5746	0	4460	0	0	0	3126	0	0	0	0	0	0	0	0	0	0	0	0	0	0	0	0	0	0	0	0	0	0	0	0	0	0	0	
25036	Temporal_Pole_Mid_R	0	0	0	0	0	0	0	0	0	0	0	0	0	0	0	0	0	0	0	0	0	0	0	0	0	0	0	0	0	0	0	0	0	0	0	0	0	152	0	1944	0	366	0	0	0	0	0	0	0	0	0	0	0	0	0	2190	0	0	0	0	0	0	0	0	0	0	0	0	0	0	0	0	0	0	0	0	0	0	0	0	0	204	0	4394	0	1948	0	0	0	1320	0	0	0	0	0	0	0	0	0	0	0	0	0	0	0	0	0	0	0	0	0	0	0	0	0	0	
194872	Temporal_Inf_L	604	0	118	0	0	0	0	0	0	0	0	0	0	0	0	0	814	0	96	0	0	0	0	0	0	0	0	0	5442	0	0	0	0	0	520	0	8812	0	914	0	656	0	850	0	92	0	292	0	0	0	1372	0	2968	0	18836	0	1152	0	0	0	942	0	342	0	0	0	864	0	0	0	0	0	2196	0	0	0	804	0	1156	0	10978	0	6186	0	23358	0	3126	0	0	0	2460	0	408	0	0	0	84	0	736	0	154	0	104	0	0	0	0	0	0	0	0	0	0	0	0	0	
256764	Temporal_Inf_R	408	1508	0	632	0	0	0	430	0	0	0	506	0	0	0	0	0	0	0	0	0	0	0	0	0	0	0	0	0	6468	0	0	0	190	822	1410	0	17428	0	8806	0	454	0	1820	0	614	0	4982	0	414	142	3218	0	5726	176	26184	0	0	0	0	0	248	0	462	0	258	162	3768	424	0	0	0	0	3276	0	0	0	316	0	370	0	2368	0	2724	0	26834	0	1320	0	0	0	1960	0	218	0	0	0	316	0	738	0	0	0	0	0	0	0	0	0	0	282	0	0	0	0	0	
562260	Cerebelum_Crus1_L	144	0	0	0	0	0	0	0	0	0	0	0	0	0	0	0	0	0	0	0	0	0	0	0	0	0	0	0	0	0	0	0	0	0	164	0	1020	86	1542	120	0	0	540	108	0	0	11062	3264	0	0	976	402	676	494	24934	1328	0	0	0	0	0	0	0	0	0	0	198	0	0	0	0	0	0	0	0	0	0	0	0	0	0	0	0	0	0	0	0	0	2460	0	0	3588	40358	3430	3666	2262	26414	5258	63594	7166	13724	502	17874	5002	1800	2140	610	208	1348	2338	7950	7118	10348	2552	1950	412	
448584	Cerebelum_Crus1_R	0	0	0	0	0	0	0	0	0	0	0	0	0	0	0	0	0	0	0	0	0	0	0	0	0	0	0	0	0	144	0	0	0	0	0	0	0	1206	0	2158	0	0	0	0	0	0	1596	6084	0	0	0	124	0	426	498	16684	0	0	0	0	0	0	0	0	0	0	0	0	0	0	0	0	0	304	0	92	0	0	0	0	0	0	0	0	0	0	0	0	0	1960	3588	0	1082	33286	674	6060	3638	21312	6484	58300	164	5576	580	23760	414	2360	0	588	316	3590	9144	7726	3968	182	224	0	
377184	Cerebelum_Crus2_L	0	0	0	0	0	0	0	0	0	0	0	0	0	0	0	0	0	0	0	0	0	0	0	0	0	0	0	0	0	0	0	0	0	0	0	0	244	0	362	0	0	0	228	0	0	0	1078	874	0	0	218	0	0	0	5520	232	0	0	0	0	0	0	0	0	0	0	0	0	0	0	0	0	0	0	0	0	0	0	0	0	0	0	0	0	0	0	0	0	408	0	40358	1082	0	6580	898	532	4258	1056	18252	2270	37012	2850	35776	3884	5308	520	1338	0	350	616	1126	2842	9230	2710	414	166	
281916	Cerebelum_Crus2_R	0	0	0	0	0	0	0	0	0	0	0	0	0	0	0	0	0	0	0	0	0	0	0	0	0	0	0	0	0	0	0	0	0	0	0	0	0	346	0	624	0	0	0	0	0	0	168	148	0	0	0	0	0	0	168	1238	0	0	0	0	0	0	0	0	0	0	0	0	0	0	0	0	0	104	0	0	0	0	0	0	0	0	0	0	0	0	0	0	0	218	3430	33286	6580	0	200	1398	1046	3064	1692	11948	3884	16466	3846	31800	250	1444	116	404	308	842	1254	950	10994	2446	296	0	
91764	Cerebelum_3_L	0	0	0	0	0	0	0	0	0	0	0	0	0	0	0	0	0	0	0	0	0	0	0	0	0	0	0	0	0	0	0	0	0	0	0	0	0	0	186	0	0	0	0	0	0	0	506	358	0	0	0	0	0	0	652	170	0	0	0	0	0	0	0	0	0	0	0	0	0	0	0	0	0	0	0	0	0	0	0	0	0	0	0	0	0	0	0	0	0	0	3666	674	898	200	0	290	11978	776	6772	1572	392	0	1508	646	2804	562	0	0	1256	2506	2684	1874	856	880	694	522	
147832	Cerebelum_3_R	0	0	0	0	0	0	0	0	0	0	0	0	0	0	0	0	0	0	0	0	0	0	0	0	0	0	0	0	0	0	0	0	0	0	0	0	0	498	0	752	0	0	0	0	0	0	0	762	0	0	0	0	0	0	0	994	0	0	0	0	0	0	0	0	0	0	0	0	0	0	0	0	0	0	0	90	0	0	0	0	0	0	0	0	0	0	0	0	0	0	2262	6060	532	1398	290	0	1492	10978	1944	10380	0	0	368	5174	354	3318	0	0	2788	7602	3438	2616	3274	3168	3012	372	
394100	Cerebelum_4_5_L	0	0	0	0	0	0	0	0	0	0	0	0	0	0	0	0	0	0	0	0	0	0	0	0	0	0	0	0	0	0	0	0	0	0	0	0	1638	0	3138	0	0	0	690	0	0	0	12482	3312	0	0	1064	498	1136	668	15996	1598	0	0	0	0	0	0	0	0	0	0	352	0	0	0	0	0	0	0	0	0	0	0	0	0	0	0	0	0	0	0	0	0	84	0	26414	3638	4258	1046	11978	1492	0	8398	44896	6086	2276	0	4616	1098	5524	1352	794	0	1558	3002	17184	3916	1882	674	870	1442	
352620	Cerebelum_4_5_R	0	0	0	0	0	0	0	0	0	0	0	0	0	0	0	0	0	0	0	0	0	0	0	0	0	0	0	0	0	324	0	0	0	0	160	266	148	3532	0	5836	0	0	132	192	0	0	1690	10392	0	0	260	980	282	1694	1374	15722	0	0	0	0	0	0	0	0	0	0	0	600	0	0	0	0	0	402	0	0	0	0	0	0	0	0	0	0	0	92	0	0	0	316	5258	21312	1056	3064	776	10978	8398	0	7962	32992	0	86	272	5324	402	2254	0	360	402	4308	18202	3312	2024	1620	1426	128	
580136	Cerebelum_6_L	0	0	0	0	0	0	0	0	0	0	0	0	0	0	0	0	0	0	0	0	0	0	0	0	0	0	0	0	0	0	0	0	0	0	0	0	1348	0	2616	144	0	0	1066	262	0	0	15524	5348	0	0	1778	652	1776	740	31162	2706	0	0	0	0	0	0	0	0	0	0	160	0	0	0	0	0	0	0	0	0	0	0	0	0	0	0	0	0	0	0	0	0	736	0	63594	6484	18252	1692	6772	1944	44896	7962	0	12196	5156	116	8166	2382	3824	1482	754	174	1266	2504	13380	11762	5742	1452	1222	876	
496304	Cerebelum_6_R	0	0	0	0	0	0	0	0	0	0	0	0	0	0	0	0	0	0	0	0	0	0	0	0	0	0	0	0	0	210	0	0	0	0	0	0	0	1890	0	3512	0	0	0	520	0	90	2292	10964	0	256	0	740	0	1128	780	22158	0	0	0	0	0	0	0	0	0	0	0	0	0	0	0	0	0	482	0	116	0	0	0	0	0	0	0	0	0	0	0	0	0	738	7166	58300	2270	11948	1572	10380	6086	32992	12196	0	240	900	930	12000	968	2390	98	716	1096	5568	13644	13392	4954	1034	956	480	
247868	Cerebelum_7b_L	0	0	0	0	0	0	0	0	0	0	0	0	0	0	0	0	0	0	0	0	0	0	0	0	0	0	0	0	0	0	0	0	0	0	0	0	194	0	662	0	0	0	0	0	0	0	152	0	0	0	0	0	0	0	1882	0	0	0	0	0	0	0	0	0	0	0	0	0	0	0	0	0	0	0	0	0	0	0	0	0	0	0	0	0	0	0	0	0	154	0	13724	164	37012	3884	392	0	2276	0	5156	240	0	1910	34410	4244	5350	240	1374	0	0	0	0	318	6170	3870	156	0	
103560	Cerebelum_7b_R	0	0	0	0	0	0	0	0	0	0	0	0	0	0	0	0	0	0	0	0	0	0	0	0	0	0	0	0	0	0	0	0	0	0	0	0	0	0	0	0	0	0	0	0	0	0	0	0	0	0	0	0	0	0	0	86	0	0	0	0	0	0	0	0	0	0	0	0	0	0	0	0	0	0	0	0	0	0	0	0	0	0	0	0	0	0	0	0	0	0	502	5576	2850	16466	0	0	0	86	116	900	1910	0	1508	16004	0	652	0	0	0	0	0	90	3530	1504	0	0	
325100	Cerebelum_8_L	0	0	0	0	0	0	0	0	0	0	0	0	0	0	0	0	0	0	0	0	0	0	0	0	0	0	0	0	0	0	0	0	0	0	0	0	132	0	374	0	0	0	0	0	0	0	138	112	0	0	0	0	0	0	2942	0	0	0	0	0	0	0	0	0	0	0	0	0	0	0	0	0	0	0	0	0	0	0	0	0	0	0	0	0	0	0	0	0	104	0	17874	580	35776	3846	1508	368	4616	272	8166	930	34410	1508	0	6444	15326	1784	3562	0	376	358	264	892	9338	7458	2666	426	
351164	Cerebelum_8_R	0	0	0	0	0	0	0	0	0	0	0	0	0	0	0	0	0	0	0	0	0	0	0	0	0	0	0	0	0	0	0	0	0	0	0	0	0	360	0	800	0	0	0	0	0	0	0	590	0	0	0	0	0	0	136	1882	0	0	0	0	0	0	0	0	0	0	0	0	0	0	0	0	0	166	0	0	0	0	0	0	0	0	0	0	0	0	0	0	0	0	5002	23760	3884	31800	646	5174	1098	5324	2382	12000	4244	16004	6444	0	1164	14476	172	1624	1626	3414	2244	3544	11136	9074	5032	380	
128980	Cerebelum_9_L	0	0	0	0	0	0	0	0	0	0	0	0	0	0	0	0	0	0	0	0	0	0	0	0	0	0	0	0	0	0	0	0	0	0	0	0	0	0	134	0	0	0	0	0	0	0	0	124	0	0	0	0	0	0	574	0	0	0	0	0	0	0	0	0	0	0	0	0	0	0	0	0	0	0	0	0	0	0	0	0	0	0	0	0	0	0	0	0	0	0	1800	414	5308	250	2804	354	5524	402	3824	968	5350	0	15326	1164	0	2510	4598	0	596	406	1298	1872	2426	2072	3178	1214	
141736	Cerebelum_9_R	0	0	0	0	0	0	0	0	0	0	0	0	0	0	0	0	0	0	0	0	0	0	0	0	0	0	0	0	0	0	0	0	0	0	0	0	0	0	0	226	0	0	0	0	0	0	110	176	0	0	0	0	0	0	110	636	0	0	0	0	0	0	0	0	0	0	0	0	0	0	0	0	0	0	0	0	0	0	0	0	0	0	0	0	0	0	0	0	0	0	2140	2360	520	1444	562	3318	1352	2254	1482	2390	240	652	1784	14476	2510	0	320	1898	2744	2156	1806	3282	3660	5516	8358	2386	
29668	Cerebelum_10_L	0	0	0	0	0	0	0	0	0	0	0	0	0	0	0	0	0	0	0	0	0	0	0	0	0	0	0	0	0	0	0	0	0	0	0	0	0	0	282	0	0	0	0	0	0	0	0	0	0	0	0	0	0	0	366	0	0	0	0	0	0	0	0	0	0	0	0	0	0	0	0	0	0	0	0	0	0	0	0	0	0	0	0	0	0	0	0	0	0	0	610	0	1338	116	0	0	794	0	754	98	1374	0	3562	172	4598	320	0	0	0	0	0	0	450	0	0	0	
14884	Cerebelum_10_R	0	0	0	0	0	0	0	0	0	0	0	0	0	0	0	0	0	0	0	0	0	0	0	0	0	0	0	0	0	0	0	0	0	0	0	0	0	0	0	0	0	0	0	0	0	0	0	0	0	0	0	0	0	0	0	108	0	0	0	0	0	0	0	0	0	0	0	0	0	0	0	0	0	0	0	0	0	0	0	0	0	0	0	0	0	0	0	0	0	0	208	588	0	404	0	0	0	360	174	716	0	0	0	1624	0	1898	0	0	0	0	86	276	452	260	288	0	
67160	Vermis_1_2	0	0	0	0	0	0	0	0	0	0	0	0	0	0	0	0	0	0	0	0	0	0	0	0	0	0	0	0	0	0	0	0	0	0	0	0	0	0	0	0	0	0	0	0	0	0	162	0	0	0	0	0	0	0	0	0	0	0	0	0	0	0	0	0	0	0	0	0	0	0	0	0	0	0	0	0	0	0	0	0	0	0	0	0	0	0	0	0	0	0	1348	316	350	308	1256	2788	1558	402	1266	1096	0	0	376	1626	596	2744	0	0	0	5402	1652	1778	2032	2504	2850	1170	
122524	Vermis_3	0	0	0	0	0	0	0	0	0	0	0	0	0	0	0	0	0	0	0	0	0	0	0	0	0	0	0	0	0	0	0	0	0	0	0	0	0	0	0	0	0	0	0	0	0	0	312	516	0	0	0	0	0	0	0	298	0	0	0	0	0	0	0	0	0	0	0	0	0	0	0	0	0	0	0	0	0	0	0	0	0	0	0	0	0	0	0	0	0	0	2338	3590	616	842	2506	7602	3002	4308	2504	5568	0	0	358	3414	406	2156	0	0	5402	0	4786	2436	2846	2496	2258	702	
280140	Vermis_4_5	0	0	0	0	0	0	0	0	0	0	0	0	0	0	0	0	0	0	0	0	0	0	0	0	0	0	0	0	0	0	0	0	0	0	232	1030	172	796	0	680	0	0	446	744	0	0	3294	7922	0	0	656	972	726	1570	2708	5062	0	0	0	0	0	0	0	0	0	0	102	1532	0	0	0	0	0	0	0	0	0	0	0	0	0	0	0	0	0	0	0	0	0	282	7950	9144	1126	1254	2684	3438	17184	18202	13380	13644	0	0	264	2244	1298	1806	0	86	1652	4786	0	5412	1490	890	1172	2038	
203368	Vermis_6	0	0	0	0	0	0	0	0	0	0	0	0	0	0	0	0	0	0	0	0	0	0	0	0	0	0	0	0	0	0	0	0	0	0	0	0	0	0	0	230	0	0	0	420	0	0	2092	5618	0	0	0	430	0	556	572	3190	0	0	0	0	0	0	0	0	0	0	0	0	0	0	0	0	0	0	0	0	0	0	0	0	0	0	0	0	0	0	0	0	0	0	7118	7726	2842	950	1874	2616	3916	3312	11762	13392	318	90	892	3544	1872	3282	0	276	1778	2436	5412	0	5612	1990	2770	2796	
233804	Vermis_7	0	0	0	0	0	0	0	0	0	0	0	0	0	0	0	0	0	0	0	0	0	0	0	0	0	0	0	0	0	0	0	0	0	0	0	0	0	0	150	228	0	0	0	0	0	0	268	322	0	0	0	0	0	0	416	306	0	0	0	0	0	0	0	0	0	0	0	0	0	0	0	0	0	0	0	0	0	0	0	0	0	0	0	0	0	0	0	0	0	0	10348	3968	9230	10994	856	3274	1882	2024	5742	4954	6170	3530	9338	11136	2426	3660	450	452	2032	2846	1490	5612	0	7950	3960	888	
141912	Vermis_8	0	0	0	0	0	0	0	0	0	0	0	0	0	0	0	0	0	0	0	0	0	0	0	0	0	0	0	0	0	0	0	0	0	0	0	0	0	0	0	154	0	0	0	0	0	0	0	0	0	0	0	0	0	0	0	266	0	0	0	0	0	0	0	0	0	0	0	0	0	0	0	0	0	0	0	0	0	0	0	0	0	0	0	0	0	0	0	0	0	0	2552	182	2710	2446	880	3168	674	1620	1452	1034	3870	1504	7458	9074	2072	5516	0	260	2504	2496	890	1990	7950	0	7126	1108	
107900	Vermis_9	0	0	0	0	0	0	0	0	0	0	0	0	0	0	0	0	0	0	0	0	0	0	0	0	0	0	0	0	0	0	0	0	0	0	0	0	0	0	0	152	0	0	0	0	0	0	0	0	0	0	0	0	0	0	0	264	0	0	0	0	0	0	0	0	0	0	0	0	0	0	0	0	0	0	0	0	0	0	0	0	0	0	0	0	0	0	0	0	0	0	1950	224	414	296	694	3012	870	1426	1222	956	156	0	2666	5032	3178	8358	0	288	2850	2258	1172	2770	3960	7126	0	2656	
40572	Vermis_10	0	0	0	0	0	0	0	0	0	0	0	0	0	0	0	0	0	0	0	0	0	0	0	0	0	0	0	0	0	0	0	0	0	0	0	0	0	0	0	0	0	0	0	0	0	0	124	0	0	0	0	0	0	0	0	0	0	0	0	0	0	0	0	0	0	0	0	0	0	0	0	0	0	0	0	0	0	0	0	0	0	0	0	0	0	0	0	0	0	0	412	0	166	0	522	372	1442	128	876	480	0	0	426	380	1214	2386	0	0	1170	702	2038	2796	888	1108	2656	0	
