data	data	409112	260868	760772	837668	153652	134232	362740	325004	52896	43904	298408	212452	314300	306056	175964	147144	257136	138692	744236	807364	79832	102252	306396	345624	30052	70052	46972	83712	670780	432612	269384	446064	229796	556140	118980	176992	305712	337420	140232	191224	50868	55632	306392	368880	311468	307048	411896	353372	271572	287104	632308	296668	214796	176488	534184	462704	278772	166396	165032	64572	236644	92180	78772	109184	203372	131448	530900	374280	270816	179220	325052	378568	313056	487432	35508	23212	190156	165172	71704	38568	273336	88068	80224	57172	376188	285272	19900	20772	343436	347424	495876	507664	259980	297784	56404	92492	372248	337236	534508	490560	216364	225644	282348	323904	180676	149112	28176	12820	38276	110220	333192	268392	207352	147484	96720	42344	
data	data	Precentral_L	Precentral_R	Frontal_Sup_L	Frontal_Sup_R	Frontal_Sup_Orb_L	Frontal_Sup_Orb_R	Frontal_Mid_L	Frontal_Mid_R	Frontal_Mid_Orb_L	Frontal_Mid_Orb_R	Frontal_Inf_Oper_L	Frontal_Inf_Oper_R	Frontal_Inf_Tri_L	Frontal_Inf_Tri_R	Frontal_Inf_Orb_L	Frontal_Inf_Orb_R	Rolandic_Oper_L	Rolandic_Oper_R	Supp_Motor_Area_L	Supp_Motor_Area_R	Olfactory_L	Olfactory_R	Frontal_Sup_Medial_L	Frontal_Sup_Medial_R	Frontal_Med_Orb_L	Frontal_Med_Orb_R	Rectus_L	Rectus_R	Insula_L	Insula_R	Cingulum_Ant_L	Cingulum_Ant_R	Cingulum_Mid_L	Cingulum_Mid_R	Cingulum_Post_L	Cingulum_Post_R	Hippocampus_L	Hippocampus_R	ParaHippocampal_L	ParaHippocampal_R	Amygdala_L	Amygdala_R	Calcarine_L	Calcarine_R	Cuneus_L	Cuneus_R	Lingual_L	Lingual_R	Occipital_Sup_L	Occipital_Sup_R	Occipital_Mid_L	Occipital_Mid_R	Occipital_Inf_L	Occipital_Inf_R	Fusiform_L	Fusiform_R	Postcentral_L	Postcentral_R	Parietal_Sup_L	Parietal_Sup_R	Parietal_Inf_L	Parietal_Inf_R	SupraMarginal_L	SupraMarginal_R	Angular_L	Angular_R	Precuneus_L	Precuneus_R	Paracentral_Lobule_L	Paracentral_Lobule_R	Caudate_L	Caudate_R	Putamen_L	Putamen_R	Pallidum_L	Pallidum_R	Thalamus_L	Thalamus_R	Heschl_L	Heschl_R	Temporal_Sup_L	Temporal_Sup_R	Temporal_Pole_Sup_L	Temporal_Pole_Sup_R	Temporal_Mid_L	Temporal_Mid_R	Temporal_Pole_Mid_L	Temporal_Pole_Mid_R	Temporal_Inf_L	Temporal_Inf_R	Cerebelum_Crus1_L	Cerebelum_Crus1_R	Cerebelum_Crus2_L	Cerebelum_Crus2_R	Cerebelum_3_L	Cerebelum_3_R	Cerebelum_4_5_L	Cerebelum_4_5_R	Cerebelum_6_L	Cerebelum_6_R	Cerebelum_7b_L	Cerebelum_7b_R	Cerebelum_8_L	Cerebelum_8_R	Cerebelum_9_L	Cerebelum_9_R	Cerebelum_10_L	Cerebelum_10_R	Vermis_1_2	Vermis_3	Vermis_4_5	Vermis_6	Vermis_7	Vermis_8	Vermis_9	Vermis_10	
409112	Precentral_L	0	310	12220	1076	0	0	17240	0	0	0	9386	0	1816	0	0	0	11096	0	4694	1440	0	0	0	0	0	0	0	0	11150	0	80	0	2334	468	3692	318	8862	310	1458	98	0	0	1594	0	398	0	2016	0	72	0	5704	0	1478	0	2956	90	25560	0	1984	0	6822	0	2352	0	4466	0	6332	0	12146	0	2526	86	6872	108	656	0	13260	138	3872	0	4862	0	0	0	5532	0	0	0	4496	0	0	0	0	0	0	0	64	0	0	0	0	0	0	0	0	0	0	0	0	66	0	0	0	0	0	0	
260868	Precentral_R	310	0	64	12066	0	0	0	11806	0	0	0	3790	0	118	0	0	0	5474	360	6114	0	0	0	0	0	0	0	0	0	6748	0	0	64	2190	0	974	0	7332	0	2716	0	0	0	0	0	248	0	0	0	600	0	402	0	2192	0	4472	0	15438	0	414	0	1084	0	3108	0	518	0	874	410	6196	174	2624	100	11178	88	1972	158	1248	0	1038	0	1478	0	0	0	5524	0	0	0	8770	0	0	0	0	0	0	0	0	0	0	0	0	0	0	0	0	0	0	0	0	0	0	0	0	0	0	
760772	Frontal_Sup_L	12220	64	0	8756	9034	0	47146	340	1116	0	20656	446	22764	1192	7156	598	12242	122	63200	16238	152	86	30824	1684	1498	0	0	0	36524	466	13862	4220	2138	5634	968	250	2578	316	466	68	0	0	144	0	0	0	680	0	0	0	1062	0	294	0	840	0	1504	0	248	0	858	0	84	0	738	0	750	0	2122	0	14488	1568	10076	514	254	0	4892	214	692	0	9506	0	654	0	1356	0	0	0	1824	0	0	0	0	0	0	0	0	0	0	0	0	0	0	0	0	0	0	0	0	0	0	0	0	0	0	0	
837668	Frontal_Sup_R	1076	12066	8756	0	0	4686	312	35460	0	682	1290	15282	592	24248	280	5234	430	8358	22822	58538	0	0	10006	38540	0	3236	0	0	1522	21822	2534	31646	974	28052	196	2080	178	6836	312	2126	0	0	0	0	0	0	354	0	0	0	0	0	0	130	156	1466	0	842	0	0	0	0	0	0	0	0	0	154	1176	0	6384	18824	728	24642	72	1626	2326	7248	0	514	136	730	186	154	0	304	0	0	0	510	0	0	0	0	0	0	0	0	0	0	0	0	0	0	0	0	0	0	0	0	0	0	0	0	0	0	
153652	Frontal_Sup_Orb_L	0	0	9034	0	0	0	1402	0	8624	0	544	0	3836	0	15006	0	120	0	1236	0	1166	0	4182	0	3180	0	6048	0	12692	0	2818	0	0	0	0	0	186	0	110	0	258	0	0	0	0	0	0	0	0	0	0	0	0	0	98	0	0	0	0	0	0	0	0	0	0	0	0	0	0	0	510	0	4634	0	0	0	0	0	0	0	128	0	1014	0	0	0	0	0	0	0	0	0	0	0	0	0	0	0	0	0	0	0	0	0	0	0	0	0	0	0	0	0	0	0	0	0	
134232	Frontal_Sup_Orb_R	0	0	0	4686	0	0	0	846	0	6304	0	0	0	316	0	7062	0	0	0	0	1490	4972	246	2850	242	8090	334	9892	0	3010	1322	1742	0	0	0	0	0	0	0	0	0	0	0	0	0	0	0	0	0	0	0	0	0	0	0	0	0	0	0	0	0	0	0	0	0	0	0	0	0	0	1704	4226	1254	6368	0	0	0	0	0	0	0	0	0	160	0	0	0	0	0	0	0	0	0	0	0	0	0	0	0	0	0	0	0	0	0	0	0	0	0	0	0	0	0	0	0	0	
362740	Frontal_Mid_L	17240	0	47146	312	1402	0	0	0	1796	0	11126	0	25524	0	7720	0	6310	0	9514	418	0	0	14190	540	0	0	0	0	12602	0	4644	636	1704	936	0	0	1216	0	204	0	0	0	0	0	0	0	0	0	0	0	636	0	0	0	258	0	694	0	182	0	856	0	70	0	442	0	320	0	220	0	992	0	2386	0	704	0	3024	0	794	0	3610	0	70	0	444	0	0	0	488	0	0	0	0	0	0	0	0	0	0	0	0	0	0	0	0	0	0	0	0	0	0	0	0	0	0	0	
325004	Frontal_Mid_R	0	11806	340	35460	0	846	0	0	0	1094	170	10012	66	19432	0	3430	0	3738	2118	5616	0	0	682	6754	0	0	0	0	192	13940	448	6652	0	5158	0	0	0	2934	0	448	0	72	0	0	0	0	0	0	0	0	0	0	0	100	0	668	0	1154	0	0	0	0	0	160	0	0	0	0	0	0	892	5888	260	19494	0	874	0	300	0	488	0	332	0	0	0	76	0	0	0	408	0	0	0	0	0	0	0	0	0	0	0	0	0	0	0	0	0	0	0	0	0	0	0	0	0	0	
52896	Frontal_Mid_Orb_L	0	0	1116	0	8624	0	1796	0	0	0	0	0	1232	0	10308	0	0	0	0	0	0	0	0	0	74	0	1586	0	1074	0	0	0	0	0	0	0	0	0	0	0	0	0	0	0	0	0	0	0	0	0	0	0	0	0	0	0	0	0	0	0	0	0	0	0	0	0	0	0	0	0	150	0	488	0	0	0	0	0	0	0	0	0	0	0	0	0	0	0	0	0	0	0	0	0	0	0	0	0	0	0	0	0	0	0	0	0	0	0	0	0	0	0	0	0	0	0	
43904	Frontal_Mid_Orb_R	0	0	0	682	0	6304	0	1094	0	0	0	0	0	736	0	7432	0	0	0	0	94	822	0	0	0	0	0	898	0	1774	0	0	0	0	0	0	0	0	0	0	0	0	0	0	0	0	0	0	0	0	0	0	0	0	0	0	0	0	0	0	0	0	0	0	0	0	0	0	0	0	98	150	88	1780	0	0	0	0	0	0	0	0	0	0	0	0	0	0	0	0	0	0	0	0	0	0	0	0	0	0	0	0	0	0	0	0	0	0	0	0	0	0	0	0	0	0	
298408	Frontal_Inf_Oper_L	9386	0	20656	1290	544	0	11126	170	0	0	0	162	15974	1056	468	802	14788	0	10662	1174	384	230	856	340	0	0	0	0	29274	202	2262	826	204	1632	0	0	516	0	184	0	0	0	0	0	0	0	0	0	0	0	0	0	0	0	200	0	4362	0	0	0	0	0	0	0	0	0	0	0	0	0	5000	1746	2424	178	0	0	98	0	1258	0	6706	0	1956	0	0	0	0	0	108	0	0	0	0	0	0	0	0	0	0	0	0	0	0	0	0	0	0	0	0	0	0	0	0	0	0	0	
212452	Frontal_Inf_Oper_R	0	3790	446	15282	0	0	0	10012	0	0	162	0	64	14724	0	496	0	7940	4340	9076	0	0	122	2438	0	0	0	0	184	15756	220	3192	0	3186	0	0	0	716	0	204	0	0	0	0	0	0	0	0	0	0	0	0	0	0	0	162	0	886	0	0	0	0	0	90	0	0	0	0	0	0	794	2288	234	8100	0	0	0	0	0	286	0	498	0	538	0	0	0	0	0	0	0	0	0	0	0	0	0	0	0	0	0	0	0	0	0	0	0	0	0	0	0	0	0	0	0	0	
314300	Frontal_Inf_Tri_L	1816	0	22764	592	3836	0	25524	66	1232	0	15974	64	0	620	15476	524	1500	0	9678	424	144	86	6458	254	124	0	0	0	32498	82	6756	464	494	614	0	0	188	0	0	0	0	0	0	0	0	0	0	0	0	0	0	0	0	0	0	0	0	0	0	0	0	0	0	0	0	0	0	0	0	0	3106	1022	2582	80	0	0	100	0	654	0	1008	0	346	0	0	0	0	0	0	0	0	0	0	0	0	0	0	0	0	0	0	0	0	0	0	0	0	0	0	0	0	0	0	0	0	0	
306056	Frontal_Inf_Tri_R	0	118	1192	24248	0	316	0	19432	0	736	1056	14724	620	0	184	11790	88	814	4062	11564	0	0	1610	7520	0	0	0	0	1132	18924	602	8140	106	8212	0	0	0	522	0	146	0	0	0	0	0	0	0	0	0	0	0	0	0	0	0	118	0	0	0	0	0	0	0	0	0	0	0	0	0	0	1968	5550	416	6906	0	0	0	66	0	0	0	0	78	68	0	0	0	0	0	0	0	0	0	0	0	0	0	0	0	0	0	0	0	0	0	0	0	0	0	0	0	0	0	0	0	0	
175964	Frontal_Inf_Orb_L	0	0	7156	280	15006	0	7720	0	10308	0	468	0	15476	184	0	148	206	0	966	154	980	0	3006	158	132	0	1610	0	14706	0	2624	214	150	234	0	0	186	0	92	0	190	0	0	0	0	0	0	0	0	0	0	0	0	0	120	0	0	0	0	0	0	0	0	0	0	0	0	0	0	0	1380	298	2116	0	0	0	0	0	0	0	188	0	1526	0	0	0	0	0	0	0	0	0	0	0	0	0	0	0	0	0	0	0	0	0	0	0	0	0	0	0	0	0	0	0	0	0	
147144	Frontal_Inf_Orb_R	0	0	598	5234	0	7062	0	3430	0	7432	802	496	524	11790	148	0	0	190	1204	3292	162	1742	278	868	0	0	0	1994	848	8924	164	1684	0	1802	0	0	0	760	0	438	0	82	0	0	0	0	0	0	0	0	0	0	0	0	0	544	0	0	0	0	0	0	0	0	0	0	0	0	0	0	1164	4348	312	4252	0	0	0	72	0	0	0	82	0	850	0	0	0	0	0	0	0	0	0	0	0	0	0	0	0	0	0	0	0	0	0	0	0	0	0	0	0	0	0	0	0	0	
257136	Rolandic_Oper_L	11096	0	12242	430	120	0	6310	0	0	0	14788	0	1500	88	206	0	0	0	4586	422	0	0	128	78	0	0	0	0	24564	0	470	282	110	798	0	0	1030	0	148	0	0	0	0	0	0	0	0	0	0	0	1974	0	100	0	260	0	9234	0	730	0	1818	0	3540	0	1150	0	1124	0	814	0	898	160	1670	0	542	0	322	0	2924	0	18804	0	1658	0	950	0	0	0	500	0	0	0	0	0	0	0	0	0	0	0	0	0	0	0	0	0	0	0	0	0	0	0	0	0	0	0	
138692	Rolandic_Oper_R	0	5474	122	8358	0	0	0	3738	0	0	0	7940	0	814	0	190	0	0	2060	4056	0	0	0	488	0	0	0	0	0	13738	0	676	0	516	0	0	0	934	0	140	0	0	0	0	0	0	0	0	0	0	0	0	0	0	0	0	0	3058	0	0	0	158	0	2250	0	96	0	0	0	0	146	976	0	4616	0	0	0	138	0	3470	0	3868	0	538	0	546	0	0	0	242	0	0	0	0	0	0	0	0	0	0	0	0	0	0	0	0	0	0	0	0	0	0	0	0	0	0	
744236	Supp_Motor_Area_L	4694	360	63200	22822	1236	0	9514	2118	0	0	10662	4340	9678	4062	966	1204	4586	2060	0	54032	134	78	5076	6210	138	0	0	0	17850	3954	7028	10104	28166	22058	3014	1180	2680	326	202	172	0	0	588	0	1686	0	88	0	276	0	490	0	64	0	1004	156	400	0	0	0	0	0	0	0	92	0	912	162	14744	146	17552	2722	14336	2720	3458	0	940	282	66	0	3212	106	408	0	706	76	0	0	720	102	0	0	0	0	0	0	0	0	0	0	0	0	0	0	0	0	0	0	0	0	0	0	0	0	0	0	
807364	Supp_Motor_Area_R	1440	6114	16238	58538	0	0	418	5616	0	0	1174	9076	424	11564	154	3292	422	4056	54032	0	0	0	1498	9714	0	0	0	0	1290	8510	2742	15432	13602	49500	1682	10640	158	4798	310	1616	0	0	144	594	0	1574	364	248	0	2146	0	1258	0	2102	154	1988	0	150	0	110	0	0	0	68	0	208	204	4454	6274	16306	7116	24352	380	6302	0	424	2434	22702	0	112	160	206	142	94	0	2408	0	0	0	4454	0	0	0	0	0	0	0	0	0	0	0	0	0	0	0	0	0	0	0	0	0	0	0	0	0	0	
79832	Olfactory_L	0	0	152	0	1166	1490	0	0	0	94	384	0	144	0	980	162	0	0	134	0	0	4882	0	0	474	318	2242	2126	3344	176	2724	1856	0	0	0	0	972	0	1496	0	1384	0	0	0	0	0	0	0	0	0	0	0	0	0	800	0	0	0	0	0	0	0	0	0	0	0	0	0	0	0	5600	2386	3340	698	0	0	0	0	0	0	0	0	318	0	0	0	0	0	74	0	0	0	0	0	0	0	0	0	0	0	0	0	0	0	0	0	0	0	0	0	0	0	0	0	0	0	
102252	Olfactory_R	0	0	86	0	0	4972	0	0	0	822	230	0	86	0	0	1742	0	0	78	0	4882	0	82	0	92	790	968	6022	238	2666	2922	2834	0	0	0	0	0	0	0	104	0	378	0	0	0	0	0	0	0	0	0	0	0	0	0	66	0	0	0	0	0	0	0	0	0	0	0	0	0	0	7738	6598	4536	2044	0	0	0	0	0	0	0	0	0	150	0	0	0	0	0	0	0	0	0	0	0	0	0	0	0	0	0	0	0	0	0	0	0	0	0	0	0	0	0	0	0	0	
306396	Frontal_Sup_Medial_L	0	0	30824	10006	4182	246	14190	682	0	0	856	122	6458	1610	3006	278	128	0	5076	1498	0	82	0	16398	1898	1304	182	144	6746	1106	15144	12810	2152	11772	0	0	0	0	0	0	0	0	0	0	0	0	0	0	0	0	0	0	0	0	0	0	0	0	0	0	0	0	0	0	0	0	0	0	0	0	658	1190	1182	1100	0	0	0	0	0	0	100	0	68	0	0	0	0	0	0	0	0	0	0	0	0	0	0	0	0	0	0	0	0	0	0	0	0	0	0	0	0	0	0	0	0	0	
345624	Frontal_Sup_Medial_R	0	0	1684	38540	0	2850	540	6754	0	0	340	2438	254	7520	158	868	78	488	6210	9714	0	0	16398	0	352	5012	0	0	402	5876	1932	28530	284	19344	0	0	0	0	0	0	0	0	0	0	0	0	0	0	0	0	0	0	0	0	0	0	0	0	0	0	0	0	0	0	0	0	0	0	0	0	1126	6166	212	8742	0	0	0	0	0	0	0	0	0	0	0	0	0	0	0	0	0	0	0	0	0	0	0	0	0	0	0	0	0	0	0	0	0	0	0	0	0	0	0	0	0	0	
30052	Frontal_Med_Orb_L	0	0	1498	0	3180	242	0	0	74	0	0	0	124	0	132	0	0	0	138	0	474	92	1898	352	0	682	1844	66	372	0	2474	222	0	0	0	0	0	0	0	0	0	0	0	0	0	0	0	0	0	0	0	0	0	0	0	0	0	0	0	0	0	0	0	0	0	0	0	0	0	0	464	154	470	74	0	0	0	0	0	0	0	0	0	0	0	0	0	0	0	0	0	0	0	0	0	0	0	0	0	0	0	0	0	0	0	0	0	0	0	0	0	0	0	0	0	0	
70052	Frontal_Med_Orb_R	0	0	0	3236	0	8090	0	0	0	0	0	0	0	0	0	0	0	0	0	0	318	790	1304	5012	682	0	120	4228	0	0	1478	3498	0	108	0	0	0	0	0	0	0	0	0	0	0	0	0	0	0	0	0	0	0	0	0	0	0	0	0	0	0	0	0	0	0	0	0	0	0	0	188	3402	92	2480	0	0	0	0	0	0	0	0	0	0	0	0	0	0	0	0	0	0	0	0	0	0	0	0	0	0	0	0	0	0	0	0	0	0	0	0	0	0	0	0	0	0	
46972	Rectus_L	0	0	0	0	6048	334	0	0	1586	0	0	0	0	0	1610	0	0	0	0	0	2242	968	182	0	1844	120	0	508	702	0	2840	802	0	0	0	0	108	0	122	0	220	0	0	0	0	0	0	0	0	0	0	0	0	0	64	0	0	0	0	0	0	0	0	0	0	0	0	0	0	0	1334	540	1132	180	0	0	0	0	0	0	0	0	0	0	0	0	0	0	0	0	0	0	0	0	0	0	0	0	0	0	0	0	0	0	0	0	0	0	0	0	0	0	0	0	0	0	
83712	Rectus_R	0	0	0	0	0	9892	0	0	0	898	0	0	0	0	0	1994	0	0	0	0	2126	6022	144	0	66	4228	508	0	0	1624	1860	2754	0	0	0	0	0	0	0	0	0	0	0	0	0	0	0	0	0	0	0	0	0	0	0	0	0	0	0	0	0	0	0	0	0	0	0	0	0	0	2532	3548	1928	1426	0	0	0	0	0	0	0	0	0	306	0	0	0	0	0	0	0	0	0	0	0	0	0	0	0	0	0	0	0	0	0	0	0	0	0	0	0	0	0	0	0	0	
670780	Insula_L	11150	0	36524	1522	12692	0	12602	192	1074	0	29274	184	32498	1132	14706	848	24564	0	17850	1290	3344	238	6746	402	372	0	702	0	0	224	9484	1026	818	1870	334	0	13238	0	2680	0	3078	0	318	0	0	0	214	0	0	0	3290	0	434	0	7208	0	4470	0	924	0	1668	0	1250	0	1294	0	1792	0	930	0	7160	1868	16094	214	148	0	1596	0	8228	0	18126	0	4436	0	3324	0	0	0	7304	0	0	0	0	0	0	0	242	0	200	0	0	0	0	0	0	0	0	0	0	0	0	0	0	0	0	0	
432612	Insula_R	0	6748	466	21822	0	3010	0	13940	0	1774	202	15756	82	18924	0	8924	0	13738	3954	8510	176	2666	1106	5876	0	0	0	1624	224	0	404	6368	108	5650	0	310	0	9054	0	2696	0	1226	0	0	0	0	0	64	0	292	0	0	0	540	0	4120	0	2656	0	246	0	250	0	442	0	120	0	310	0	170	1052	3566	318	28112	0	0	146	1028	0	3450	0	6330	0	1590	0	1590	0	0	0	4498	0	0	0	0	0	0	0	78	0	0	0	0	0	0	0	0	0	0	0	0	0	0	0	0	0	0	
269384	Cingulum_Ant_L	80	0	13862	2534	2818	1322	4644	448	0	0	2262	220	6756	602	2624	164	470	0	7028	2742	2724	2922	15144	1932	2474	1478	2840	1860	9484	404	0	12802	2262	3786	0	0	0	0	0	0	0	0	0	0	0	0	0	0	0	0	0	0	0	0	0	0	0	0	0	0	0	0	0	0	0	0	0	0	0	0	7944	4958	8960	3650	0	0	0	0	0	0	406	0	86	0	0	0	0	0	0	0	0	0	0	0	0	0	0	0	0	0	0	0	0	0	0	0	0	0	0	0	0	0	0	0	0	0	
446064	Cingulum_Ant_R	0	0	4220	31646	0	1742	636	6652	0	0	826	3192	464	8140	214	1684	282	676	10104	15432	1856	2834	12810	28530	222	3498	802	2754	1026	6368	12802	0	1710	23458	0	0	0	114	0	0	0	0	0	0	0	0	0	0	0	0	0	0	0	0	0	0	0	0	0	0	0	0	0	0	0	0	0	0	0	0	4042	16682	2112	15220	0	0	0	142	0	0	140	0	0	0	0	0	0	0	0	0	0	0	0	0	0	0	0	0	0	0	0	0	0	0	0	0	0	0	0	0	0	0	0	0	0	0	
229796	Cingulum_Mid_L	2334	64	2138	974	0	0	1704	0	0	0	204	0	494	106	150	0	110	0	28166	13602	0	0	2152	284	0	0	0	0	818	108	2262	1710	0	10678	4200	2194	412	108	94	0	0	0	598	0	2102	92	136	94	2396	92	3844	108	244	0	302	74	636	0	0	0	184	0	88	0	352	0	5074	806	10378	258	1354	0	2426	0	2526	0	652	0	0	0	190	0	0	0	3218	0	0	0	1608	0	0	0	0	0	0	0	0	0	0	0	0	0	0	0	0	0	0	0	0	0	0	0	0	0	0	0	
556140	Cingulum_Mid_R	468	2190	5634	28052	0	0	936	5158	0	0	1632	3186	614	8212	234	1802	798	516	22058	49500	0	0	11772	19344	0	108	0	0	1870	5650	3786	23458	10678	0	1542	12924	0	1042	0	456	0	0	0	1116	0	3314	0	588	0	3276	0	2750	0	1822	0	978	0	740	0	112	0	0	0	0	0	300	580	10166	2600	14520	1372	1062	154	2810	0	0	0	0	0	0	298	0	204	0	0	2500	0	0	0	3188	0	0	0	0	0	0	0	0	0	0	0	0	0	0	0	0	0	0	0	0	0	0	0	0	0	0	
118980	Cingulum_Post_L	3692	0	968	196	0	0	0	0	0	0	0	0	0	0	0	0	0	0	3014	1682	0	0	0	0	0	0	0	0	334	0	0	0	4200	1542	0	2816	6242	886	1058	64	0	0	4870	0	882	0	3480	0	470	0	382	0	170	0	436	0	132	0	0	0	0	0	0	0	0	0	9690	330	4326	0	420	130	268	296	226	0	4076	860	410	0	192	0	0	0	226	0	0	0	370	0	0	0	0	0	0	0	154	0	0	0	0	0	0	0	0	0	0	0	0	0	0	0	0	0	0	0	
176992	Cingulum_Post_R	318	974	250	2080	0	0	0	0	0	0	0	0	0	0	0	0	0	0	1180	10640	0	0	0	0	0	0	0	0	0	310	0	0	2194	12924	2816	0	236	5970	448	834	0	0	0	3684	0	448	526	4146	0	346	0	364	0	1166	202	1620	0	0	0	0	0	0	0	0	0	0	526	11190	710	4616	1368	458	0	1046	0	0	5918	5376	0	94	0	0	0	0	0	812	0	0	0	1734	66	0	0	0	0	0	0	0	76	0	0	0	0	0	0	0	0	0	0	0	830	0	0	0	0	0	
305712	Hippocampus_L	8862	0	2578	178	186	0	1216	0	0	0	516	0	188	0	186	0	1030	0	2680	158	972	0	0	0	0	0	108	0	13238	0	0	0	412	0	6242	236	0	0	17640	0	7884	0	4922	0	104	0	6424	120	0	0	930	0	662	0	20518	0	1548	0	0	0	212	0	240	0	0	0	11722	0	0	0	138	0	11490	0	908	0	6372	262	3226	0	2508	0	886	0	1296	0	0	0	11384	0	362	0	0	0	0	0	994	0	936	0	0	0	0	0	0	0	0	0	0	182	0	0	0	0	0	0	
337420	Hippocampus_R	310	7332	316	6836	0	0	0	2934	0	0	0	716	0	522	0	760	0	934	326	4798	0	0	0	0	0	0	0	0	0	9054	0	114	108	1042	886	5970	0	0	72	28024	0	8544	0	1416	0	0	96	3834	0	86	0	0	0	2488	0	31182	0	1518	0	0	0	122	0	148	0	0	0	4786	174	668	980	1724	0	18562	0	1010	2700	6452	0	1268	0	456	0	656	0	362	0	0	0	6246	0	130	0	0	0	0	0	1016	0	410	0	0	0	0	0	0	0	0	0	0	622	0	0	0	0	0	
140232	ParaHippocampal_L	1458	0	466	312	110	0	204	0	0	0	184	0	0	0	92	0	148	0	202	310	1496	0	0	0	0	0	122	0	2680	0	0	0	94	0	1058	448	17640	72	0	0	4796	0	886	0	0	0	6164	182	0	0	290	0	350	0	10666	0	510	0	0	0	90	0	134	0	0	0	3688	138	0	0	472	0	3620	68	0	0	1722	570	0	0	364	0	1102	0	110	0	330	0	1662	0	870	0	0	0	294	68	1824	0	1746	0	0	0	0	0	0	0	0	0	98	206	0	0	0	0	0	0	
191224	ParaHippocampal_R	98	2716	68	2126	0	0	0	448	0	0	0	204	0	146	0	438	0	140	172	1616	0	104	0	0	0	0	0	0	0	2696	0	0	0	456	64	834	0	28024	0	0	0	5108	0	986	0	0	126	4466	0	0	0	0	0	790	0	22948	0	336	0	0	0	0	0	0	0	0	0	1914	116	322	150	302	0	5684	0	446	236	1756	0	716	0	104	0	2846	0	90	0	158	0	936	0	480	0	142	0	0	0	2668	0	1266	0	104	0	66	0	0	0	0	0	0	0	0	0	0	0	0	
50868	Amygdala_L	0	0	0	0	258	0	0	0	0	0	0	0	0	0	190	0	0	0	0	0	1384	0	0	0	0	0	220	0	3078	0	0	0	0	0	0	0	7884	0	4796	0	0	0	0	0	0	0	0	0	0	0	0	0	0	0	4178	0	0	0	0	0	0	0	0	0	0	0	0	0	0	0	138	0	1456	0	0	0	0	0	0	0	158	0	556	0	0	0	0	0	1138	0	0	0	0	0	0	0	0	0	0	0	0	0	0	0	0	0	0	0	0	0	0	0	0	0	0	0	
55632	Amygdala_R	0	0	0	0	0	0	0	72	0	0	0	0	0	0	0	82	0	0	0	0	0	378	0	0	0	0	0	0	0	1226	0	0	0	0	0	0	0	8544	0	5108	0	0	0	0	0	0	0	0	0	0	0	0	0	0	0	7152	0	0	0	0	0	0	0	0	0	0	0	0	0	0	0	0	0	1524	0	0	0	0	0	0	0	0	0	2908	0	0	0	414	0	306	0	0	0	0	0	0	0	102	0	0	0	0	0	0	0	0	0	0	0	0	0	0	0	0	0	0	
306392	Calcarine_L	1594	0	144	0	0	0	0	0	0	0	0	0	0	0	0	0	0	0	588	144	0	0	0	0	0	0	0	0	318	0	0	0	598	0	4870	0	4922	0	886	0	0	0	0	8836	22440	5416	18430	5208	13844	938	22666	230	7076	342	3796	190	196	0	0	0	0	0	0	0	0	0	19858	588	1688	0	0	0	250	0	72	0	900	0	412	0	200	0	0	0	2852	0	0	0	1732	0	0	120	0	0	0	0	172	0	232	106	0	0	0	0	0	0	0	0	0	0	162	180	0	0	0	0	
368880	Calcarine_R	0	0	0	0	0	0	0	0	0	0	0	0	0	0	0	0	0	0	0	594	0	0	0	0	0	0	0	0	0	0	0	0	0	1116	0	3684	0	1416	0	986	0	0	8836	0	8386	29114	4388	24688	626	15756	312	16078	0	12500	0	7000	0	226	0	0	0	0	0	0	0	262	6138	22936	0	926	0	0	0	0	0	0	0	0	0	0	0	0	0	0	0	6170	0	0	0	10138	0	484	0	0	0	0	0	64	126	406	0	0	0	0	0	0	0	0	0	0	176	908	0	0	0	0	
311468	Cuneus_L	398	0	0	0	0	0	0	0	0	0	0	0	0	0	0	0	0	0	1686	0	0	0	0	0	0	0	0	0	0	0	0	0	2102	0	882	0	104	0	0	0	0	0	22440	8386	0	9948	5114	800	34784	2602	23770	512	2068	0	1188	0	278	0	2940	0	0	0	152	0	232	0	26062	1670	2922	0	0	0	0	0	0	0	0	0	72	0	166	0	0	0	3472	0	0	0	984	0	0	0	0	0	0	0	0	0	0	0	0	0	0	0	0	0	0	0	0	0	0	0	0	0	0	0	
307048	Cuneus_R	0	248	0	0	0	0	0	0	0	0	0	0	0	0	0	0	0	0	0	1574	0	0	0	0	0	0	0	0	0	0	0	0	92	3314	0	448	0	0	0	0	0	0	5416	29114	9948	0	2278	5176	798	29372	412	14944	0	2010	0	478	0	1524	0	1728	0	274	0	80	0	684	10988	23356	0	3604	0	0	0	0	0	0	0	0	0	0	0	0	0	0	0	2302	0	0	0	2994	0	0	0	0	0	0	0	0	0	84	0	0	0	0	0	0	0	0	0	0	116	168	0	0	0	0	
411896	Lingual_L	2016	0	680	354	0	0	0	0	0	0	0	0	0	0	0	0	0	0	88	364	0	0	0	0	0	0	0	0	214	0	0	0	136	0	3480	526	6424	96	6164	126	0	0	18430	4388	5114	2278	0	8276	4286	306	15564	0	14536	80	27200	1024	284	0	0	0	0	0	0	0	0	0	10008	386	522	0	102	0	494	76	0	0	3142	664	282	0	84	0	0	0	612	0	0	0	1344	0	9208	1126	0	78	270	204	14472	2364	19952	2122	0	0	70	416	130	0	0	0	192	420	8966	4682	882	146	98	0	
353372	Lingual_R	0	0	0	0	0	0	0	0	0	0	0	0	0	0	0	0	0	0	0	248	0	0	0	0	0	0	0	0	0	64	0	0	94	588	0	4146	120	3834	182	4466	0	0	5208	24688	800	5176	8276	0	288	4088	414	3410	280	5972	1456	22502	0	0	0	0	0	0	0	0	0	0	828	8372	0	216	0	0	0	66	0	0	64	334	0	0	0	0	0	0	0	160	0	0	0	618	2376	5340	0	76	510	210	5846	12404	7530	9028	90	0	112	124	1184	230	0	0	0	272	12376	10940	348	0	242	490	
271572	Occipital_Sup_L	72	0	0	0	0	0	0	0	0	0	0	0	0	0	0	0	0	0	276	0	0	0	0	0	0	0	0	0	0	0	0	0	2396	0	470	0	0	0	0	0	0	0	13844	626	34784	798	4286	288	0	114	40796	0	892	0	340	0	80	0	8370	0	1276	0	0	0	122	0	20952	72	1384	0	0	0	0	0	0	0	0	0	0	0	84	0	0	0	2080	0	0	0	1384	0	0	0	0	0	0	0	0	0	0	0	0	0	0	0	0	0	0	0	0	0	0	0	0	0	0	0	
287104	Occipital_Sup_R	0	600	0	0	0	0	0	0	0	0	0	0	0	0	0	0	0	0	0	2146	0	0	0	0	0	0	0	0	0	292	0	0	92	3276	0	346	0	86	0	0	0	0	938	15756	2602	29372	306	4088	114	0	66	26548	0	1600	0	1268	0	2200	0	5498	0	3620	0	1250	0	9416	3924	12742	0	3808	0	0	0	184	0	0	0	0	0	248	0	430	0	0	0	5184	0	0	0	4826	0	0	0	0	0	0	0	0	98	108	0	0	0	0	0	0	0	0	0	0	0	520	0	0	0	0	
632308	Occipital_Mid_L	5704	0	1062	0	0	0	636	0	0	0	0	0	0	0	0	0	1974	0	490	0	0	0	0	0	0	0	0	0	3290	0	0	0	3844	0	382	0	930	0	290	0	0	0	22666	312	23770	412	15564	414	40796	66	0	0	25002	0	9040	82	6350	0	10404	0	16896	0	778	0	21174	0	28940	0	11752	0	208	0	746	0	174	0	1480	0	1342	0	2144	0	0	0	38632	0	0	0	16082	0	396	228	0	0	0	0	0	0	792	304	0	0	0	0	0	0	0	0	0	0	0	496	110	0	0	0	
296668	Occipital_Mid_R	0	402	0	0	0	0	0	0	0	0	0	0	0	0	0	0	0	0	0	1258	0	0	0	0	0	0	0	0	0	0	0	0	108	2750	0	364	0	0	0	0	0	0	230	16078	512	14944	0	3410	0	26548	0	0	0	9268	0	2536	0	1374	0	1882	0	4042	0	286	0	14514	1632	15836	0	3464	0	0	0	0	0	0	0	0	0	0	0	414	0	0	0	18082	0	0	0	8200	0	0	0	0	0	0	0	0	0	0	0	0	0	0	0	0	0	0	0	0	0	200	0	0	0	0	
214796	Occipital_Inf_L	1478	0	294	0	0	0	0	0	0	0	0	0	0	0	0	0	100	0	64	0	0	0	0	0	0	0	0	0	434	0	0	0	244	0	170	0	662	0	350	0	0	0	7076	0	2068	0	14536	280	892	0	25002	0	0	0	20266	86	474	0	66	0	386	0	236	0	668	0	3690	0	1790	0	0	0	0	0	0	0	114	0	330	0	214	0	0	0	8490	0	0	0	8654	0	962	146	0	0	0	0	1610	490	2776	206	0	0	0	0	0	0	0	0	0	0	1662	362	70	0	0	0	
176488	Occipital_Inf_R	0	2192	0	130	0	0	0	100	0	0	0	0	0	0	0	0	0	0	0	2102	0	0	0	0	0	0	0	0	0	540	0	0	0	1822	0	1166	0	2488	0	790	0	0	342	12500	0	2010	80	5972	0	1600	0	9268	0	0	0	10080	0	418	0	0	0	0	0	78	0	122	68	6986	0	2422	0	124	0	720	0	0	0	324	0	244	0	120	0	0	0	6252	0	0	0	16576	0	222	0	0	0	0	0	72	0	80	0	0	0	0	0	0	0	0	0	0	0	234	0	0	0	0	
534184	Fusiform_L	2956	0	840	156	98	0	258	0	0	0	200	0	0	0	120	0	260	0	1004	154	800	0	0	0	0	0	64	0	7208	0	0	0	302	0	436	202	20518	0	10666	0	4178	0	3796	0	1188	0	27200	1456	340	0	9040	0	20266	0	0	404	1162	0	98	0	726	0	170	0	860	0	5002	0	1978	0	0	0	3220	0	0	0	1200	242	626	0	2834	0	4892	0	7958	0	1490	0	28018	0	22646	774	382	0	530	0	19876	2002	34408	1128	422	0	698	0	0	0	0	0	0	142	7124	1998	376	0	0	0	
462704	Fusiform_R	90	4472	0	1466	0	0	0	668	0	0	0	162	0	118	0	544	0	0	156	1988	0	66	0	0	0	0	0	0	0	4120	0	0	74	978	0	1620	0	31182	0	22948	0	7152	190	7000	0	478	1024	22502	0	1268	82	2536	86	10080	404	0	0	974	0	0	0	0	0	0	0	0	0	2968	102	862	88	282	0	6004	0	136	116	1276	0	722	0	404	0	6742	0	1192	0	2490	0	13554	418	15658	0	642	216	946	1852	13354	1896	19906	0	468	0	524	800	268	0	0	0	128	6218	5632	464	126	290	180	
278772	Postcentral_L	25560	0	1504	0	0	0	694	0	0	0	4362	0	0	0	0	0	9234	0	400	0	0	0	0	0	0	0	0	0	4470	0	0	0	636	0	132	0	1548	0	510	0	0	0	196	0	278	0	284	0	80	0	6350	0	474	0	1162	0	0	0	8814	0	22704	0	7856	0	7032	0	8460	0	10398	0	876	0	3166	0	302	0	2792	0	1296	0	3854	0	0	0	2510	0	0	0	1452	0	0	0	0	0	0	0	0	0	0	0	0	0	0	0	0	0	0	0	0	0	0	0	0	0	0	0	
166396	Postcentral_R	0	15438	0	842	0	0	0	1154	0	0	0	886	0	0	0	0	0	3058	0	150	0	0	0	0	0	0	0	0	0	2656	0	0	0	740	0	0	0	1518	0	336	0	0	0	226	0	1524	0	0	0	2200	0	1374	0	418	0	974	0	0	0	5920	0	6368	0	14868	0	1020	0	4136	0	7302	0	194	0	672	0	126	0	268	0	356	0	858	0	0	0	4246	0	0	0	3370	0	0	0	0	0	0	0	0	0	0	0	0	0	0	0	0	0	0	0	0	0	0	0	0	0	0	
165032	Parietal_Sup_L	1984	0	248	0	0	0	182	0	0	0	0	0	0	0	0	0	730	0	0	0	0	0	0	0	0	0	0	0	924	0	0	0	0	0	0	0	0	0	0	0	0	0	0	0	2940	0	0	0	8370	0	10404	0	66	0	98	0	8814	0	0	0	13922	0	0	0	8206	0	18028	104	5992	0	0	0	0	0	0	0	216	0	194	0	438	0	0	0	432	0	0	0	224	0	0	0	0	0	0	0	0	0	0	0	0	0	0	0	0	0	0	0	0	0	0	0	0	0	0	0	
64572	Parietal_Sup_R	0	414	0	0	0	0	0	0	0	0	0	0	0	0	0	0	0	0	0	110	0	0	0	0	0	0	0	0	0	246	0	0	0	112	0	0	0	0	0	0	0	0	0	0	0	1728	0	0	0	5498	0	1882	0	0	0	0	0	5920	0	0	0	2780	0	2084	0	1802	286	6176	0	874	0	0	0	0	0	0	0	0	0	0	0	192	0	0	0	970	0	0	0	1212	0	0	0	0	0	0	0	0	0	0	0	0	0	0	0	0	0	0	0	0	0	0	0	0	0	0	
236644	Parietal_Inf_L	6822	0	858	0	0	0	856	0	0	0	0	0	0	0	0	0	1818	0	0	0	0	0	0	0	0	0	0	0	1668	0	0	0	184	0	0	0	212	0	90	0	0	0	0	0	0	0	0	0	1276	0	16896	0	386	0	726	0	22704	0	13922	0	0	0	4142	0	22888	0	8628	0	7474	0	72	0	536	0	0	0	606	0	360	0	946	0	0	0	2678	0	0	0	1574	0	0	0	0	0	0	0	0	0	0	0	0	0	0	0	0	0	0	0	0	0	0	0	0	0	0	0	
92180	Parietal_Inf_R	0	1084	0	0	0	0	0	0	0	0	0	0	0	0	0	0	0	158	0	0	0	0	0	0	0	0	0	0	0	250	0	0	0	0	0	0	0	122	0	0	0	0	0	0	0	274	0	0	0	3620	0	4042	0	0	0	0	0	6368	0	2780	0	0	0	8300	0	12940	0	268	0	760	0	0	0	128	0	0	0	0	0	124	0	366	0	0	0	3320	0	0	0	1186	0	0	0	0	0	0	0	0	0	0	0	0	0	0	0	0	0	0	0	0	0	0	0	0	0	0	
78772	SupraMarginal_L	2352	0	84	0	0	0	70	0	0	0	0	0	0	0	0	0	3540	0	0	0	0	0	0	0	0	0	0	0	1250	0	0	0	88	0	0	0	240	0	134	0	0	0	0	0	152	0	0	0	0	0	778	0	236	0	170	0	7856	0	0	0	4142	0	0	0	5214	0	176	0	96	0	0	0	740	0	74	0	142	0	210	0	5412	0	0	0	5548	0	0	0	682	0	0	0	0	0	0	0	0	0	0	0	0	0	0	0	0	0	0	0	0	0	0	0	0	0	0	0	
109184	SupraMarginal_R	0	3108	0	0	0	0	0	160	0	0	0	90	0	0	0	0	0	2250	0	68	0	0	0	0	0	0	0	0	0	442	0	0	0	0	0	0	0	148	0	0	0	0	0	0	0	80	0	0	0	1250	0	286	0	78	0	0	0	14868	0	2084	0	8300	0	0	0	5646	156	866	0	1596	0	0	0	126	0	0	0	0	0	274	0	5230	0	0	0	5196	0	0	0	2290	0	0	0	0	0	0	0	0	0	0	0	0	0	0	0	0	0	0	0	0	0	0	0	0	0	0	
203372	Angular_L	4466	0	738	0	0	0	442	0	0	0	0	0	0	0	0	0	1150	0	92	0	0	0	0	0	0	0	0	0	1294	0	0	0	352	0	0	0	0	0	0	0	0	0	0	0	232	0	0	0	122	0	21174	0	668	0	860	0	7032	0	8206	0	22888	0	5214	0	0	0	5476	0	4122	0	128	0	106	0	0	0	674	0	250	0	2762	0	0	0	11470	0	0	0	1768	0	0	0	0	0	0	0	0	0	0	0	0	0	0	0	0	0	0	0	0	0	0	0	0	0	0	0	
131448	Angular_R	0	518	0	0	0	0	0	0	0	0	0	0	0	0	0	0	0	96	0	208	0	0	0	0	0	0	0	0	0	120	0	0	0	300	0	0	0	0	0	0	0	0	0	262	0	684	0	0	0	9416	0	14514	0	122	0	0	0	1020	0	1802	0	12940	0	5646	0	0	0	506	0	288	0	0	0	0	0	0	0	0	0	88	0	2096	0	0	0	12152	0	0	0	2946	0	0	0	0	0	0	0	0	0	0	0	0	0	0	0	0	0	0	0	0	0	0	0	0	0	0	
530900	Precuneus_L	6332	0	750	0	0	0	320	0	0	0	0	0	0	0	0	0	1124	0	912	204	0	0	0	0	0	0	0	0	1792	0	0	0	5074	580	9690	526	11722	0	3688	0	0	0	19858	6138	26062	10988	10008	828	20952	3924	28940	1632	3690	68	5002	0	8460	0	18028	286	8628	0	176	156	5476	0	0	9302	16418	244	124	0	832	0	198	0	3248	130	1176	0	962	76	0	0	5298	232	0	0	4068	350	160	0	0	0	0	0	328	0	224	66	0	0	0	0	0	0	0	0	0	0	0	0	0	0	0	0	
374280	Precuneus_R	0	874	0	154	0	0	0	0	0	0	0	0	0	0	0	0	0	0	162	4454	0	0	0	0	0	0	0	0	0	310	0	0	806	10166	330	11190	0	4786	138	1914	0	0	588	22936	1670	23356	386	8372	72	12742	0	15836	0	6986	0	2968	0	4136	104	6176	0	268	0	866	0	506	9302	0	190	10210	0	0	0	262	0	0	412	924	0	110	0	334	0	0	0	8608	0	0	0	12456	0	0	0	0	0	0	0	78	0	0	0	0	0	0	0	0	0	0	0	0	1002	0	0	0	0	0	
270816	Paracentral_Lobule_L	12146	410	2122	1176	0	0	220	0	0	0	0	0	0	0	0	0	814	0	14744	6274	0	0	0	0	0	0	0	0	930	0	0	0	10378	2600	4326	710	0	174	0	116	0	0	1688	0	2922	0	522	0	1384	0	11752	0	1790	0	1978	102	10398	0	5992	0	7474	0	96	0	4122	0	16418	190	0	416	78	110	0	0	0	0	366	162	200	0	632	0	0	0	6298	0	0	0	3178	0	0	0	0	0	0	0	0	0	0	0	0	0	0	0	0	0	0	0	0	0	0	0	0	0	0	0	
179220	Paracentral_Lobule_R	0	6196	0	0	0	0	0	0	0	0	0	0	0	0	0	0	0	0	146	16306	0	0	0	0	0	0	0	0	0	170	0	0	258	14520	0	4616	0	668	0	322	0	0	0	926	0	3604	0	216	0	3808	0	3464	0	2422	0	862	0	7302	0	874	0	760	0	1596	0	288	244	10210	416	0	0	0	0	0	0	0	0	0	0	0	0	480	0	0	0	3700	0	0	0	5236	0	0	0	0	0	0	0	0	0	0	0	0	0	0	0	0	0	0	0	0	0	0	0	0	0	0	
325052	Caudate_L	2526	174	14488	6384	510	1704	992	892	150	98	5000	794	3106	1968	1380	1164	898	146	17552	7116	5600	7738	658	1126	464	188	1334	2532	7160	1052	7944	4042	1354	1372	420	1368	138	980	472	150	138	0	0	0	0	0	102	0	0	0	208	0	0	0	0	88	876	0	0	0	72	0	0	0	128	0	124	0	78	0	0	13100	16188	5050	1230	0	9702	1158	98	0	348	0	410	0	68	66	0	0	0	160	0	0	0	0	0	0	0	0	0	0	0	0	0	0	0	0	0	0	0	0	0	0	0	0	0	0	
378568	Caudate_R	86	2624	1568	18824	0	4226	0	5888	0	150	1746	2288	1022	5550	298	4348	160	976	2722	24352	2386	6598	1190	6166	154	3402	540	3548	1868	3566	4958	16682	0	1062	130	458	0	1724	0	302	0	0	0	0	0	0	0	0	0	0	0	0	0	124	0	282	0	194	0	0	0	0	0	0	0	0	0	0	110	0	13100	0	4480	22290	0	1242	814	14018	0	112	0	94	132	64	0	146	0	0	0	520	0	0	0	0	0	0	0	0	0	0	0	0	0	0	0	0	0	0	0	0	0	0	0	0	0	0	
313056	Putamen_L	6872	100	10076	728	4634	1254	2386	260	488	88	2424	234	2582	416	2116	312	1670	0	14336	380	3340	4536	1182	212	470	92	1132	1928	16094	318	8960	2112	2426	154	268	0	11490	0	3620	0	1456	0	250	0	0	0	494	0	0	0	746	0	0	0	3220	0	3166	0	0	0	536	0	740	0	106	0	832	0	0	0	16188	4480	0	2020	4900	0	2636	0	232	0	2190	0	564	0	178	0	0	0	1904	0	0	0	0	0	0	0	0	0	0	0	0	0	0	0	0	0	0	0	0	0	0	0	0	0	0	0	
487432	Putamen_R	108	11178	514	24642	0	6368	0	19494	0	1780	178	8100	80	6906	0	4252	0	4616	2720	6302	698	2044	1100	8742	74	2480	180	1426	214	28112	3650	15220	0	2810	296	1046	0	18562	68	5684	0	1524	0	0	0	0	76	66	0	184	0	0	0	720	0	6004	0	672	0	0	0	128	0	126	0	0	0	262	0	0	5050	22290	2020	0	0	3298	758	3970	0	762	0	1182	0	572	0	980	0	0	0	3202	0	0	0	0	0	0	0	158	0	68	0	0	0	0	0	0	0	0	0	0	0	0	0	0	0	0	
35508	Pallidum_L	656	88	254	72	0	0	704	0	0	0	0	0	0	0	0	0	542	0	3458	0	0	0	0	0	0	0	0	0	148	0	0	0	2526	0	226	0	908	0	0	0	0	0	72	0	0	0	0	0	0	0	174	0	0	0	0	0	302	0	0	0	0	0	74	0	0	0	198	0	0	0	1230	0	4900	0	0	0	1146	0	76	0	0	0	0	0	0	0	0	0	0	0	0	0	0	0	0	0	0	0	0	0	0	0	0	0	0	0	0	0	0	0	0	0	0	0	0	0	
23212	Pallidum_R	0	1972	0	1626	0	0	0	874	0	0	0	0	0	0	0	0	0	0	0	424	0	0	0	0	0	0	0	0	0	0	0	0	0	0	0	0	0	1010	0	446	0	0	0	0	0	0	0	0	0	0	0	0	0	0	0	136	0	126	0	0	0	0	0	0	0	0	0	0	0	0	0	1242	0	3298	0	0	0	116	0	0	0	0	0	0	0	150	0	0	0	186	0	0	0	0	0	0	0	0	0	0	0	0	0	0	0	0	0	0	0	0	0	0	0	0	0	0	
190156	Thalamus_L	13260	158	4892	2326	0	0	3024	0	0	0	98	0	100	0	0	0	322	0	940	2434	0	0	0	0	0	0	0	0	1596	146	0	0	652	0	4076	5918	6372	2700	1722	236	0	0	900	0	0	0	3142	64	0	0	1480	0	114	0	1200	116	2792	0	216	0	606	0	142	0	674	0	3248	412	366	0	9702	814	2636	758	1146	0	0	8640	786	0	566	0	0	0	858	0	0	0	1840	88	128	0	0	0	76	0	228	0	136	0	0	0	0	0	0	0	0	0	0	232	0	0	0	0	0	0	
165172	Thalamus_R	138	1248	214	7248	0	0	0	300	0	0	0	0	0	66	0	72	0	138	282	22702	0	0	0	0	0	0	0	0	0	1028	0	142	0	0	860	5376	262	6452	570	1756	0	0	0	0	0	0	664	334	0	0	0	0	0	324	242	1276	0	268	0	0	0	0	0	0	0	0	130	924	162	0	1158	14018	0	3970	0	116	8640	0	0	110	0	112	0	0	0	308	0	0	0	812	76	0	0	0	0	0	0	0	88	0	0	0	0	0	0	0	0	0	0	0	0	0	0	0	0	0	
71704	Heschl_L	3872	0	692	0	0	0	794	0	0	0	1258	0	654	0	0	0	2924	0	66	0	0	0	0	0	0	0	0	0	8228	0	0	0	0	0	410	0	3226	0	0	0	0	0	412	0	72	0	282	0	0	0	1342	0	330	0	626	0	1296	0	194	0	360	0	210	0	250	0	1176	0	200	0	98	0	232	0	76	0	786	0	0	0	2176	0	0	0	1788	0	0	0	1822	0	0	0	0	0	0	0	0	0	0	0	0	0	0	0	0	0	0	0	0	0	0	0	0	0	0	0	
38568	Heschl_R	0	1038	0	514	0	0	0	488	0	0	0	286	0	0	0	0	0	3470	0	112	0	0	0	0	0	0	0	0	0	3450	0	0	0	0	0	94	0	1268	0	716	0	0	0	0	0	0	0	0	0	248	0	0	0	244	0	722	0	356	0	0	0	124	0	274	0	88	0	110	0	0	0	112	0	762	0	0	0	110	0	0	0	2488	0	0	0	296	0	0	0	1914	0	0	0	0	0	0	0	0	0	0	0	0	0	0	0	0	0	0	0	0	0	0	0	0	0	0	
273336	Temporal_Sup_L	4862	0	9506	136	128	0	3610	0	0	0	6706	0	1008	0	188	0	18804	0	3212	160	0	0	100	0	0	0	0	0	18126	0	406	140	190	298	192	0	2508	0	364	0	158	0	200	0	166	0	84	0	84	0	2144	0	214	0	2834	0	3854	0	438	0	946	0	5412	0	2762	0	962	0	632	0	348	0	2190	0	0	0	566	0	2176	0	0	0	3316	0	24284	0	0	0	12254	0	0	0	0	0	0	0	0	0	0	0	0	0	0	0	0	0	0	0	0	0	0	0	0	0	0	0	
88068	Temporal_Sup_R	0	1478	0	730	0	0	0	332	0	0	0	498	0	0	0	82	0	3868	106	206	0	0	0	0	0	0	0	0	0	6330	0	0	0	0	0	0	0	456	0	104	0	0	0	0	0	0	0	0	0	430	0	414	0	120	0	404	0	858	0	192	0	366	0	5230	0	2096	76	334	0	480	0	94	0	1182	0	0	0	112	0	2488	0	0	0	648	0	9778	0	0	0	4542	0	0	0	0	0	0	0	0	0	0	0	0	0	0	0	0	0	0	0	0	0	0	0	0	0	0	
80224	Temporal_Pole_Sup_L	0	0	654	186	1014	0	70	0	0	0	1956	0	346	78	1526	0	1658	0	408	142	318	0	68	0	0	0	0	0	4436	0	86	0	0	204	0	0	886	0	1102	0	556	0	0	0	0	0	0	0	0	0	0	0	0	0	4892	0	0	0	0	0	0	0	0	0	0	0	0	0	0	0	410	132	564	0	0	0	0	0	0	0	3316	0	0	0	5498	0	3118	0	6488	0	0	0	0	0	0	0	0	0	0	0	0	0	0	0	0	0	0	0	0	0	0	0	0	0	0	0	
57172	Temporal_Pole_Sup_R	0	0	0	154	0	160	0	0	0	0	0	538	0	68	0	850	0	538	0	94	0	150	0	0	0	0	0	306	0	1590	0	0	0	0	0	0	0	656	0	2846	0	2908	0	0	0	0	0	0	0	0	0	0	0	0	0	6742	0	0	0	0	0	0	0	0	0	0	0	0	0	0	0	64	0	572	0	0	0	0	0	0	0	648	0	0	0	1838	0	3256	0	4608	0	0	0	0	0	0	0	0	0	0	0	0	0	0	0	0	0	0	0	0	0	0	0	0	0	0	
376188	Temporal_Mid_L	5532	0	1356	0	0	0	444	0	0	0	0	0	0	0	0	0	950	0	706	0	0	0	0	0	0	0	0	0	3324	0	0	0	3218	0	226	0	1296	0	110	0	0	0	2852	0	3472	0	612	0	2080	0	38632	0	8490	0	7958	0	2510	0	432	0	2678	0	5548	0	11470	0	5298	0	6298	0	68	0	178	0	0	0	858	0	1788	0	24284	0	5498	0	0	0	2172	0	37756	0	0	0	0	0	0	0	0	0	0	0	0	0	0	0	0	0	0	0	0	0	0	0	0	0	0	0	
285272	Temporal_Mid_R	0	5524	0	304	0	0	0	76	0	0	0	0	0	0	0	0	0	546	76	2408	0	0	0	0	0	0	0	0	0	1590	0	0	0	2500	0	812	0	362	0	90	0	0	0	6170	0	2302	0	160	0	5184	0	18082	0	6252	0	1192	0	4246	0	970	0	3320	0	5196	0	12152	232	8608	0	3700	66	146	0	980	0	150	0	308	0	296	0	9778	0	1838	0	0	0	1284	0	35736	0	0	0	0	0	0	0	0	0	0	0	0	0	0	0	0	0	0	0	0	0	0	0	0	0	0	
19900	Temporal_Pole_Mid_L	0	0	0	0	0	0	0	0	0	0	0	0	0	0	0	0	0	0	0	0	0	0	0	0	0	0	0	0	0	0	0	0	0	0	0	0	0	0	330	0	0	0	0	0	0	0	0	0	0	0	0	0	0	0	1490	0	0	0	0	0	0	0	0	0	0	0	0	0	0	0	0	0	0	0	0	0	0	0	0	0	0	0	3118	0	2172	0	0	0	2840	0	0	0	0	0	0	0	0	0	0	0	0	0	0	0	0	0	0	0	0	0	0	0	0	0	0	0	
20772	Temporal_Pole_Mid_R	0	0	0	0	0	0	0	0	0	0	0	0	0	0	0	0	0	0	0	0	0	0	0	0	0	0	0	0	0	0	0	0	0	0	0	0	0	0	0	158	0	414	0	0	0	0	0	0	0	0	0	0	0	0	0	2490	0	0	0	0	0	0	0	0	0	0	0	0	0	0	0	0	0	0	0	0	0	0	0	0	0	0	0	3256	0	1284	0	0	0	2784	0	0	0	0	0	0	0	0	0	0	0	0	0	0	0	0	0	0	0	0	0	0	0	0	0	0	
343436	Temporal_Inf_L	4496	0	1824	0	0	0	488	0	0	0	108	0	0	0	0	0	500	0	720	0	74	0	0	0	0	0	0	0	7304	0	0	0	1608	0	370	0	11384	0	1662	0	1138	0	1732	0	984	0	1344	0	1384	0	16082	0	8654	0	28018	0	1452	0	224	0	1574	0	682	0	1768	0	4068	0	3178	0	0	0	1904	0	0	0	1840	0	1822	0	12254	0	6488	0	37756	0	2840	0	0	0	3074	0	0	0	0	0	206	0	648	0	0	0	66	0	0	0	0	0	0	0	0	0	0	0	0	0	
347424	Temporal_Inf_R	0	8770	0	510	0	0	0	408	0	0	0	0	0	0	0	0	0	242	102	4454	0	0	0	0	0	0	0	0	0	4498	0	0	0	3188	0	1734	0	6246	0	936	0	306	0	10138	0	2994	0	618	0	4826	0	8200	0	16576	0	13554	0	3370	0	1212	0	1186	0	2290	0	2946	350	12456	0	5236	160	520	0	3202	0	186	88	812	0	1914	0	4542	0	4608	0	35736	0	2784	0	0	0	1732	0	0	0	0	0	0	0	82	0	0	0	0	0	0	0	0	0	0	0	0	0	0	0	0	
495876	Cerebelum_Crus1_L	0	0	0	0	0	0	0	0	0	0	0	0	0	0	0	0	0	0	0	0	0	0	0	0	0	0	0	0	0	0	0	0	0	0	0	66	362	0	870	0	0	0	0	0	0	0	9208	2376	0	0	396	0	962	0	22646	418	0	0	0	0	0	0	0	0	0	0	160	0	0	0	0	0	0	0	0	0	128	76	0	0	0	0	0	0	0	0	0	0	3074	0	0	3848	29446	5688	1848	474	22018	2390	58984	3916	14904	2600	17538	5244	6104	398	1928	0	872	1740	7756	8256	8482	1972	690	100	
507664	Cerebelum_Crus1_R	0	0	0	0	0	0	0	0	0	0	0	0	0	0	0	0	0	0	0	0	0	0	0	0	0	0	0	0	0	0	0	0	0	0	0	0	0	130	0	480	0	0	120	484	0	0	1126	5340	0	0	228	0	146	222	774	15658	0	0	0	0	0	0	0	0	0	0	0	0	0	0	0	0	0	0	0	0	0	0	0	0	0	0	0	0	0	0	0	0	0	1732	3848	0	2190	31370	1058	6410	3816	28150	5192	62526	286	14196	596	17696	1298	2428	0	278	426	6330	12966	10692	10238	2262	2138	1002	
259980	Cerebelum_Crus2_L	0	0	0	0	0	0	0	0	0	0	0	0	0	0	0	0	0	0	0	0	0	0	0	0	0	0	0	0	0	0	0	0	0	0	0	0	0	0	0	0	0	0	0	0	0	0	0	0	0	0	0	0	0	0	382	0	0	0	0	0	0	0	0	0	0	0	0	0	0	0	0	0	0	0	0	0	0	0	0	0	0	0	0	0	0	0	0	0	0	0	29446	2190	0	8044	102	0	898	80	2898	320	32232	5118	29712	2600	5948	0	1420	0	68	126	294	330	4300	3482	0	0	
297784	Cerebelum_Crus2_R	0	0	0	0	0	0	0	0	0	0	0	0	0	0	0	0	0	0	0	0	0	0	0	0	0	0	0	0	0	0	0	0	0	0	0	0	0	0	0	142	0	0	0	0	0	0	78	76	0	0	0	0	0	0	0	642	0	0	0	0	0	0	0	0	0	0	0	0	0	0	0	0	0	0	0	0	0	0	0	0	0	0	0	0	0	0	0	0	0	0	5688	31370	8044	0	78	234	230	1004	2862	6026	1770	30852	2584	31704	1454	4004	0	148	102	238	184	2526	12716	3268	702	166	
56404	Cerebelum_3_L	0	0	0	0	0	0	0	0	0	0	0	0	0	0	0	0	0	0	0	0	0	0	0	0	0	0	0	0	0	0	0	0	0	0	0	0	0	0	294	0	0	0	0	0	0	0	270	510	0	0	0	0	0	0	530	216	0	0	0	0	0	0	0	0	0	0	0	0	0	0	0	0	0	0	0	0	76	0	0	0	0	0	0	0	0	0	0	0	0	0	1848	1058	102	78	0	836	6858	358	3232	1362	124	0	216	106	1310	0	0	0	1938	3888	2178	466	140	112	96	0	
92492	Cerebelum_3_R	0	0	0	0	0	0	0	0	0	0	0	0	0	0	0	0	0	0	0	0	0	0	0	0	0	0	0	0	0	0	0	0	0	0	0	0	0	0	68	0	0	0	0	0	0	0	204	210	0	0	0	0	0	0	0	946	0	0	0	0	0	0	0	0	0	0	0	0	0	0	0	0	0	0	0	0	0	0	0	0	0	0	0	0	0	0	0	0	0	0	474	6410	0	234	836	0	1374	8174	690	10628	0	194	0	570	64	1998	0	270	1836	6442	1576	884	446	764	822	132	
372248	Cerebelum_4_5_L	64	0	0	0	0	0	0	0	0	0	0	0	0	0	0	0	0	0	0	0	0	0	0	0	0	0	0	0	242	0	0	0	0	0	154	0	994	0	1824	0	0	0	172	0	0	0	14472	5846	0	0	0	0	1610	0	19876	1852	0	0	0	0	0	0	0	0	0	0	328	0	0	0	0	0	0	0	0	0	228	0	0	0	0	0	0	0	0	0	0	0	206	0	22018	3816	898	230	6858	1374	0	10134	41646	5318	1368	126	2086	334	6204	268	176	0	1944	4302	24420	2996	358	124	360	898	
337236	Cerebelum_4_5_R	0	0	0	0	0	0	0	0	0	0	0	0	0	0	0	0	0	0	0	0	0	0	0	0	0	0	0	0	0	78	0	0	0	0	0	0	0	1016	0	2668	0	102	0	64	0	0	2364	12404	0	0	0	0	490	72	2002	13354	0	0	0	0	0	0	0	0	0	0	0	78	0	0	0	0	0	158	0	0	0	0	0	0	0	0	0	0	0	0	0	0	0	0	2390	28150	80	1004	358	8174	10134	0	6180	37816	116	628	158	1184	1998	594	0	0	0	5164	22346	4748	596	468	674	808	
534508	Cerebelum_6_L	0	0	0	0	0	0	0	0	0	0	0	0	0	0	0	0	0	0	0	0	0	0	0	0	0	0	0	0	200	0	0	0	0	0	0	76	936	0	1746	0	0	0	232	126	0	0	19952	7530	0	98	792	0	2776	0	34408	1896	0	0	0	0	0	0	0	0	0	0	224	0	0	0	0	0	0	0	0	0	136	88	0	0	0	0	0	0	0	0	0	0	648	0	58984	5192	2898	2862	3232	690	41646	6180	0	7100	3756	584	5012	4538	5720	560	572	0	1304	2594	17438	15412	6148	1620	1188	160	
490560	Cerebelum_6_R	0	0	0	0	0	0	0	0	0	0	0	0	0	0	0	0	0	0	0	0	0	0	0	0	0	0	0	0	0	0	0	0	0	0	0	0	0	410	0	1266	0	0	106	406	0	84	2122	9028	0	108	304	0	206	80	1128	19906	0	0	0	0	0	0	0	0	0	0	66	0	0	0	0	0	0	68	0	0	0	0	0	0	0	0	0	0	0	0	0	0	0	82	3916	62526	320	6026	1362	10628	5318	37816	7100	0	252	2998	270	6518	1584	4010	0	498	760	7836	16440	16144	7824	3674	4238	1852	
216364	Cerebelum_7b_L	0	0	0	0	0	0	0	0	0	0	0	0	0	0	0	0	0	0	0	0	0	0	0	0	0	0	0	0	0	0	0	0	0	0	0	0	0	0	0	0	0	0	0	0	0	0	0	90	0	0	0	0	0	0	422	0	0	0	0	0	0	0	0	0	0	0	0	0	0	0	0	0	0	0	0	0	0	0	0	0	0	0	0	0	0	0	0	0	0	0	14904	286	32232	1770	124	0	1368	116	3756	252	0	2872	32812	1998	6574	0	1150	0	92	158	344	442	2018	4324	78	0	
225644	Cerebelum_7b_R	0	0	0	0	0	0	0	0	0	0	0	0	0	0	0	0	0	0	0	0	0	0	0	0	0	0	0	0	0	0	0	0	0	0	0	0	0	0	0	104	0	0	0	0	0	0	0	0	0	0	0	0	0	0	0	468	0	0	0	0	0	0	0	0	0	0	0	0	0	0	0	0	0	0	0	0	0	0	0	0	0	0	0	0	0	0	0	0	0	0	2600	14196	5118	30852	0	194	126	628	584	2998	2872	0	3174	29728	528	6300	0	252	94	210	132	536	6256	4230	532	110	
282348	Cerebelum_8_L	0	0	0	0	0	0	0	0	0	0	0	0	0	0	0	0	0	0	0	0	0	0	0	0	0	0	0	0	0	0	0	0	0	0	0	0	0	0	0	0	0	0	0	0	0	0	70	112	0	0	0	0	0	0	698	0	0	0	0	0	0	0	0	0	0	0	0	0	0	0	0	0	0	0	0	0	0	0	0	0	0	0	0	0	0	0	0	0	66	0	17538	596	29712	2584	216	0	2086	158	5012	270	32812	3174	0	4930	20496	1556	3920	0	106	186	448	694	3224	8604	1818	88	
323904	Cerebelum_8_R	0	0	0	0	0	0	0	0	0	0	0	0	0	0	0	0	0	0	0	0	0	0	0	0	0	0	0	0	0	0	0	0	0	0	0	0	0	0	0	66	0	0	0	0	0	0	416	124	0	0	0	0	0	0	0	524	0	0	0	0	0	0	0	0	0	0	0	0	0	0	0	0	0	0	0	0	0	0	0	0	0	0	0	0	0	0	0	0	0	0	5244	17696	2600	31704	106	570	334	1184	4538	6518	1998	29728	4930	0	3636	20418	0	862	232	498	350	4848	12082	7236	3052	458	
180676	Cerebelum_9_L	0	0	0	0	0	0	0	0	0	0	0	0	0	0	0	0	0	0	0	0	0	0	0	0	0	0	0	0	0	0	0	0	0	0	0	0	0	0	0	0	0	0	0	0	0	0	130	1184	0	0	0	0	0	0	0	800	0	0	0	0	0	0	0	0	0	0	0	0	0	0	0	0	0	0	0	0	0	0	0	0	0	0	0	0	0	0	0	0	0	0	6104	1298	5948	1454	1310	64	6204	1998	5720	1584	6574	528	20496	3636	0	2498	4858	0	276	420	3112	2828	2664	3946	3214	1490	
149112	Cerebelum_9_R	0	0	0	0	0	0	0	0	0	0	0	0	0	0	0	0	0	0	0	0	0	0	0	0	0	0	0	0	0	0	0	0	0	0	0	0	0	0	0	0	0	0	0	0	0	0	0	230	0	0	0	0	0	0	0	268	0	0	0	0	0	0	0	0	0	0	0	0	0	0	0	0	0	0	0	0	0	0	0	0	0	0	0	0	0	0	0	0	0	0	398	2428	0	4004	0	1998	268	594	560	4010	0	6300	1556	20418	2498	0	0	1784	1328	984	826	5108	2662	5858	7634	2842	
28176	Cerebelum_10_L	0	0	0	0	0	0	0	0	0	0	0	0	0	0	0	0	0	0	0	0	0	0	0	0	0	0	0	0	0	0	0	0	0	0	0	0	0	0	0	0	0	0	0	0	0	0	0	0	0	0	0	0	0	0	0	0	0	0	0	0	0	0	0	0	0	0	0	0	0	0	0	0	0	0	0	0	0	0	0	0	0	0	0	0	0	0	0	0	0	0	1928	0	1420	0	0	0	176	0	572	0	1150	0	3920	0	4858	0	0	0	0	0	0	64	0	0	0	0	
12820	Cerebelum_10_R	0	0	0	0	0	0	0	0	0	0	0	0	0	0	0	0	0	0	0	0	0	0	0	0	0	0	0	0	0	0	0	0	0	0	0	0	0	0	0	0	0	0	0	0	0	0	0	0	0	0	0	0	0	0	0	0	0	0	0	0	0	0	0	0	0	0	0	0	0	0	0	0	0	0	0	0	0	0	0	0	0	0	0	0	0	0	0	0	0	0	0	278	0	148	0	270	0	0	0	498	0	252	0	862	0	1784	0	0	206	84	0	540	150	410	558	370	
38276	Vermis_1_2	0	0	0	0	0	0	0	0	0	0	0	0	0	0	0	0	0	0	0	0	0	0	0	0	0	0	0	0	0	0	0	0	0	0	0	0	0	0	98	0	0	0	0	0	0	0	192	0	0	0	0	0	0	0	0	0	0	0	0	0	0	0	0	0	0	0	0	0	0	0	0	0	0	0	0	0	0	0	0	0	0	0	0	0	0	0	0	0	0	0	872	426	68	102	1938	1836	1944	0	1304	760	92	94	106	232	276	1328	0	206	0	4862	1132	400	222	288	360	0	
110220	Vermis_3	66	0	0	0	0	0	0	0	0	0	0	0	0	0	0	0	0	0	0	0	0	0	0	0	0	0	0	0	0	0	0	0	0	0	0	0	182	0	206	0	0	0	0	0	0	0	420	272	0	0	0	0	0	0	142	128	0	0	0	0	0	0	0	0	0	0	0	0	0	0	0	0	0	0	0	0	232	0	0	0	0	0	0	0	0	0	0	0	0	0	1740	6330	126	238	3888	6442	4302	5164	2594	7836	158	210	186	498	420	984	0	84	4862	0	5014	716	448	612	610	0	
333192	Vermis_4_5	0	0	0	0	0	0	0	0	0	0	0	0	0	0	0	0	0	0	0	0	0	0	0	0	0	0	0	0	0	0	0	0	0	0	0	830	0	622	0	0	0	0	162	176	0	116	8966	12376	0	0	0	0	1662	0	7124	6218	0	0	0	0	0	0	0	0	0	0	0	1002	0	0	0	0	0	0	0	0	0	0	0	0	0	0	0	0	0	0	0	0	0	0	7756	12966	294	184	2178	1576	24420	22346	17438	16440	344	132	448	350	3112	826	0	0	1132	5014	0	7124	256	172	594	2240	
268392	Vermis_6	0	0	0	0	0	0	0	0	0	0	0	0	0	0	0	0	0	0	0	0	0	0	0	0	0	0	0	0	0	0	0	0	0	0	0	0	0	0	0	0	0	0	180	908	0	168	4682	10940	0	520	496	200	362	234	1998	5632	0	0	0	0	0	0	0	0	0	0	0	0	0	0	0	0	0	0	0	0	0	0	0	0	0	0	0	0	0	0	0	0	0	0	8256	10692	330	2526	466	884	2996	4748	15412	16144	442	536	694	4848	2828	5108	64	540	400	716	7124	0	8904	4534	5182	3502	
207352	Vermis_7	0	0	0	0	0	0	0	0	0	0	0	0	0	0	0	0	0	0	0	0	0	0	0	0	0	0	0	0	0	0	0	0	0	0	0	0	0	0	0	0	0	0	0	0	0	0	882	348	0	0	110	0	70	0	376	464	0	0	0	0	0	0	0	0	0	0	0	0	0	0	0	0	0	0	0	0	0	0	0	0	0	0	0	0	0	0	0	0	0	0	8482	10238	4300	12716	140	446	358	596	6148	7824	2018	6256	3224	12082	2664	2662	0	150	222	448	256	8904	0	7080	3750	462	
147484	Vermis_8	0	0	0	0	0	0	0	0	0	0	0	0	0	0	0	0	0	0	0	0	0	0	0	0	0	0	0	0	0	0	0	0	0	0	0	0	0	0	0	0	0	0	0	0	0	0	146	0	0	0	0	0	0	0	0	126	0	0	0	0	0	0	0	0	0	0	0	0	0	0	0	0	0	0	0	0	0	0	0	0	0	0	0	0	0	0	0	0	0	0	1972	2262	3482	3268	112	764	124	468	1620	3674	4324	4230	8604	7236	3946	5858	0	410	288	612	172	4534	7080	0	7024	1406	
96720	Vermis_9	0	0	0	0	0	0	0	0	0	0	0	0	0	0	0	0	0	0	0	0	0	0	0	0	0	0	0	0	0	0	0	0	0	0	0	0	0	0	0	0	0	0	0	0	0	0	98	242	0	0	0	0	0	0	0	290	0	0	0	0	0	0	0	0	0	0	0	0	0	0	0	0	0	0	0	0	0	0	0	0	0	0	0	0	0	0	0	0	0	0	690	2138	0	702	96	822	360	674	1188	4238	78	532	1818	3052	3214	7634	0	558	360	610	594	5182	3750	7024	0	2416	
42344	Vermis_10	0	0	0	0	0	0	0	0	0	0	0	0	0	0	0	0	0	0	0	0	0	0	0	0	0	0	0	0	0	0	0	0	0	0	0	0	0	0	0	0	0	0	0	0	0	0	0	490	0	0	0	0	0	0	0	180	0	0	0	0	0	0	0	0	0	0	0	0	0	0	0	0	0	0	0	0	0	0	0	0	0	0	0	0	0	0	0	0	0	0	100	1002	0	166	0	132	898	808	160	1852	0	110	88	458	1490	2842	0	370	0	0	2240	3502	462	1406	2416	0	
