data	data	727636	340656	1.15702e+06	1.0808e+06	202012	94644	631172	397512	103268	18316	245208	338328	286860	250716	242560	46288	230004	174232	1.04174e+06	1.21857e+06	119548	139348	570716	456176	90556	84416	75912	63532	637836	432372	436812	712140	340772	765996	141916	186448	269984	308228	136076	171940	41736	51236	237040	355520	194240	299596	337304	374960	260316	344992	518608	295428	177684	198448	440440	483088	327692	315848	168296	137336	258436	170068	132608	175316	171308	168400	361920	394500	387428	263424	355132	465668	385664	383296	83068	39852	218508	198732	81184	40372	235868	133520	102728	59852	252676	306312	27384	20068	258716	214264	527932	439716	330828	338572	37360	83616	298076	276248	478656	453496	306056	163852	377224	340780	113672	115344	24456	22144	30088	54916	283600	271676	295908	158356	106956	36044	
data	data	Precentral_L	Precentral_R	Frontal_Sup_L	Frontal_Sup_R	Frontal_Sup_Orb_L	Frontal_Sup_Orb_R	Frontal_Mid_L	Frontal_Mid_R	Frontal_Mid_Orb_L	Frontal_Mid_Orb_R	Frontal_Inf_Oper_L	Frontal_Inf_Oper_R	Frontal_Inf_Tri_L	Frontal_Inf_Tri_R	Frontal_Inf_Orb_L	Frontal_Inf_Orb_R	Rolandic_Oper_L	Rolandic_Oper_R	Supp_Motor_Area_L	Supp_Motor_Area_R	Olfactory_L	Olfactory_R	Frontal_Sup_Medial_L	Frontal_Sup_Medial_R	Frontal_Med_Orb_L	Frontal_Med_Orb_R	Rectus_L	Rectus_R	Insula_L	Insula_R	Cingulum_Ant_L	Cingulum_Ant_R	Cingulum_Mid_L	Cingulum_Mid_R	Cingulum_Post_L	Cingulum_Post_R	Hippocampus_L	Hippocampus_R	ParaHippocampal_L	ParaHippocampal_R	Amygdala_L	Amygdala_R	Calcarine_L	Calcarine_R	Cuneus_L	Cuneus_R	Lingual_L	Lingual_R	Occipital_Sup_L	Occipital_Sup_R	Occipital_Mid_L	Occipital_Mid_R	Occipital_Inf_L	Occipital_Inf_R	Fusiform_L	Fusiform_R	Postcentral_L	Postcentral_R	Parietal_Sup_L	Parietal_Sup_R	Parietal_Inf_L	Parietal_Inf_R	SupraMarginal_L	SupraMarginal_R	Angular_L	Angular_R	Precuneus_L	Precuneus_R	Paracentral_Lobule_L	Paracentral_Lobule_R	Caudate_L	Caudate_R	Putamen_L	Putamen_R	Pallidum_L	Pallidum_R	Thalamus_L	Thalamus_R	Heschl_L	Heschl_R	Temporal_Sup_L	Temporal_Sup_R	Temporal_Pole_Sup_L	Temporal_Pole_Sup_R	Temporal_Mid_L	Temporal_Mid_R	Temporal_Pole_Mid_L	Temporal_Pole_Mid_R	Temporal_Inf_L	Temporal_Inf_R	Cerebelum_Crus1_L	Cerebelum_Crus1_R	Cerebelum_Crus2_L	Cerebelum_Crus2_R	Cerebelum_3_L	Cerebelum_3_R	Cerebelum_4_5_L	Cerebelum_4_5_R	Cerebelum_6_L	Cerebelum_6_R	Cerebelum_7b_L	Cerebelum_7b_R	Cerebelum_8_L	Cerebelum_8_R	Cerebelum_9_L	Cerebelum_9_R	Cerebelum_10_L	Cerebelum_10_R	Vermis_1_2	Vermis_3	Vermis_4_5	Vermis_6	Vermis_7	Vermis_8	Vermis_9	Vermis_10	
727636	Precentral_L	0	4024	23406	8376	516	0	30442	758	0	0	16300	2472	4250	916	136	0	13284	1246	19674	19264	0	0	818	118	400	0	0	0	12506	1788	1060	946	5526	8738	4548	4470	6748	2936	1332	530	0	0	0	0	448	0	452	0	602	0	1558	0	530	0	276	528	36694	3020	908	0	5290	180	2556	900	872	0	3984	120	50900	5014	4816	2892	8864	1146	3048	516	17484	3318	3608	148	4014	358	0	0	156	266	0	0	554	270	0	0	0	0	0	0	0	0	0	0	0	0	0	0	0	0	0	0	0	0	0	0	0	0	0	0	
340656	Precentral_R	4024	0	1394	22518	0	0	2364	10040	0	0	328	8796	0	334	0	0	678	3784	1768	17634	0	0	0	0	0	0	0	0	1126	3998	112	0	0	940	136	1598	0	5222	0	492	0	0	0	3420	0	2006	0	784	0	2194	0	1324	0	994	0	858	1186	24164	0	336	0	670	0	3164	0	0	0	5750	1040	9074	3458	3796	1298	2368	304	654	2252	8350	0	588	114	520	0	0	0	1080	0	0	0	1082	0	106	0	0	0	0	0	0	0	108	0	0	0	0	0	0	0	0	0	0	0	0	0	0	0	0	
1.15702e+06	Frontal_Sup_L	23406	1394	0	21952	10872	0	74132	8220	2562	0	12312	3200	19776	3218	10946	0	10792	168	96462	30900	212	0	49252	17484	5004	0	110	0	40858	1122	17596	18172	8808	23568	0	198	720	236	282	0	0	0	0	0	0	0	0	0	0	0	228	0	0	0	156	0	9188	218	112	0	734	0	744	0	0	0	156	0	10286	850	5876	3262	18236	644	3336	364	2798	442	1118	0	3554	0	1950	0	0	0	0	0	322	0	0	0	0	0	0	0	0	0	0	0	0	0	0	0	0	0	0	0	0	0	0	0	0	0	0	0	
1.0808e+06	Frontal_Sup_R	8376	22518	21952	0	0	5712	7084	49524	0	0	460	17240	418	12546	0	1360	142	8480	35646	103006	0	0	14640	38252	0	4194	0	0	600	25082	5464	31328	4506	27650	134	1060	0	5246	0	1578	0	0	0	0	0	0	0	0	0	0	0	0	0	0	0	1182	1544	1634	0	0	0	0	0	284	0	0	0	124	3580	418	4748	25844	1448	19404	538	3870	3342	15790	0	726	0	210	0	926	0	0	0	0	0	162	0	0	0	0	0	0	0	282	0	144	0	0	0	0	0	0	0	0	0	0	0	0	0	0	0	0	
202012	Frontal_Sup_Orb_L	516	0	10872	0	0	138	3044	0	12340	0	436	0	3350	0	13472	0	0	0	1396	0	2820	1736	6566	0	7428	224	5940	708	9266	0	7880	738	0	0	0	0	0	0	0	0	0	0	0	0	0	0	0	0	0	0	0	0	0	0	0	0	0	0	0	0	0	0	0	0	0	0	0	0	0	0	2260	754	8108	408	342	0	0	0	0	0	0	0	264	0	0	0	0	0	0	0	0	0	0	0	0	0	0	0	0	0	0	0	0	0	0	0	0	0	0	0	0	0	0	0	0	0	
94644	Frontal_Sup_Orb_R	0	0	0	5712	138	0	0	858	0	3276	0	0	0	710	138	5142	0	0	0	0	430	1824	230	3934	144	7906	318	4296	0	3276	0	1358	0	0	0	0	0	0	0	0	0	0	0	0	0	0	0	0	0	0	0	0	0	0	0	0	0	0	0	0	0	0	0	0	0	0	0	0	0	0	686	664	316	5966	0	0	0	0	0	0	0	0	0	0	0	0	0	0	0	0	0	0	0	0	0	0	0	0	0	0	0	0	0	0	0	0	0	0	0	0	0	0	0	0	0	0	
631172	Frontal_Mid_L	30442	2364	74132	7084	3044	0	0	2786	3616	0	9882	5516	29922	3608	10972	0	812	538	18622	10922	0	0	18546	6556	1624	0	0	0	20158	2310	8126	8402	5002	8690	114	146	760	212	390	0	0	0	0	0	0	0	0	0	0	0	0	0	0	0	0	198	2134	902	0	0	0	130	0	400	0	0	0	0	668	118	4970	2298	4272	1078	376	458	1378	358	276	118	156	0	0	0	0	0	0	0	0	0	0	0	0	0	0	0	0	0	0	0	0	0	0	0	0	0	0	0	0	0	0	0	0	0	0	0	
397512	Frontal_Mid_R	758	10040	8220	49524	0	858	2786	0	0	710	146	13158	216	19634	0	960	270	2362	10868	13810	0	0	5646	11988	0	0	0	0	472	8240	2714	11894	1422	13504	0	0	0	212	0	0	0	0	0	0	0	0	0	0	0	0	0	0	0	0	0	0	172	806	0	0	0	0	0	0	0	0	0	0	0	0	1600	2236	280	1956	0	284	0	472	0	538	0	0	0	0	0	0	0	0	0	0	0	0	0	0	0	0	0	0	0	0	0	0	0	0	0	0	0	0	0	0	0	0	0	0	0	0	
103268	Frontal_Mid_Orb_L	0	0	2562	0	12340	0	3616	0	0	0	0	0	2348	0	16690	0	0	0	0	0	1034	670	134	0	304	0	2324	344	3338	0	530	376	0	0	0	0	0	0	0	0	0	0	0	0	0	0	0	0	0	0	0	0	0	0	0	0	0	0	0	0	0	0	0	0	0	0	0	0	0	0	864	226	3252	178	170	0	0	0	0	0	0	0	334	0	0	0	0	0	0	0	0	0	0	0	0	0	0	0	0	0	0	0	0	0	0	0	0	0	0	0	0	0	0	0	0	0	
18316	Frontal_Mid_Orb_R	0	0	0	0	0	3276	0	710	0	0	0	0	0	312	0	4860	0	0	0	0	0	0	0	0	0	0	0	0	0	0	0	0	0	0	0	0	0	0	0	0	0	0	0	0	0	0	0	0	0	0	0	0	0	0	0	0	0	0	0	0	0	0	0	0	0	0	0	0	0	0	0	0	0	0	0	0	0	0	0	0	0	0	0	0	0	0	0	0	0	0	0	0	0	0	0	0	0	0	0	0	0	0	0	0	0	0	0	0	0	0	0	0	0	0	0	0	
245208	Frontal_Inf_Oper_L	16300	328	12312	460	436	0	9882	146	0	0	0	1580	13396	1496	744	0	11476	390	7298	766	0	0	702	136	294	0	0	0	17890	434	1636	434	0	288	0	0	142	228	0	0	0	0	0	0	0	0	0	0	0	0	134	0	0	0	0	294	5402	390	108	0	622	0	484	178	0	0	120	0	0	0	1018	380	2502	540	0	0	132	0	620	0	5774	0	4712	0	0	0	0	0	0	0	0	0	0	0	0	0	0	0	0	0	0	0	0	0	0	0	0	0	0	0	0	0	0	0	0	0	
338328	Frontal_Inf_Oper_R	2472	8796	3200	17240	0	0	5516	13158	0	0	1580	0	692	18474	0	0	310	10232	5100	17864	0	0	348	888	0	0	0	0	772	26482	1354	3648	366	4312	0	0	0	398	0	222	0	0	0	0	0	104	0	0	0	112	0	0	0	0	0	140	274	2682	0	0	0	140	0	308	0	0	0	154	0	138	4482	6372	1060	6710	0	288	118	396	0	810	0	214	0	1238	0	0	0	0	0	0	0	0	0	0	0	0	0	0	0	0	0	0	0	0	0	0	0	0	0	0	0	0	0	0	0	0	
286860	Frontal_Inf_Tri_L	4250	0	19776	418	3350	0	29922	216	2348	0	13396	692	0	768	19798	0	1170	0	4572	722	206	0	4408	376	1994	0	0	0	24566	132	4482	780	422	874	0	0	0	0	0	0	0	0	0	0	0	0	0	0	0	0	0	0	0	0	0	0	640	0	0	0	0	0	0	0	0	0	0	0	0	0	462	188	1382	0	0	0	0	0	0	0	714	0	406	0	0	0	0	0	0	0	0	0	0	0	0	0	0	0	0	0	0	0	0	0	0	0	0	0	0	0	0	0	0	0	0	0	
250716	Frontal_Inf_Tri_R	916	334	3218	12546	0	710	3608	19634	0	312	1496	18474	768	0	0	1338	112	160	4932	7074	0	0	1440	2674	0	0	0	0	360	13080	3558	9772	616	5400	0	0	0	0	0	0	0	0	0	0	0	0	0	0	0	0	0	0	0	0	0	0	0	166	0	0	0	0	0	0	0	0	0	0	0	0	3848	5766	1706	1202	0	0	0	0	0	0	0	0	0	138	0	0	0	0	0	0	0	0	0	0	0	0	0	0	0	0	0	0	0	0	0	0	0	0	0	0	0	0	0	0	0	0	
242560	Frontal_Inf_Orb_L	136	0	10946	0	13472	138	10972	0	16690	0	744	0	19798	0	0	0	0	0	1634	0	3792	1446	854	0	306	190	2982	558	19536	0	1068	530	0	0	0	0	758	0	716	0	624	0	0	0	0	0	0	0	0	0	0	0	0	0	200	0	0	0	0	0	0	0	0	0	0	0	0	0	0	0	1930	546	8468	258	574	0	0	0	0	0	0	0	1414	0	0	0	0	0	0	0	0	0	0	0	0	0	0	0	0	0	0	0	0	0	0	0	0	0	0	0	0	0	0	0	0	0	
46288	Frontal_Inf_Orb_R	0	0	0	1360	0	5142	0	960	0	4860	0	0	0	1338	0	0	0	0	0	0	0	1688	0	316	0	806	0	516	0	4982	0	0	0	0	0	0	0	0	0	0	0	276	0	0	0	0	0	0	0	0	0	0	0	0	0	0	0	0	0	0	0	0	0	0	0	0	0	0	0	0	0	0	0	780	0	0	0	0	0	0	0	0	0	120	0	0	0	0	0	0	0	0	0	0	0	0	0	0	0	0	0	0	0	0	0	0	0	0	0	0	0	0	0	0	0	0	
230004	Rolandic_Oper_L	13284	678	10792	142	0	0	812	270	0	0	11476	310	1170	112	0	0	0	812	10920	224	0	0	0	0	0	0	0	0	21688	276	0	0	176	0	0	0	150	0	0	0	0	0	0	0	0	0	0	0	130	0	818	0	0	0	0	0	10722	1118	198	0	210	0	3100	412	340	0	660	0	1206	0	1222	152	408	154	0	0	166	0	4248	0	12304	0	3462	0	300	0	0	0	380	0	0	0	0	0	0	0	0	0	0	0	0	0	0	0	0	0	0	0	0	0	0	0	0	0	0	0	
174232	Rolandic_Oper_R	1246	3784	168	8480	0	0	538	2362	0	0	390	10232	0	160	0	0	812	0	1276	8452	0	0	0	0	0	0	0	0	868	17744	0	0	0	322	0	0	0	1126	0	202	0	0	0	332	0	862	0	0	0	938	0	796	0	126	0	270	0	5564	0	0	0	486	0	2016	0	0	0	1234	0	694	334	1782	0	2934	0	0	0	242	0	4774	0	3028	0	1436	0	950	0	0	0	156	0	0	0	0	0	0	0	0	0	0	0	0	0	0	0	0	0	0	0	0	0	0	0	0	0	0	
1.04174e+06	Supp_Motor_Area_L	19674	1768	96462	35646	1396	0	18622	10868	0	0	7298	5100	4572	4932	1634	0	10920	1276	0	71200	0	0	16414	13344	1028	0	0	0	23234	3514	10218	22236	18204	44200	464	0	1342	296	322	160	0	0	0	0	228	0	0	0	244	0	290	0	0	0	728	0	9438	802	104	0	710	0	758	166	0	0	1084	0	13274	548	5732	7076	14838	5252	4494	622	944	268	1006	242	3274	0	1598	0	124	0	0	0	682	0	0	0	0	0	0	0	0	0	0	0	0	0	0	0	0	0	0	0	0	0	0	0	0	0	0	0	
1.21857e+06	Supp_Motor_Area_R	19264	17634	30900	103006	0	0	10922	13810	0	0	766	17864	722	7074	0	0	224	8452	71200	0	0	0	8602	13272	0	170	0	0	650	17898	8204	26000	12000	68672	872	3588	110	4642	0	1962	0	0	0	1212	0	306	0	0	0	146	0	130	0	498	0	1950	1978	10314	0	0	0	130	0	490	0	0	176	1390	15182	23596	5750	29648	2112	16126	948	3232	3346	14202	0	824	0	1112	0	902	0	1724	0	0	0	2976	0	0	0	0	0	0	0	280	0	126	0	0	0	0	0	0	0	0	0	0	0	0	0	0	0	0	
119548	Olfactory_L	0	0	212	0	2820	430	0	0	1034	0	0	0	206	0	3792	0	0	0	0	0	0	7544	0	0	1148	450	4494	2430	3124	0	3644	3920	0	0	0	0	1306	0	1942	0	1572	0	0	0	0	0	0	0	0	0	0	0	0	0	606	0	0	0	0	0	0	0	0	0	0	0	0	0	0	0	7558	4438	3960	1810	384	0	0	0	0	0	0	0	950	0	0	0	0	0	0	0	0	0	0	0	0	0	0	0	0	0	0	0	0	0	0	0	0	0	0	0	0	0	0	0	0	0	
139348	Olfactory_R	0	0	0	0	1736	1824	0	0	670	0	0	0	0	0	1446	1688	0	0	0	0	7544	0	0	0	914	1424	3646	4508	0	2244	3112	4080	0	0	0	0	0	282	0	186	0	1192	0	0	0	0	0	0	0	0	0	0	0	0	0	0	0	0	0	0	0	0	0	0	0	0	0	0	0	0	11332	9402	6000	3060	2044	268	0	384	0	0	0	0	0	688	0	0	0	0	0	0	0	0	0	0	0	0	0	0	0	0	0	0	0	0	0	0	0	0	0	0	0	0	0	0	0	0	
570716	Frontal_Sup_Medial_L	818	0	49252	14640	6566	230	18546	5646	134	0	702	348	4408	1440	854	0	0	0	16414	8602	0	0	0	29808	6278	788	182	0	5880	370	32328	33474	16500	23320	170	0	0	0	0	0	0	0	0	0	0	0	0	0	0	0	0	0	0	0	0	0	0	0	0	0	0	0	0	0	0	0	0	0	0	0	1492	2528	2912	728	0	0	0	0	0	0	0	0	0	0	0	0	0	0	0	0	0	0	0	0	0	0	0	0	0	0	0	0	0	0	0	0	0	0	0	0	0	0	0	0	0	0	
456176	Frontal_Sup_Medial_R	118	0	17484	38252	0	3934	6556	11988	0	0	136	888	376	2674	0	316	0	0	13344	13272	0	0	29808	0	284	4648	0	0	346	3770	7616	33964	5766	24470	0	0	0	0	0	0	0	0	0	0	0	0	0	0	0	0	0	0	0	0	0	0	0	0	0	0	0	0	0	0	0	0	0	0	0	0	152	2008	0	5918	0	0	0	0	0	0	0	0	0	0	0	0	0	0	0	0	0	0	0	0	0	0	0	0	0	0	0	0	0	0	0	0	0	0	0	0	0	0	0	0	0	0	
90556	Frontal_Med_Orb_L	400	0	5004	0	7428	144	1624	0	304	0	294	0	1994	0	306	0	0	0	1028	0	1148	914	6278	284	0	710	2020	444	3296	0	8090	788	0	0	0	0	0	0	0	0	0	0	0	0	0	0	0	0	0	0	0	0	0	0	0	0	0	0	0	0	0	0	0	0	0	0	0	0	0	0	1312	412	894	162	0	0	0	0	0	0	0	0	0	0	0	0	0	0	0	0	0	0	0	0	0	0	0	0	0	0	0	0	0	0	0	0	0	0	0	0	0	0	0	0	0	0	
84416	Frontal_Med_Orb_R	0	0	0	4194	224	7906	0	0	0	0	0	0	0	0	190	806	0	0	0	170	450	1424	788	4648	710	0	364	3344	0	1528	1692	4998	0	0	0	0	0	0	0	0	0	0	0	0	0	0	0	0	0	0	0	0	0	0	0	0	0	0	0	0	0	0	0	0	0	0	0	0	0	0	580	1620	158	6414	0	0	0	0	0	0	0	0	0	0	0	0	0	0	0	0	0	0	0	0	0	0	0	0	0	0	0	0	0	0	0	0	0	0	0	0	0	0	0	0	0	0	
75912	Rectus_L	0	0	110	0	5940	318	0	0	2324	0	0	0	0	0	2982	0	0	0	0	0	4494	3646	182	0	2020	364	0	1678	358	0	3250	2392	0	0	0	0	0	0	0	0	0	0	0	0	0	0	0	0	0	0	0	0	0	0	0	0	0	0	0	0	0	0	0	0	0	0	0	0	0	0	3890	1718	1498	792	0	0	0	0	0	0	0	0	0	0	0	0	0	0	0	0	0	0	0	0	0	0	0	0	0	0	0	0	0	0	0	0	0	0	0	0	0	0	0	0	0	0	
63532	Rectus_R	0	0	0	0	708	4296	0	0	344	0	0	0	0	0	558	516	0	0	0	0	2430	4508	0	0	444	3344	1678	0	0	648	1400	3512	0	0	0	0	0	0	0	0	0	0	0	0	0	0	0	0	0	0	0	0	0	0	0	0	0	0	0	0	0	0	0	0	0	0	0	0	0	0	2396	1426	1184	2374	0	0	0	0	0	0	0	0	0	0	0	0	0	0	0	0	0	0	0	0	0	0	0	0	0	0	0	0	0	0	0	0	0	0	0	0	0	0	0	0	0	0	
637836	Insula_L	12506	1126	40858	600	9266	0	20158	472	3338	0	17890	772	24566	360	19536	0	21688	868	23234	650	3124	0	5880	346	3296	0	358	0	0	584	4634	432	602	366	236	238	9250	210	2216	0	1386	0	110	0	164	0	0	0	160	0	1764	0	400	0	5166	0	5278	1286	206	0	346	0	936	420	576	0	928	0	998	0	5366	998	21300	476	186	194	2740	328	8188	0	13210	0	7256	0	2302	0	148	0	6070	0	156	0	0	0	0	0	0	0	216	0	0	0	0	0	0	0	0	0	0	0	0	0	0	0	0	0	
432372	Insula_R	1788	3998	1122	25082	0	3276	2310	8240	0	0	434	26482	132	13080	0	4982	276	17744	3514	17898	0	2244	370	3770	0	1528	0	648	584	0	1530	7122	0	1352	0	112	0	3950	0	1704	0	620	0	140	0	104	0	0	0	108	0	118	0	0	0	1742	216	2102	0	0	0	154	0	228	0	116	0	250	0	320	3820	10000	1054	22420	0	166	0	1048	0	4598	0	5166	0	2056	0	2408	0	0	0	1460	0	0	0	0	0	0	0	352	0	148	0	0	0	0	0	0	0	0	0	0	0	0	0	0	0	0	
436812	Cingulum_Ant_L	1060	112	17596	5464	7880	0	8126	2714	530	0	1636	1354	4482	3558	1068	0	0	0	10218	8204	3644	3112	32328	7616	8090	1692	3250	1400	4634	1530	0	32030	9320	11676	694	0	0	0	0	0	0	0	0	0	0	0	0	0	0	0	0	0	0	0	0	0	0	0	0	0	0	0	0	0	0	0	0	0	268	0	5252	8456	5830	2908	674	0	0	0	0	0	0	0	0	0	0	0	0	0	0	0	0	0	0	0	0	0	0	0	0	0	0	0	0	0	0	0	0	0	0	0	0	0	0	0	0	0	
712140	Cingulum_Ant_R	946	0	18172	31328	738	1358	8402	11894	376	0	434	3648	780	9772	530	0	0	0	22236	26000	3920	4080	33474	33964	788	4998	2392	3512	432	7122	32030	0	12068	37698	318	0	0	0	0	0	0	0	0	0	0	0	0	0	0	0	0	0	0	0	0	0	0	0	0	0	0	0	0	0	0	0	0	0	140	0	5404	24690	2240	9554	358	154	0	0	0	0	0	0	0	120	0	0	0	0	0	0	0	0	0	0	0	0	0	0	0	0	0	0	0	0	0	0	0	0	0	0	0	0	0	0	0	0	
340772	Cingulum_Mid_L	5526	0	8808	4506	0	0	5002	1422	0	0	0	366	422	616	0	0	176	0	18204	12000	0	0	16500	5766	0	0	0	0	602	0	9320	12068	0	23658	7622	296	0	0	0	0	0	0	154	0	1036	0	0	0	1956	0	3240	0	180	0	0	0	464	0	690	0	936	0	1526	0	1004	0	14560	386	8750	352	0	276	0	0	0	0	0	0	344	0	674	0	0	0	600	0	0	0	378	0	0	0	0	0	0	0	0	0	0	0	0	0	0	0	0	0	0	0	0	0	0	0	0	0	0	0	
765996	Cingulum_Mid_R	8738	940	23568	27650	0	0	8690	13504	0	0	288	4312	874	5400	0	0	0	322	44200	68672	0	0	23320	24470	0	0	0	0	366	1352	11676	37698	23658	0	1596	4798	0	180	0	124	0	0	0	1670	0	1436	0	146	0	826	0	476	0	676	0	280	0	4682	0	0	0	0	0	136	0	0	400	4824	10400	15874	240	1068	0	778	0	240	256	142	0	0	0	200	0	0	0	858	0	0	0	994	0	0	0	0	0	0	0	0	0	0	0	0	0	0	0	0	0	0	0	0	0	0	0	0	0	0	
141916	Cingulum_Post_L	4548	136	0	134	0	0	114	0	0	0	0	0	0	0	0	0	0	0	464	872	0	0	170	0	0	0	0	0	236	0	694	318	7622	1596	0	8710	5358	2030	2444	740	0	0	1026	0	718	0	2698	178	520	0	878	0	224	0	388	430	1022	346	332	0	286	0	1412	0	130	0	11404	1170	8036	770	0	0	0	0	0	0	1070	136	418	0	412	0	0	0	396	0	0	0	372	0	0	0	0	0	0	0	0	0	0	0	0	0	0	0	0	0	0	0	0	0	0	0	0	0	0	0	
186448	Cingulum_Post_R	4470	1598	198	1060	0	0	146	0	0	0	0	0	0	0	0	0	0	0	0	3588	0	0	0	0	0	0	0	0	238	112	0	0	296	4798	8710	0	4706	8640	1708	2332	0	0	0	2452	0	466	1732	2262	0	488	0	654	0	838	182	2992	120	2270	0	0	0	0	0	0	0	0	1390	8926	4476	4644	374	0	0	0	0	0	7262	4932	428	0	180	814	0	0	0	1172	0	0	156	1204	0	0	0	0	0	0	0	0	0	0	0	0	0	0	0	0	0	0	0	0	210	0	0	0	0	0	
269984	Hippocampus_L	6748	0	720	0	0	0	760	0	0	0	142	0	0	0	758	0	150	0	1342	110	1306	0	0	0	0	0	0	0	9250	0	0	0	0	0	5358	4706	0	2450	20468	426	6740	0	2576	0	0	0	8566	288	152	0	1066	0	672	0	17364	0	1042	0	0	0	0	0	0	0	0	0	4642	420	2588	0	1682	150	6942	0	254	0	5218	574	2062	0	3066	0	1766	0	1046	0	378	0	9874	0	292	0	0	0	114	0	370	0	394	0	0	0	0	0	0	0	0	0	0	0	0	0	0	0	0	0	
308228	Hippocampus_R	2936	5222	236	5246	0	0	212	212	0	0	228	398	0	0	0	0	0	1126	296	4642	0	282	0	0	0	0	0	0	210	3950	0	0	0	180	2030	8640	2450	0	956	25656	0	7160	0	600	0	0	1014	3186	0	0	0	0	0	0	0	22912	0	1652	0	0	0	150	0	164	0	136	360	3442	2476	334	774	1112	136	10796	0	220	6958	8632	146	284	0	2288	0	1122	0	2356	0	144	0	2668	0	1404	0	484	0	0	0	3334	0	2222	0	0	0	176	0	0	0	0	0	0	164	0	0	0	0	0	
136076	ParaHippocampal_L	1332	0	282	0	0	0	390	0	0	0	0	0	0	0	716	0	0	0	322	0	1942	0	0	0	0	0	0	0	2216	0	0	0	0	0	2444	1708	20468	956	0	204	4372	0	934	0	0	0	6794	310	0	0	340	0	252	0	9620	0	0	0	0	0	0	0	0	0	0	0	2218	348	382	0	488	0	2964	0	166	0	1220	0	0	0	104	0	956	0	0	0	388	0	884	0	232	0	0	0	178	0	1088	0	820	0	0	0	0	0	0	0	0	0	0	0	0	0	0	0	0	0	
171940	ParaHippocampal_R	530	492	0	1578	0	0	0	0	0	0	0	222	0	0	0	0	0	202	160	1962	0	186	0	0	0	0	0	0	0	1704	0	0	0	124	740	2332	426	25656	204	0	0	6790	0	540	0	0	210	2846	0	0	0	0	0	0	0	16368	0	380	0	0	0	0	0	0	0	0	178	2452	396	278	0	834	0	6954	0	182	786	1920	0	0	0	1022	0	1052	0	376	0	606	0	386	0	640	0	208	0	126	0	2736	0	1186	0	0	0	0	0	0	0	0	0	0	0	0	0	0	0	0	
41736	Amygdala_L	0	0	0	0	0	0	0	0	0	0	0	0	0	0	624	0	0	0	0	0	1572	0	0	0	0	0	0	0	1386	0	0	0	0	0	0	0	6740	0	4372	0	0	0	0	0	0	0	0	0	0	0	0	0	0	0	3854	0	0	0	0	0	0	0	0	0	0	0	0	0	0	0	150	0	474	0	0	0	0	0	0	0	0	0	1070	0	0	0	364	0	262	0	0	0	0	0	0	0	0	0	0	0	0	0	0	0	0	0	0	0	0	0	0	0	0	0	0	0	
51236	Amygdala_R	0	0	0	0	0	0	0	0	0	0	0	0	0	0	0	276	0	0	0	0	0	1192	0	0	0	0	0	0	0	620	0	0	0	0	0	0	0	7160	0	6790	0	0	0	0	0	0	0	0	0	0	0	0	0	0	0	5662	0	0	0	0	0	0	0	0	0	0	0	0	0	0	0	0	0	862	0	0	0	0	0	0	0	0	0	2434	0	0	0	356	0	266	0	0	0	0	0	0	0	0	0	0	0	0	0	0	0	0	0	0	0	0	0	0	0	0	0	0	
237040	Calcarine_L	0	0	0	0	0	0	0	0	0	0	0	0	0	0	0	0	0	0	0	0	0	0	0	0	0	0	0	0	110	0	0	0	154	0	1026	0	2576	0	934	0	0	0	0	7620	17518	3850	13176	4242	10836	1552	24166	1086	6456	756	2698	688	0	0	790	0	236	0	0	0	212	0	14270	944	0	0	0	0	0	0	0	0	140	0	0	0	0	0	0	0	1278	0	0	0	498	0	0	0	0	0	0	0	232	0	158	146	0	0	0	0	0	0	0	0	0	0	172	0	0	0	0	0	
355520	Calcarine_R	0	3420	0	0	0	0	0	0	0	0	0	0	0	0	0	0	0	332	0	1212	0	0	0	0	0	0	0	0	0	140	0	0	0	1670	0	2452	0	600	0	540	0	0	7620	0	2962	23538	6008	16004	0	18232	0	17464	0	9504	0	6638	0	6138	0	1680	0	1714	0	5250	0	334	216	24900	0	5642	0	0	0	0	0	0	0	0	0	0	0	908	0	0	0	5812	0	0	0	6610	0	0	0	0	0	0	0	0	0	0	0	0	0	0	0	0	0	0	0	0	0	220	0	0	0	0	
194240	Cuneus_L	448	0	0	0	0	0	0	0	0	0	0	0	0	0	0	0	0	0	228	0	0	0	0	0	0	0	0	0	164	0	0	0	1036	0	718	0	0	0	0	0	0	0	17518	2962	0	4040	2336	490	21258	1524	17586	306	2940	0	650	0	372	0	2492	0	768	0	0	0	714	0	14450	708	1046	0	0	0	0	0	0	0	0	0	0	0	0	0	0	0	1680	0	0	0	686	0	0	0	0	0	0	0	0	0	0	0	0	0	0	0	0	0	0	0	0	0	0	0	0	0	0	0	
299596	Cuneus_R	0	2006	0	0	0	0	0	0	0	0	0	104	0	0	0	0	0	862	0	306	0	0	0	0	0	0	0	0	0	104	0	0	0	1436	0	466	0	0	0	0	0	0	3850	23538	4040	0	1248	2562	0	36826	0	20284	0	3272	0	1030	0	3918	0	3406	0	1348	0	2758	0	490	1564	22006	0	3124	0	0	0	0	0	0	0	0	0	0	0	300	0	0	0	6870	0	0	0	2080	0	0	0	0	0	0	0	0	0	0	0	0	0	0	0	0	0	0	0	0	0	0	0	0	0	0	
337304	Lingual_L	452	0	0	0	0	0	0	0	0	0	0	0	0	0	0	0	0	0	0	0	0	0	0	0	0	0	0	0	0	0	0	0	0	0	2698	1732	8566	1014	6794	210	0	0	13176	6008	2336	1248	0	6616	3330	1056	12564	1482	9362	1810	19890	2606	0	0	0	0	0	0	0	0	0	0	5310	534	228	0	0	0	0	0	0	0	1088	0	0	0	112	0	0	0	0	178	0	0	346	0	9622	966	0	174	410	202	13414	1320	17804	1498	0	0	0	332	0	0	0	0	0	0	5490	5238	804	270	362	0	
374960	Lingual_R	0	784	0	0	0	0	0	0	0	0	0	0	0	0	0	0	0	0	0	0	0	0	0	0	0	0	0	0	0	0	0	0	0	146	178	2262	288	3186	310	2846	0	0	4242	16004	490	2562	6616	0	0	2124	0	2908	374	10796	2656	22198	0	1074	0	0	0	0	0	0	0	0	0	8416	0	1112	0	0	0	0	0	0	114	176	0	0	0	0	0	0	0	446	0	0	0	1414	5164	11990	300	2100	120	1136	4144	8356	9278	14726	144	234	290	2182	150	286	0	0	0	146	10702	15000	3812	1520	1682	296	
260316	Occipital_Sup_L	602	0	0	0	0	0	0	0	0	0	0	0	0	0	0	0	130	0	244	0	0	0	0	0	0	0	0	0	160	0	0	0	1956	0	520	0	152	0	0	0	0	0	10836	0	21258	0	3330	0	0	0	40080	0	3190	0	892	0	1050	0	14248	0	5166	0	394	0	4094	0	15222	0	1062	0	0	0	0	0	0	0	0	0	0	0	454	0	0	0	3686	0	0	0	1432	0	0	0	0	0	0	0	0	0	0	0	0	0	0	0	0	0	0	0	0	0	0	0	0	0	0	0	
344992	Occipital_Sup_R	0	2194	0	0	0	0	0	0	0	0	0	112	0	0	0	0	0	938	0	146	0	0	0	0	0	0	0	0	0	108	0	0	0	826	0	488	0	0	0	0	0	0	1552	18232	1524	36826	1056	2124	0	0	0	27666	0	5866	0	1588	0	4682	0	11754	0	3478	0	2462	0	6822	910	24638	0	4184	0	0	0	0	0	0	0	0	0	0	0	338	0	0	0	8084	0	0	0	3898	0	0	0	0	0	0	0	0	0	0	0	0	0	0	0	0	0	0	0	0	0	0	0	0	0	0	
518608	Occipital_Mid_L	1558	0	228	0	0	0	0	0	0	0	134	0	0	0	0	0	818	0	290	0	0	0	0	0	0	0	0	0	1764	0	0	0	3240	0	878	0	1066	0	340	0	0	0	24166	0	17586	0	12564	0	40080	0	0	0	24454	0	9700	0	3460	0	18452	0	21802	0	1600	0	24224	0	22192	0	2116	0	0	0	0	0	0	0	120	0	846	0	1438	0	0	0	17784	0	0	0	5774	0	214	0	0	0	0	0	0	0	292	0	0	0	0	0	0	0	0	0	0	0	0	124	0	0	0	0	
295428	Occipital_Mid_R	0	1324	0	0	0	0	0	0	0	0	0	0	0	0	0	0	0	796	0	130	0	0	0	0	0	0	0	0	0	118	0	0	0	476	0	654	0	0	0	0	0	0	1086	17464	306	20284	1482	2908	0	27666	0	0	0	6404	0	2174	0	3358	0	5694	0	4342	0	3674	0	12168	0	11866	0	1908	0	0	0	0	0	0	0	0	0	0	0	726	0	0	0	17376	0	0	0	3224	0	0	0	0	0	0	0	0	0	0	0	0	0	0	0	0	0	0	0	0	0	106	0	0	0	0	
177684	Occipital_Inf_L	530	0	0	0	0	0	0	0	0	0	0	0	0	0	0	0	0	0	0	0	0	0	0	0	0	0	0	0	400	0	0	0	180	0	224	0	672	0	252	0	0	0	6456	0	2940	0	9362	374	3190	0	24454	0	0	0	14832	160	578	0	336	0	1222	0	0	0	1332	0	4332	0	812	0	0	0	0	0	0	0	0	0	364	0	382	0	0	0	3912	0	0	0	6866	0	988	0	0	0	0	0	746	172	1760	110	0	0	0	0	0	0	0	0	0	0	612	292	0	0	0	0	
198448	Occipital_Inf_R	0	994	0	0	0	0	0	0	0	0	0	0	0	0	0	0	0	126	0	498	0	0	0	0	0	0	0	0	0	0	0	0	0	676	0	838	0	0	0	0	0	0	756	9504	0	3272	1810	10796	0	5866	0	6404	0	0	702	12772	0	2826	0	1930	0	1740	0	760	0	1116	0	5460	0	2370	0	0	0	0	0	0	0	0	0	0	0	204	0	0	0	5146	0	0	0	13478	436	692	0	0	0	0	152	460	1482	1798	0	0	0	0	0	0	0	0	0	0	480	3680	0	0	0	0	
440440	Fusiform_L	276	0	156	0	0	0	0	0	0	0	0	0	0	0	200	0	0	0	728	0	606	0	0	0	0	0	0	0	5166	0	0	0	0	0	388	182	17364	0	9620	0	3854	0	2698	0	650	0	19890	2656	892	0	9700	0	14832	702	0	1316	136	0	0	0	0	0	0	0	0	0	2140	0	0	0	930	104	2338	0	0	0	972	0	1304	0	4366	0	2596	0	2316	0	916	0	17190	0	25626	856	2664	0	142	0	14754	706	35418	1060	1248	0	1916	236	442	0	0	0	0	0	2694	3874	818	442	140	0	
483088	Fusiform_R	528	858	0	1182	0	0	198	0	0	0	294	140	0	0	0	0	0	270	0	1950	0	0	0	0	0	0	0	0	0	1742	0	0	0	280	430	2992	0	22912	0	16368	0	5662	688	6638	0	1030	2606	22198	0	1588	0	2174	160	12772	1316	0	0	820	0	0	0	144	0	224	0	108	194	4678	352	866	0	548	0	6098	0	0	974	1284	0	508	0	3376	0	3782	0	3658	0	1472	0	10404	2232	26214	0	2214	0	518	1338	12714	4674	30568	0	106	0	552	106	0	0	0	0	0	5448	7734	352	140	168	0	
327692	Postcentral_L	36694	1186	9188	1544	0	0	2134	172	0	0	5402	274	640	0	0	0	10722	0	9438	1978	0	0	0	0	0	0	0	0	5278	216	0	0	464	0	1022	120	1042	0	0	0	0	0	0	0	372	0	0	0	1050	0	3460	0	578	0	136	0	0	802	6422	0	20654	0	12868	0	1472	0	6828	0	8334	0	440	254	374	108	0	0	740	208	3570	0	4144	0	0	0	1818	0	0	0	1700	0	0	0	0	0	0	0	0	0	0	0	0	0	0	0	0	0	0	0	0	0	0	0	0	0	0	0	
315848	Postcentral_R	3020	24164	218	1634	0	0	902	806	0	0	390	2682	0	166	0	0	1118	5564	802	10314	0	0	0	0	0	0	0	0	1286	2102	0	0	0	4682	346	2270	0	1652	0	380	0	0	0	6138	0	3918	0	1074	0	4682	0	3358	0	2826	0	820	802	0	0	4716	0	5580	0	12120	0	514	148	10226	884	19330	752	0	388	2034	138	654	0	420	0	352	0	1292	0	0	0	4898	0	0	0	5362	0	0	0	0	0	0	0	0	0	0	0	0	0	0	0	0	0	0	0	0	0	0	0	0	0	0	
168296	Parietal_Sup_L	908	0	112	0	0	0	0	0	0	0	108	0	0	0	0	0	198	0	104	0	0	0	0	0	0	0	0	0	206	0	0	0	690	0	332	0	0	0	0	0	0	0	790	0	2492	0	0	0	14248	0	18452	0	336	0	0	0	6422	0	0	0	14358	0	752	0	4610	0	15484	0	830	0	0	0	0	0	0	0	0	0	158	0	318	0	0	0	1682	0	0	0	558	0	0	0	0	0	0	0	0	0	0	0	0	0	0	0	0	0	0	0	0	0	0	0	0	0	0	0	
137336	Parietal_Sup_R	0	336	0	0	0	0	0	0	0	0	0	0	0	0	0	0	0	0	0	0	0	0	0	0	0	0	0	0	0	0	0	0	0	0	0	0	0	0	0	0	0	0	0	1680	0	3406	0	0	0	11754	0	5694	0	1930	0	0	0	4716	0	0	0	9470	0	1952	0	11516	518	9838	0	1652	0	0	0	0	0	0	0	0	0	0	0	284	0	0	0	2324	0	0	0	1598	0	0	0	0	0	0	0	0	0	0	0	0	0	0	0	0	0	0	0	0	0	0	0	0	0	0	
258436	Parietal_Inf_L	5290	0	734	0	0	0	0	0	0	0	622	0	0	0	0	0	210	0	710	0	0	0	0	0	0	0	0	0	346	0	0	0	936	0	286	0	0	0	0	0	0	0	236	0	768	0	0	0	5166	0	21802	0	1222	0	0	0	20654	0	14358	0	0	0	15302	0	21372	0	5204	0	936	0	0	0	0	0	0	0	0	0	172	0	1400	0	0	0	8968	0	0	0	2524	0	0	0	0	0	0	0	0	0	0	0	0	0	0	0	0	0	0	0	0	0	0	0	0	0	0	0	
170068	Parietal_Inf_R	180	670	0	0	0	0	130	0	0	0	0	140	0	0	0	0	0	486	0	130	0	0	0	0	0	0	0	0	0	154	0	0	0	0	0	0	0	150	0	0	0	0	0	1714	0	1348	0	0	0	3478	0	4342	0	1740	0	144	0	5580	0	9470	0	0	0	16054	0	19826	0	3248	0	374	0	0	0	0	0	0	0	104	0	0	0	3528	0	0	0	9392	0	0	0	2652	0	0	0	0	0	0	0	0	0	0	0	0	0	0	0	0	0	0	0	0	0	0	0	0	0	0	
132608	SupraMarginal_L	2556	0	744	0	0	0	0	0	0	0	484	0	0	0	0	0	3100	0	758	0	0	0	0	0	0	0	0	0	936	0	0	0	1526	0	1412	0	0	0	0	0	0	0	0	0	0	0	0	0	394	0	1600	0	0	0	0	0	12868	0	752	0	15302	0	0	0	4784	0	2696	0	794	0	0	0	0	0	0	0	0	0	386	0	7608	0	0	0	6834	0	0	0	770	0	0	0	0	0	0	0	0	0	0	0	0	0	0	0	0	0	0	0	0	0	0	0	0	0	0	0	
175316	SupraMarginal_R	900	3164	0	284	0	0	400	0	0	0	178	308	0	0	0	0	412	2016	166	490	0	0	0	0	0	0	0	0	420	228	0	0	0	136	0	0	0	164	0	0	0	0	0	5250	0	2758	0	0	0	2462	0	3674	0	760	0	224	0	12120	0	1952	0	16054	0	0	0	10358	0	5872	0	238	0	0	0	118	0	0	0	0	0	0	0	5716	0	0	0	9516	0	0	0	1320	0	0	0	0	0	0	0	0	0	0	0	0	0	0	0	0	0	0	0	0	0	0	0	0	0	0	
171308	Angular_L	872	0	0	0	0	0	0	0	0	0	0	0	0	0	0	0	340	0	0	0	0	0	0	0	0	0	0	0	576	0	0	0	1004	0	130	0	0	0	0	0	0	0	212	0	714	0	0	0	4094	0	24224	0	1332	0	0	0	1472	0	4610	0	21372	0	4784	0	0	0	4414	0	452	0	0	0	0	0	0	0	0	0	466	0	1536	0	0	0	9890	0	0	0	3160	0	0	0	0	0	0	0	0	0	0	0	0	0	0	0	0	0	0	0	0	0	0	0	0	0	0	0	
168400	Angular_R	0	0	0	0	0	0	0	0	0	0	0	0	0	0	0	0	0	0	0	0	0	0	0	0	0	0	0	0	0	116	0	0	0	0	0	0	0	136	0	0	0	0	0	334	0	490	0	0	0	6822	0	12168	0	1116	0	108	0	514	0	11516	0	19826	0	10358	0	0	0	2972	0	278	0	0	0	0	0	0	0	0	0	0	0	5140	0	0	0	10958	0	0	0	1348	0	0	0	0	0	0	0	0	0	0	0	0	0	0	0	0	0	0	0	0	0	0	0	0	0	0	
361920	Precuneus_L	3984	0	156	0	0	0	0	0	0	0	120	0	0	0	0	0	660	0	1084	176	0	0	0	0	0	0	0	0	928	0	0	0	14560	400	11404	1390	4642	360	2218	178	0	0	14270	216	14450	1564	5310	0	15222	910	22192	0	4332	0	2140	194	6828	148	15484	518	5204	0	2696	0	4414	0	0	3172	10882	212	0	0	0	0	0	0	254	0	906	0	1694	0	0	0	3162	0	0	0	2326	0	0	0	0	0	0	0	0	0	0	0	0	0	0	0	0	0	0	0	0	0	0	0	0	0	0	0	
394500	Precuneus_R	120	5750	0	124	0	0	0	0	0	0	0	154	0	0	0	0	0	1234	0	1390	0	0	0	0	0	0	0	0	0	250	0	0	386	4824	1170	8926	420	3442	348	2452	0	0	944	24900	708	22006	534	8416	0	24638	0	11866	0	5460	0	4678	0	10226	0	9838	0	3248	0	5872	0	2972	3172	0	254	11502	0	0	0	156	0	0	122	0	0	0	0	1156	0	0	0	8404	0	0	0	4894	0	0	0	0	0	0	0	0	0	0	0	0	0	0	0	0	0	0	0	0	294	0	0	0	0	0	
387428	Paracentral_Lobule_L	50900	1040	10286	3580	0	0	668	0	0	0	0	0	0	0	0	0	1206	0	13274	15182	0	0	0	0	0	0	0	0	998	0	268	140	8750	10400	8036	4476	2588	2476	382	396	0	0	0	0	1046	0	228	0	1062	0	2116	0	812	0	0	352	8334	884	830	0	936	0	794	0	452	0	10882	254	0	5666	680	0	3548	0	2468	0	10444	1732	586	0	992	210	0	0	1456	224	0	0	1446	234	0	0	0	0	0	0	0	0	0	0	0	0	0	0	0	0	0	0	0	0	0	0	0	0	0	0	
263424	Paracentral_Lobule_R	5014	9074	850	418	0	0	118	0	0	0	0	138	0	0	0	0	0	694	548	23596	0	0	0	0	0	0	0	0	0	320	0	0	352	15874	770	4644	0	334	0	278	0	0	0	5642	0	3124	0	1112	0	4184	0	1908	0	2370	0	866	0	19330	0	1652	0	374	0	238	0	278	212	11502	5666	0	366	0	0	0	0	0	366	126	0	0	0	990	0	0	0	3648	0	0	0	4736	0	0	0	0	0	0	0	0	0	0	0	0	0	0	0	0	0	0	0	0	0	0	0	0	0	0	
355132	Caudate_L	4816	3458	5876	4748	2260	686	4970	1600	864	0	1018	4482	462	3848	1930	0	1222	334	5732	5750	7558	11332	1492	152	1312	580	3890	2396	5366	3820	5252	5404	0	240	0	374	1682	774	488	0	150	0	0	0	0	0	0	0	0	0	0	0	0	0	930	0	440	752	0	0	0	0	0	0	0	0	0	0	680	366	0	20350	21376	4838	5436	470	12520	2100	0	0	300	0	154	0	0	0	0	0	536	0	0	0	0	0	0	0	0	0	0	0	0	0	0	0	0	0	0	0	0	0	0	0	0	0	0	0	
465668	Caudate_R	2892	3796	3262	25844	754	664	2298	2236	226	0	380	6372	188	5766	546	0	152	1782	7076	29648	4438	9402	2528	2008	412	1620	1718	1426	998	10000	8456	24690	276	1068	0	0	150	1112	0	834	0	0	0	0	0	0	0	0	0	0	0	0	0	0	104	548	254	0	0	0	0	0	0	0	0	0	0	0	0	0	20350	0	6600	19268	2080	2754	1540	13798	0	210	0	0	0	144	0	0	0	0	0	0	0	0	0	0	0	0	0	166	0	0	0	0	0	0	0	0	0	0	0	0	0	0	0	0	0	0	
385664	Putamen_L	8864	1298	18236	1448	8108	316	4272	280	3252	0	2502	1060	1382	1706	8468	0	408	0	14838	2112	3960	6000	2912	0	894	158	1498	1184	21300	1054	5830	2240	0	0	0	0	6942	136	2964	0	474	0	0	0	0	0	0	0	0	0	0	0	0	0	2338	0	374	388	0	0	0	0	0	0	0	0	0	0	3548	0	21376	6600	0	1818	10968	124	4838	598	286	0	948	0	1112	0	0	0	0	0	1420	0	0	0	0	0	0	0	0	0	0	0	0	0	0	0	0	0	0	0	0	0	0	0	0	0	0	0	
383296	Putamen_R	1146	2368	644	19404	408	5966	1078	1956	178	0	540	6710	0	1202	258	780	154	2934	5252	16126	1810	3060	728	5918	162	6414	792	2374	476	22420	2908	9554	0	778	0	0	0	10796	0	6954	0	862	0	0	0	0	0	0	0	0	0	0	0	0	0	6098	108	2034	0	0	0	0	0	118	0	0	0	156	0	0	4838	19268	1818	0	356	4212	0	2160	0	646	0	630	0	560	0	470	0	0	0	714	0	558	0	356	0	0	0	2204	0	1104	0	0	0	130	0	0	0	0	0	0	0	0	0	0	0	0	
83068	Pallidum_L	3048	304	3336	538	342	0	376	0	170	0	0	0	0	0	574	0	0	0	4494	948	384	2044	0	0	0	0	0	0	186	0	674	358	0	0	0	0	254	0	166	0	0	0	0	0	0	0	0	0	0	0	0	0	0	0	0	0	0	138	0	0	0	0	0	0	0	0	0	0	2468	0	5436	2080	10968	356	0	0	1724	168	0	0	0	0	0	0	0	0	0	0	0	0	0	0	0	0	0	0	0	0	0	0	0	0	0	0	0	0	0	0	0	0	0	0	0	0	0	0	
39852	Pallidum_R	516	654	364	3870	0	0	458	284	0	0	0	288	0	0	0	0	0	0	622	3232	0	268	0	0	0	0	0	0	194	166	0	154	0	240	0	0	0	220	0	182	0	0	0	0	0	0	0	0	0	0	0	0	0	0	0	0	0	654	0	0	0	0	0	0	0	0	0	0	0	0	470	2754	124	4212	0	0	0	0	0	0	0	0	0	0	0	0	0	0	0	0	0	0	0	0	0	0	0	0	0	0	0	0	0	0	0	0	0	0	0	0	0	0	0	0	0	0	
218508	Thalamus_L	17484	2252	2798	3342	0	0	1378	0	0	0	132	118	0	0	0	0	166	0	944	3346	0	0	0	0	0	0	0	0	2740	0	0	0	0	256	1070	7262	5218	6958	1220	786	0	0	140	0	0	0	1088	114	0	0	120	0	0	0	972	974	740	0	0	0	0	0	0	0	0	0	254	122	10444	366	12520	1540	4838	0	1724	0	0	11276	846	0	568	582	0	0	276	672	0	0	1018	590	0	0	0	0	0	0	0	0	0	0	0	0	0	0	0	0	0	0	0	0	0	0	0	0	0	0	
198732	Thalamus_R	3318	8350	442	15790	0	0	358	472	0	0	0	396	0	0	0	0	0	242	268	14202	0	384	0	0	0	0	0	0	328	1048	0	0	0	142	136	4932	574	8632	0	1920	0	0	0	0	0	0	0	176	0	0	0	0	0	0	0	1284	208	420	0	0	0	104	0	0	0	0	0	0	1732	126	2100	13798	598	2160	168	0	11276	0	0	112	0	852	0	0	0	1236	0	0	0	1082	0	0	0	0	0	0	0	0	0	0	0	0	0	0	0	0	0	0	0	0	0	0	0	0	0	0	
81184	Heschl_L	3608	0	1118	0	0	0	276	0	0	0	620	0	0	0	0	0	4248	0	1006	0	0	0	0	0	0	0	0	0	8188	0	0	0	344	0	418	428	2062	146	0	0	0	0	0	0	0	0	0	0	0	0	846	0	364	0	1304	0	3570	0	158	0	172	0	386	0	466	0	906	0	586	0	0	0	286	0	0	0	846	0	0	0	4432	0	0	0	752	0	0	0	3056	0	0	0	0	0	0	0	0	0	0	0	0	0	0	0	0	0	0	0	0	0	0	0	0	0	0	0	
40372	Heschl_R	148	588	0	726	0	0	118	538	0	0	0	810	0	0	0	0	0	4774	242	824	0	0	0	0	0	0	0	0	0	4598	0	0	0	0	0	0	0	284	0	0	0	0	0	0	0	0	0	0	0	0	0	0	0	0	0	508	0	352	0	0	0	0	0	0	0	0	0	0	0	0	0	210	0	646	0	0	0	112	0	0	0	4076	0	0	0	506	0	0	0	126	0	0	0	0	0	0	0	0	0	0	0	0	0	0	0	0	0	0	0	0	0	0	0	0	0	0	
235868	Temporal_Sup_L	4014	114	3554	0	0	0	156	0	0	0	5774	0	714	0	0	0	12304	0	3274	0	0	0	0	0	0	0	0	0	13210	0	0	0	674	0	412	180	3066	0	104	0	0	0	0	0	0	0	112	0	454	0	1438	0	382	0	4366	0	4144	0	318	0	1400	0	7608	0	1536	0	1694	0	992	0	300	0	948	0	0	0	568	0	4432	0	0	0	8100	0	17256	0	942	0	12592	0	230	0	0	0	0	0	148	0	424	0	0	0	0	0	0	0	0	0	0	0	0	0	0	0	0	0	
133520	Temporal_Sup_R	358	520	0	210	0	0	0	0	0	0	0	214	0	0	0	0	0	3028	0	1112	0	0	0	0	0	0	0	0	0	5166	0	0	0	200	0	814	0	2288	0	1022	0	0	0	908	0	300	0	0	0	338	0	726	0	204	0	3376	0	1292	0	284	0	3528	0	5716	0	5140	0	1156	210	990	0	0	0	630	0	0	582	852	0	4076	0	0	0	2970	0	14646	0	166	0	3148	0	290	0	0	0	0	0	0	0	300	0	0	0	0	0	0	0	0	0	0	0	0	0	0	0	0	
102728	Temporal_Pole_Sup_L	0	0	1950	0	264	0	0	0	334	0	4712	0	406	0	1414	0	3462	0	1598	0	950	0	0	0	0	0	0	0	7256	0	0	0	0	0	0	0	1766	0	956	0	1070	0	0	0	0	0	0	0	0	0	0	0	0	0	2596	0	0	0	0	0	0	0	0	0	0	0	0	0	0	0	154	0	1112	0	0	0	0	0	0	0	8100	0	0	0	5710	0	3048	0	4506	0	0	0	0	0	0	0	0	0	0	0	0	0	0	0	0	0	0	0	0	0	0	0	0	0	0	0	
59852	Temporal_Pole_Sup_R	0	0	0	926	0	0	0	0	0	0	0	1238	0	138	0	120	0	1436	0	902	0	688	0	0	0	0	0	0	0	2056	0	120	0	0	0	0	0	1122	0	1052	0	2434	0	0	0	0	0	0	0	0	0	0	0	0	0	3782	0	0	0	0	0	0	0	0	0	0	0	0	0	0	0	144	0	560	0	0	0	0	0	0	0	2970	0	0	0	4688	0	2952	0	2598	0	0	0	0	0	0	0	0	0	0	0	0	0	0	0	0	0	0	0	0	0	0	0	0	0	0	
252676	Temporal_Mid_L	156	0	0	0	0	0	0	0	0	0	0	0	0	0	0	0	300	0	124	0	0	0	0	0	0	0	0	0	2302	0	0	0	600	0	396	0	1046	0	0	0	0	0	1278	0	1680	0	0	0	3686	0	17784	0	3912	0	2316	0	1818	0	1682	0	8968	0	6834	0	9890	0	3162	0	1456	0	0	0	0	0	0	0	276	0	752	0	17256	0	5710	0	0	0	4000	0	28954	0	0	0	0	0	0	0	0	0	0	0	0	0	0	0	0	0	0	0	0	0	0	0	0	0	0	0	
306312	Temporal_Mid_R	266	1080	0	0	0	0	0	0	0	0	0	0	0	0	0	0	0	950	0	1724	0	0	0	0	0	0	0	0	0	2408	0	0	0	858	0	1172	0	2356	0	376	0	0	0	5812	0	6870	178	446	0	8084	0	17376	0	5146	0	3658	0	4898	0	2324	0	9392	0	9516	0	10958	0	8404	224	3648	0	0	0	470	0	0	672	1236	0	506	0	14646	0	4688	0	0	0	2044	0	20770	0	0	0	0	0	0	0	0	0	0	0	0	0	0	0	0	0	0	0	0	0	0	0	0	0	0	
27384	Temporal_Pole_Mid_L	0	0	0	0	0	0	0	0	0	0	0	0	0	0	0	0	0	0	0	0	0	0	0	0	0	0	0	0	148	0	0	0	0	0	0	0	378	0	388	0	364	0	0	0	0	0	0	0	0	0	0	0	0	0	916	0	0	0	0	0	0	0	0	0	0	0	0	0	0	0	0	0	0	0	0	0	0	0	0	0	942	0	3048	0	4000	0	0	0	3508	0	0	0	0	0	0	0	0	0	0	0	0	0	0	0	0	0	0	0	0	0	0	0	0	0	0	0	
20068	Temporal_Pole_Mid_R	0	0	0	0	0	0	0	0	0	0	0	0	0	0	0	0	0	0	0	0	0	0	0	0	0	0	0	0	0	0	0	0	0	0	0	0	0	144	0	606	0	356	0	0	0	0	0	0	0	0	0	0	0	0	0	1472	0	0	0	0	0	0	0	0	0	0	0	0	0	0	0	0	0	0	0	0	0	0	0	0	0	166	0	2952	0	2044	0	0	0	2294	0	0	0	0	0	0	0	0	0	0	0	0	0	0	0	0	0	0	0	0	0	0	0	0	0	0	
258716	Temporal_Inf_L	554	0	322	0	0	0	0	0	0	0	0	0	0	0	0	0	380	0	682	0	0	0	0	0	0	0	0	0	6070	0	0	0	378	0	372	156	9874	0	884	0	262	0	498	0	686	0	346	0	1432	0	5774	0	6866	0	17190	0	1700	0	558	0	2524	0	770	0	3160	0	2326	0	1446	0	536	0	1420	0	0	0	1018	0	3056	0	12592	0	4506	0	28954	0	3508	0	0	0	4410	0	1262	0	0	0	396	0	1614	0	428	0	448	0	0	0	0	0	0	0	0	0	0	0	0	0	
214264	Temporal_Inf_R	270	1082	0	162	0	0	0	0	0	0	0	0	0	0	0	0	0	156	0	2976	0	0	0	0	0	0	0	0	0	1460	0	0	0	994	0	1204	0	2668	0	386	0	266	0	6610	0	2080	0	1414	0	3898	0	3224	0	13478	0	10404	0	5362	0	1598	0	2652	0	1320	0	1348	0	4894	234	4736	0	0	0	714	0	0	590	1082	0	126	0	3148	0	2598	0	20770	0	2294	0	0	0	428	0	132	0	0	0	118	0	256	0	0	0	0	0	0	0	0	0	0	0	0	0	0	0	0	
527932	Cerebelum_Crus1_L	0	0	0	0	0	0	0	0	0	0	0	0	0	0	0	0	0	0	0	0	0	0	0	0	0	0	0	0	156	0	0	0	0	0	0	0	292	0	232	0	0	0	0	0	0	0	9622	5164	0	0	214	0	988	436	25626	2232	0	0	0	0	0	0	0	0	0	0	0	0	0	0	0	0	0	0	0	0	0	0	0	0	230	0	0	0	0	0	0	0	4410	0	0	6926	37168	3740	592	744	19330	2272	54512	7822	18238	1336	19532	3536	398	584	252	0	0	192	7006	11844	15256	1788	1184	112	
439716	Cerebelum_Crus1_R	0	106	0	0	0	0	0	0	0	0	0	0	0	0	0	0	0	0	0	0	0	0	0	0	0	0	0	0	0	0	0	0	0	0	0	0	0	1404	0	640	0	0	0	0	0	0	966	11990	0	0	0	0	0	692	856	26214	0	0	0	0	0	0	0	0	0	0	0	0	0	0	0	0	0	558	0	0	0	0	0	0	0	290	0	0	0	0	0	0	0	428	6926	0	3224	28930	0	2094	1742	17290	5664	58182	1638	3288	1378	10968	368	380	0	1364	0	0	10070	11680	8488	1020	600	420	
330828	Cerebelum_Crus2_L	0	0	0	0	0	0	0	0	0	0	0	0	0	0	0	0	0	0	0	0	0	0	0	0	0	0	0	0	0	0	0	0	0	0	0	0	0	0	0	0	0	0	0	0	0	0	0	300	0	0	0	0	0	0	2664	0	0	0	0	0	0	0	0	0	0	0	0	0	0	0	0	0	0	0	0	0	0	0	0	0	0	0	0	0	0	0	0	0	1262	0	37168	3224	0	9146	0	332	1004	684	5218	2232	39490	4462	32470	4016	2964	206	428	0	0	0	626	1496	13280	2280	462	0	
338572	Cerebelum_Crus2_R	0	0	0	0	0	0	0	0	0	0	0	0	0	0	0	0	0	0	0	0	0	0	0	0	0	0	0	0	0	0	0	0	0	0	0	0	0	484	0	208	0	0	0	0	0	0	174	2100	0	0	0	0	0	0	0	2214	0	0	0	0	0	0	0	0	0	0	0	0	0	0	0	0	0	356	0	0	0	0	0	0	0	0	0	0	0	0	0	0	0	132	3740	28930	9146	0	0	2620	998	6804	838	10192	6708	24658	5686	32718	284	3208	0	1422	0	234	3448	2454	12610	4530	2180	210	
37360	Cerebelum_3_L	0	0	0	0	0	0	0	0	0	0	0	0	0	0	0	0	0	0	0	0	0	0	0	0	0	0	0	0	0	0	0	0	0	0	0	0	114	0	178	0	0	0	0	0	0	0	410	120	0	0	0	0	0	0	142	0	0	0	0	0	0	0	0	0	0	0	0	0	0	0	0	0	0	0	0	0	0	0	0	0	0	0	0	0	0	0	0	0	0	0	592	0	0	0	0	0	6210	0	882	0	0	0	1148	0	1088	0	0	0	1092	3580	1826	156	432	600	110	0	
83616	Cerebelum_3_R	0	0	0	0	0	0	0	0	0	0	0	0	0	0	0	0	0	0	0	0	0	0	0	0	0	0	0	0	0	0	0	0	0	0	0	0	0	0	0	126	0	0	0	0	0	0	202	1136	0	0	0	0	0	0	0	518	0	0	0	0	0	0	0	0	0	0	0	0	0	0	0	0	0	0	0	0	0	0	0	0	0	0	0	0	0	0	0	0	0	0	744	2094	332	2620	0	0	726	5828	520	3652	414	778	730	4150	0	2458	0	0	1768	3834	1418	1060	1834	1914	2696	256	
298076	Cerebelum_4_5_L	0	0	0	0	0	0	0	0	0	0	0	0	0	0	0	0	0	0	0	0	0	0	0	0	0	0	0	0	0	0	0	0	0	0	0	0	370	0	1088	0	0	0	232	0	0	0	13414	4144	0	0	0	0	746	152	14754	1338	0	0	0	0	0	0	0	0	0	0	0	0	0	0	0	0	0	0	0	0	0	0	0	0	148	0	0	0	0	0	0	0	396	0	19330	1742	1004	998	6210	726	0	3130	34142	2318	662	0	4512	1844	3650	598	378	0	746	2490	16382	3196	2790	2804	2090	514	
276248	Cerebelum_4_5_R	0	0	0	282	0	0	0	0	0	0	0	0	0	0	0	0	0	0	0	280	0	0	0	0	0	0	0	0	0	352	0	0	0	0	0	0	0	3334	0	2736	0	0	0	0	0	0	1320	8356	0	0	0	0	172	460	706	12714	0	0	0	0	0	0	0	0	0	0	0	0	0	0	0	166	0	2204	0	0	0	0	0	0	0	0	0	0	0	0	0	0	0	118	2272	17290	684	6804	0	5828	3130	0	3518	27420	892	1676	1268	6158	144	1490	0	0	112	538	15154	3536	2984	1504	2260	262	
478656	Cerebelum_6_L	0	0	0	0	0	0	0	0	0	0	0	0	0	0	0	0	0	0	0	0	0	0	0	0	0	0	0	0	216	0	0	0	0	0	0	0	394	0	820	0	0	0	158	0	0	0	17804	9278	0	0	292	0	1760	1482	35418	4674	0	0	0	0	0	0	0	0	0	0	0	0	0	0	0	0	0	0	0	0	0	0	0	0	424	0	0	0	0	0	0	0	1614	0	54512	5664	5218	838	882	520	34142	3518	0	7088	2846	0	5498	1702	1984	422	520	0	0	172	13374	14818	7090	2512	1330	344	
453496	Cerebelum_6_R	0	108	0	144	0	0	0	0	0	0	0	0	0	0	0	0	0	0	0	126	0	0	0	0	0	0	0	0	0	148	0	0	0	0	0	0	0	2222	0	1186	0	0	146	0	0	0	1498	14726	0	0	0	0	110	1798	1060	30568	0	0	0	0	0	0	0	0	0	0	0	0	0	0	0	0	0	1104	0	0	0	0	0	0	0	300	0	0	0	0	0	0	0	256	7822	58182	2232	10192	0	3652	2318	27420	7088	0	1732	1420	1748	6204	270	674	0	954	0	0	13240	15292	8240	792	982	794	
306056	Cerebelum_7b_L	0	0	0	0	0	0	0	0	0	0	0	0	0	0	0	0	0	0	0	0	0	0	0	0	0	0	0	0	0	0	0	0	0	0	0	0	0	0	0	0	0	0	0	0	0	0	0	144	0	0	0	0	0	0	1248	0	0	0	0	0	0	0	0	0	0	0	0	0	0	0	0	0	0	0	0	0	0	0	0	0	0	0	0	0	0	0	0	0	428	0	18238	1638	39490	6708	0	414	662	892	2846	1732	0	4348	41394	4926	6684	520	1112	0	0	180	1026	1660	11422	4218	920	178	
163852	Cerebelum_7b_R	0	0	0	0	0	0	0	0	0	0	0	0	0	0	0	0	0	0	0	0	0	0	0	0	0	0	0	0	0	0	0	0	0	0	0	0	0	0	0	0	0	0	0	0	0	0	0	234	0	0	0	0	0	0	0	106	0	0	0	0	0	0	0	0	0	0	0	0	0	0	0	0	0	0	0	0	0	0	0	0	0	0	0	0	0	0	0	0	0	0	1336	3288	4462	24658	0	778	0	1676	0	1420	4348	0	3428	23206	0	4172	0	570	0	0	404	296	4974	2570	0	0	
377224	Cerebelum_8_L	0	0	0	0	0	0	0	0	0	0	0	0	0	0	0	0	0	0	0	0	0	0	0	0	0	0	0	0	0	0	0	0	0	0	0	0	0	0	0	0	0	0	0	0	0	0	0	290	0	0	0	0	0	0	1916	0	0	0	0	0	0	0	0	0	0	0	0	0	0	0	0	0	0	0	0	0	0	0	0	0	0	0	0	0	0	0	0	0	448	0	19532	1378	32470	5686	1148	730	4512	1268	5498	1748	41394	3428	0	7266	23118	1522	3862	0	306	808	2338	2374	12564	9676	2620	712	
340780	Cerebelum_8_R	0	0	0	0	0	0	0	0	0	0	0	0	0	0	0	0	0	0	0	0	0	0	0	0	0	0	0	0	0	0	0	0	0	0	0	0	0	176	0	0	0	0	0	0	0	0	332	2182	0	0	0	0	0	0	236	552	0	0	0	0	0	0	0	0	0	0	0	0	0	0	0	0	0	130	0	0	0	0	0	0	0	0	0	0	0	0	0	0	0	0	3536	10968	4016	32718	0	4150	1844	6158	1702	6204	4926	23206	7266	0	1032	21228	0	4374	602	1278	3940	2688	9940	8602	5656	748	
113672	Cerebelum_9_L	0	0	0	0	0	0	0	0	0	0	0	0	0	0	0	0	0	0	0	0	0	0	0	0	0	0	0	0	0	0	0	0	0	0	0	0	0	0	0	0	0	0	0	0	0	0	0	150	0	0	0	0	0	0	442	106	0	0	0	0	0	0	0	0	0	0	0	0	0	0	0	0	0	0	0	0	0	0	0	0	0	0	0	0	0	0	0	0	0	0	398	368	2964	284	1088	0	3650	144	1984	270	6684	0	23118	1032	0	696	5304	0	106	420	892	586	1796	3070	884	400	
115344	Cerebelum_9_R	0	0	0	0	0	0	0	0	0	0	0	0	0	0	0	0	0	0	0	0	0	0	0	0	0	0	0	0	0	0	0	0	0	0	0	0	0	0	0	0	0	0	0	0	0	0	0	286	0	0	0	0	0	0	0	0	0	0	0	0	0	0	0	0	0	0	0	0	0	0	0	0	0	0	0	0	0	0	0	0	0	0	0	0	0	0	0	0	0	0	584	380	206	3208	0	2458	598	1490	422	674	520	4172	1522	21228	696	0	0	2388	1708	2206	900	578	1440	3672	4798	1538	
24456	Cerebelum_10_L	0	0	0	0	0	0	0	0	0	0	0	0	0	0	0	0	0	0	0	0	0	0	0	0	0	0	0	0	0	0	0	0	0	0	0	0	0	0	0	0	0	0	0	0	0	0	0	0	0	0	0	0	0	0	0	0	0	0	0	0	0	0	0	0	0	0	0	0	0	0	0	0	0	0	0	0	0	0	0	0	0	0	0	0	0	0	0	0	0	0	252	0	428	0	0	0	378	0	520	0	1112	0	3862	0	5304	0	0	0	0	0	0	0	180	192	0	0	
22144	Cerebelum_10_R	0	0	0	0	0	0	0	0	0	0	0	0	0	0	0	0	0	0	0	0	0	0	0	0	0	0	0	0	0	0	0	0	0	0	0	0	0	0	0	0	0	0	0	0	0	0	0	0	0	0	0	0	0	0	0	0	0	0	0	0	0	0	0	0	0	0	0	0	0	0	0	0	0	0	0	0	0	0	0	0	0	0	0	0	0	0	0	0	0	0	0	1364	0	1422	0	0	0	0	0	954	0	570	0	4374	0	2388	0	0	0	0	0	0	0	0	0	0	
30088	Vermis_1_2	0	0	0	0	0	0	0	0	0	0	0	0	0	0	0	0	0	0	0	0	0	0	0	0	0	0	0	0	0	0	0	0	0	0	0	0	0	0	0	0	0	0	0	0	0	0	0	0	0	0	0	0	0	0	0	0	0	0	0	0	0	0	0	0	0	0	0	0	0	0	0	0	0	0	0	0	0	0	0	0	0	0	0	0	0	0	0	0	0	0	0	0	0	0	1092	1768	746	112	0	0	0	0	306	602	106	1708	0	0	0	5202	1186	0	180	738	806	492	
54916	Vermis_3	0	0	0	0	0	0	0	0	0	0	0	0	0	0	0	0	0	0	0	0	0	0	0	0	0	0	0	0	0	0	0	0	0	0	0	0	0	0	0	0	0	0	0	0	0	0	0	146	0	0	0	0	0	0	0	0	0	0	0	0	0	0	0	0	0	0	0	0	0	0	0	0	0	0	0	0	0	0	0	0	0	0	0	0	0	0	0	0	0	0	192	0	0	234	3580	3834	2490	538	172	0	180	0	808	1278	420	2206	0	0	5202	0	2522	166	580	1182	1338	390	
283600	Vermis_4_5	0	0	0	0	0	0	0	0	0	0	0	0	0	0	0	0	0	0	0	0	0	0	0	0	0	0	0	0	0	0	0	0	0	0	0	210	0	164	0	0	0	0	172	0	0	0	5490	10702	0	0	0	0	612	480	2694	5448	0	0	0	0	0	0	0	0	0	0	0	294	0	0	0	0	0	0	0	0	0	0	0	0	0	0	0	0	0	0	0	0	0	0	7006	10070	626	3448	1826	1418	16382	15154	13374	13240	1026	404	2338	3940	892	900	0	0	1186	2522	0	7980	3502	2950	3638	1712	
271676	Vermis_6	0	0	0	0	0	0	0	0	0	0	0	0	0	0	0	0	0	0	0	0	0	0	0	0	0	0	0	0	0	0	0	0	0	0	0	0	0	0	0	0	0	0	0	220	0	0	5238	15000	0	0	124	106	292	3680	3874	7734	0	0	0	0	0	0	0	0	0	0	0	0	0	0	0	0	0	0	0	0	0	0	0	0	0	0	0	0	0	0	0	0	0	0	11844	11680	1496	2454	156	1060	3196	3536	14818	15292	1660	296	2374	2688	586	578	0	0	0	166	7980	0	9884	2786	2934	2106	
295908	Vermis_7	0	0	0	0	0	0	0	0	0	0	0	0	0	0	0	0	0	0	0	0	0	0	0	0	0	0	0	0	0	0	0	0	0	0	0	0	0	0	0	0	0	0	0	0	0	0	804	3812	0	0	0	0	0	0	818	352	0	0	0	0	0	0	0	0	0	0	0	0	0	0	0	0	0	0	0	0	0	0	0	0	0	0	0	0	0	0	0	0	0	0	15256	8488	13280	12610	432	1834	2790	2984	7090	8240	11422	4974	12564	9940	1796	1440	180	0	180	580	3502	9884	0	7904	3716	1082	
158356	Vermis_8	0	0	0	0	0	0	0	0	0	0	0	0	0	0	0	0	0	0	0	0	0	0	0	0	0	0	0	0	0	0	0	0	0	0	0	0	0	0	0	0	0	0	0	0	0	0	270	1520	0	0	0	0	0	0	442	140	0	0	0	0	0	0	0	0	0	0	0	0	0	0	0	0	0	0	0	0	0	0	0	0	0	0	0	0	0	0	0	0	0	0	1788	1020	2280	4530	600	1914	2804	1504	2512	792	4218	2570	9676	8602	3070	3672	192	0	738	1182	2950	2786	7904	0	6984	2518	
106956	Vermis_9	0	0	0	0	0	0	0	0	0	0	0	0	0	0	0	0	0	0	0	0	0	0	0	0	0	0	0	0	0	0	0	0	0	0	0	0	0	0	0	0	0	0	0	0	0	0	362	1682	0	0	0	0	0	0	140	168	0	0	0	0	0	0	0	0	0	0	0	0	0	0	0	0	0	0	0	0	0	0	0	0	0	0	0	0	0	0	0	0	0	0	1184	600	462	2180	110	2696	2090	2260	1330	982	920	0	2620	5656	884	4798	0	0	806	1338	3638	2934	3716	6984	0	2938	
36044	Vermis_10	0	0	0	0	0	0	0	0	0	0	0	0	0	0	0	0	0	0	0	0	0	0	0	0	0	0	0	0	0	0	0	0	0	0	0	0	0	0	0	0	0	0	0	0	0	0	0	296	0	0	0	0	0	0	0	0	0	0	0	0	0	0	0	0	0	0	0	0	0	0	0	0	0	0	0	0	0	0	0	0	0	0	0	0	0	0	0	0	0	0	112	420	0	210	0	256	514	262	344	794	178	0	712	748	400	1538	0	0	492	390	1712	2106	1082	2518	2938	0	
