data	data	522720	281680	900524	667280	77508	123632	499268	204364	55004	26484	244096	243908	213756	152208	134152	103568	218408	128716	695664	630096	35912	40040	251768	315424	12264	84264	28108	59220	571176	343684	151976	435692	142780	368972	116948	180052	290924	441636	95180	241856	44968	68568	251508	385080	176648	285780	308816	398272	179800	334196	465404	236840	174140	164452	424180	558804	225820	242692	121512	152744	195000	138240	128624	132056	192604	117684	243208	349872	122092	173564	167148	328080	246624	365016	54960	33024	183828	196888	67688	25296	198276	115144	105972	58636	304048	297964	13532	18848	332568	170152	637616	421136	343148	355076	42344	43484	334392	229200	543720	380168	272180	122728	347564	308512	164716	195776	39260	19424	32612	75124	325500	340164	323408	236064	168604	93812	
data	data	Precentral_L	Precentral_R	Frontal_Sup_L	Frontal_Sup_R	Frontal_Sup_Orb_L	Frontal_Sup_Orb_R	Frontal_Mid_L	Frontal_Mid_R	Frontal_Mid_Orb_L	Frontal_Mid_Orb_R	Frontal_Inf_Oper_L	Frontal_Inf_Oper_R	Frontal_Inf_Tri_L	Frontal_Inf_Tri_R	Frontal_Inf_Orb_L	Frontal_Inf_Orb_R	Rolandic_Oper_L	Rolandic_Oper_R	Supp_Motor_Area_L	Supp_Motor_Area_R	Olfactory_L	Olfactory_R	Frontal_Sup_Medial_L	Frontal_Sup_Medial_R	Frontal_Med_Orb_L	Frontal_Med_Orb_R	Rectus_L	Rectus_R	Insula_L	Insula_R	Cingulum_Ant_L	Cingulum_Ant_R	Cingulum_Mid_L	Cingulum_Mid_R	Cingulum_Post_L	Cingulum_Post_R	Hippocampus_L	Hippocampus_R	ParaHippocampal_L	ParaHippocampal_R	Amygdala_L	Amygdala_R	Calcarine_L	Calcarine_R	Cuneus_L	Cuneus_R	Lingual_L	Lingual_R	Occipital_Sup_L	Occipital_Sup_R	Occipital_Mid_L	Occipital_Mid_R	Occipital_Inf_L	Occipital_Inf_R	Fusiform_L	Fusiform_R	Postcentral_L	Postcentral_R	Parietal_Sup_L	Parietal_Sup_R	Parietal_Inf_L	Parietal_Inf_R	SupraMarginal_L	SupraMarginal_R	Angular_L	Angular_R	Precuneus_L	Precuneus_R	Paracentral_Lobule_L	Paracentral_Lobule_R	Caudate_L	Caudate_R	Putamen_L	Putamen_R	Pallidum_L	Pallidum_R	Thalamus_L	Thalamus_R	Heschl_L	Heschl_R	Temporal_Sup_L	Temporal_Sup_R	Temporal_Pole_Sup_L	Temporal_Pole_Sup_R	Temporal_Mid_L	Temporal_Mid_R	Temporal_Pole_Mid_L	Temporal_Pole_Mid_R	Temporal_Inf_L	Temporal_Inf_R	Cerebelum_Crus1_L	Cerebelum_Crus1_R	Cerebelum_Crus2_L	Cerebelum_Crus2_R	Cerebelum_3_L	Cerebelum_3_R	Cerebelum_4_5_L	Cerebelum_4_5_R	Cerebelum_6_L	Cerebelum_6_R	Cerebelum_7b_L	Cerebelum_7b_R	Cerebelum_8_L	Cerebelum_8_R	Cerebelum_9_L	Cerebelum_9_R	Cerebelum_10_L	Cerebelum_10_R	Vermis_1_2	Vermis_3	Vermis_4_5	Vermis_6	Vermis_7	Vermis_8	Vermis_9	Vermis_10	
522720	Precentral_L	0	4848	24348	3008	0	0	33614	234	0	0	18210	0	4806	0	0	0	6940	0	12708	17484	0	0	0	0	0	0	0	0	11290	220	0	158	1924	3360	1036	506	12068	2212	800	632	0	0	0	0	0	0	398	0	0	0	4710	0	436	136	1658	564	20678	724	1506	198	6562	0	3266	0	2566	0	494	320	9114	6466	2322	1468	7210	0	1906	562	17920	3390	1840	0	1800	0	182	0	690	0	0	0	1868	0	0	0	0	0	0	0	0	0	0	0	0	0	0	0	0	0	0	0	0	0	0	0	0	0	0	0	
281680	Precentral_R	4848	0	3378	16656	0	0	194	9876	0	0	0	16748	0	602	0	0	0	2004	5670	11464	0	0	0	0	0	0	0	0	214	4664	0	154	380	190	246	220	0	10284	0	2606	0	118	0	0	0	0	0	0	0	280	0	0	0	1008	0	2766	172	19408	0	722	0	1860	0	1770	0	1264	0	272	834	5722	150	1952	0	5380	0	204	0	5336	0	266	0	0	0	0	0	428	0	0	0	530	0	0	0	0	0	0	0	0	0	0	0	0	0	0	0	0	0	0	0	0	0	0	0	0	0	0	
900524	Frontal_Sup_L	24348	3378	0	4472	3318	0	64488	2130	1522	0	11046	1622	11452	0	8174	0	6102	1650	104372	15228	0	0	31690	2634	192	0	0	0	32552	826	7714	8154	3246	6394	0	114	6920	748	610	0	136	0	0	0	0	0	258	0	0	0	1908	0	122	0	1506	0	4034	2216	816	0	1530	122	380	0	336	0	156	110	216	200	10034	3414	22556	1204	7220	220	16768	440	1236	0	2086	0	2958	0	1208	0	0	0	1776	0	0	0	0	0	0	0	0	0	0	0	0	0	0	0	0	0	0	0	0	0	0	0	0	0	0	0	
667280	Frontal_Sup_R	3008	16656	4472	0	0	7966	322	21666	0	1210	0	6988	410	9274	190	5456	0	4842	7762	47598	0	0	8272	34096	0	3400	0	1674	3824	12870	884	28310	364	17448	0	0	134	12544	0	886	0	174	0	0	0	0	0	0	0	0	0	0	0	0	0	504	172	3830	0	224	0	336	0	182	0	198	0	136	0	112	2044	24422	106	13726	0	2794	380	21638	0	136	0	0	0	0	0	0	0	0	0	0	0	0	0	0	0	0	0	0	0	0	0	0	0	0	0	0	0	0	0	0	0	0	0	0	0	0	
77508	Frontal_Sup_Orb_L	0	0	3318	0	0	0	600	0	7960	0	0	0	1856	0	8010	0	0	0	242	0	210	0	716	0	1466	0	1350	0	6088	0	1392	0	0	0	0	0	0	0	0	0	0	0	0	0	0	0	0	0	0	0	0	0	0	0	0	0	0	0	0	0	0	0	0	0	0	0	0	0	0	0	0	0	5546	0	0	0	0	0	0	0	0	0	0	0	0	0	0	0	0	0	0	0	0	0	0	0	0	0	0	0	0	0	0	0	0	0	0	0	0	0	0	0	0	0	0	0	
123632	Frontal_Sup_Orb_R	0	0	0	7966	0	0	0	3278	0	4314	0	0	0	1010	0	6798	0	0	0	1974	0	760	1506	7016	154	7900	0	7564	0	1898	0	2956	0	0	0	0	0	0	0	0	0	0	0	0	0	0	0	0	0	0	0	0	0	0	0	0	0	0	0	0	0	0	0	0	0	0	0	0	0	0	0	1956	0	4766	0	0	0	0	0	0	0	0	0	0	0	0	0	0	0	0	0	0	0	0	0	0	0	0	0	0	0	0	0	0	0	0	0	0	0	0	0	0	0	0	0	0	
499268	Frontal_Mid_L	33614	194	64488	322	600	0	0	130	2364	0	14720	0	16334	0	7828	0	3728	0	19428	206	112	0	10592	316	0	0	0	0	18900	0	1986	524	1210	458	0	0	8194	248	528	0	0	0	0	0	0	0	238	0	0	0	2854	0	172	0	1782	0	3720	0	1270	0	4452	0	622	0	1594	0	208	0	0	0	638	234	6998	0	2284	0	7434	194	2354	0	1326	0	656	0	1398	0	0	0	2182	0	0	0	0	0	0	0	0	0	0	0	0	0	0	0	0	0	0	0	0	0	0	0	0	0	0	0	
204364	Frontal_Mid_R	234	9876	2130	21666	0	3278	130	0	0	1082	0	8794	0	16556	114	5076	0	2294	2372	4758	0	0	126	1050	0	0	0	0	816	9368	0	1222	0	794	0	0	0	1852	0	140	0	0	0	0	0	0	0	0	0	0	0	0	0	0	0	106	0	4080	0	128	0	448	0	582	0	248	0	0	0	0	310	240	0	2052	0	0	0	260	0	0	0	0	0	0	0	0	0	0	0	0	0	0	0	0	0	0	0	0	0	0	0	0	0	0	0	0	0	0	0	0	0	0	0	0	0	0	
55004	Frontal_Mid_Orb_L	0	0	1522	0	7960	0	2364	0	0	0	0	0	3048	0	8784	0	0	0	0	0	0	0	0	0	266	0	618	0	1672	0	124	0	0	0	0	0	0	0	0	0	0	0	0	0	0	0	0	0	0	0	0	0	0	0	0	0	0	0	0	0	0	0	0	0	0	0	0	0	0	0	0	0	1144	0	0	0	0	0	0	0	0	0	0	0	0	0	0	0	0	0	0	0	0	0	0	0	0	0	0	0	0	0	0	0	0	0	0	0	0	0	0	0	0	0	0	0	
26484	Frontal_Mid_Orb_R	0	0	0	1210	0	4314	0	1082	0	0	0	0	0	570	0	3316	0	0	0	152	0	0	0	312	0	320	0	650	0	298	0	220	0	0	0	0	0	0	0	0	0	0	0	0	0	0	0	0	0	0	0	0	0	0	0	0	0	0	0	0	0	0	0	0	0	0	0	0	0	0	0	138	0	660	0	0	0	0	0	0	0	0	0	0	0	0	0	0	0	0	0	0	0	0	0	0	0	0	0	0	0	0	0	0	0	0	0	0	0	0	0	0	0	0	0	0	
244096	Frontal_Inf_Oper_L	18210	0	11046	0	0	0	14720	0	0	0	0	0	12200	0	628	0	12210	0	5914	0	160	0	422	0	0	0	0	0	19384	0	1972	242	688	0	0	0	2734	0	0	0	0	0	0	0	0	0	0	0	0	0	1492	0	120	0	660	0	1266	0	168	0	122	0	188	0	110	0	0	0	0	0	1220	412	1386	0	0	0	354	0	1586	0	4522	0	6680	0	526	0	0	0	706	0	0	0	0	0	0	0	0	0	0	0	0	0	0	0	0	0	0	0	0	0	0	0	0	0	0	0	
243908	Frontal_Inf_Oper_R	0	16748	1622	6988	0	0	0	8794	0	0	0	0	0	5252	0	142	0	5842	1980	6704	0	0	160	874	0	0	0	0	608	22750	0	2846	0	2748	0	126	0	6998	0	3150	0	206	0	0	0	118	0	0	0	272	0	0	0	176	0	2162	0	4696	0	534	0	1382	0	0	0	1008	0	134	0	272	458	690	0	14006	0	248	0	662	0	252	0	0	0	0	0	166	0	0	0	180	0	0	0	0	0	0	0	0	0	0	0	0	0	0	0	0	0	0	0	0	0	0	0	0	0	0	
213756	Frontal_Inf_Tri_L	4806	0	11452	410	1856	0	16334	0	3048	0	12200	0	0	0	10950	0	3760	0	2338	0	342	0	1872	630	0	0	0	0	23762	0	2998	1048	218	148	0	0	1846	0	0	0	0	0	0	0	0	0	0	0	0	0	0	0	0	0	160	0	166	0	0	0	0	0	0	0	0	0	0	0	0	0	1430	600	1104	0	0	0	282	0	374	0	820	0	1764	0	0	0	0	0	160	0	0	0	0	0	0	0	0	0	0	0	0	0	0	0	0	0	0	0	0	0	0	0	0	0	0	0	
152208	Frontal_Inf_Tri_R	0	602	0	9274	0	1010	0	16556	0	570	0	5252	0	0	0	11576	0	688	378	1204	0	0	146	4582	0	0	0	0	0	15660	0	4102	0	1340	0	0	0	188	0	112	0	0	0	0	0	0	0	0	0	0	0	0	0	0	0	0	0	256	0	0	0	0	0	0	0	0	0	0	0	0	0	0	0	2608	0	0	0	0	0	0	0	0	0	0	0	0	0	0	0	0	0	0	0	0	0	0	0	0	0	0	0	0	0	0	0	0	0	0	0	0	0	0	0	0	0	0	
134152	Frontal_Inf_Orb_L	0	0	8174	190	8010	0	7828	114	8784	0	628	0	10950	0	0	0	0	0	1748	142	182	0	594	106	0	0	0	0	10470	0	574	202	110	124	0	0	0	0	0	0	0	0	0	0	0	0	0	0	0	0	0	0	0	0	0	0	0	0	0	0	0	0	0	0	0	0	0	0	0	0	554	220	5718	0	0	0	172	0	0	0	0	0	1482	0	0	0	0	0	0	0	0	0	0	0	0	0	0	0	0	0	0	0	0	0	0	0	0	0	0	0	0	0	0	0	0	0	
103568	Frontal_Inf_Orb_R	0	0	0	5456	0	6798	0	5076	0	3316	0	142	0	11576	0	0	0	0	334	908	0	1102	0	2276	0	0	0	1298	0	7540	0	504	0	884	0	0	0	0	0	0	0	0	0	0	0	0	0	0	0	0	0	0	0	0	0	0	0	0	0	0	0	0	0	0	0	0	0	0	0	0	0	166	0	2114	0	0	0	0	0	0	0	654	0	976	0	664	0	0	0	0	0	0	0	0	0	0	0	0	0	0	0	0	0	0	0	0	0	0	0	0	0	0	0	0	0	0	
218408	Rolandic_Oper_L	6940	0	6102	0	0	0	3728	0	0	0	12210	0	3760	0	0	0	0	0	5102	0	160	0	0	0	0	0	0	0	21250	0	524	204	204	0	0	0	2616	0	0	0	0	0	0	0	0	0	0	0	0	0	1014	0	724	0	1742	0	5310	0	0	0	432	0	2786	0	294	0	124	0	0	0	1272	348	502	0	0	0	304	0	3164	0	12558	0	5040	0	5352	0	0	0	5438	0	0	0	0	0	0	0	0	0	0	0	0	0	0	0	0	0	0	0	0	0	0	0	0	0	0	0	
128716	Rolandic_Oper_R	0	2004	1650	4842	0	0	0	2294	0	0	0	5842	0	688	0	0	0	0	1670	4088	0	0	0	0	0	0	0	0	0	9614	0	0	0	238	0	0	0	3136	0	874	0	0	0	0	0	0	0	0	0	0	0	0	0	352	0	1126	0	6014	0	184	0	190	0	3048	0	166	0	0	0	108	0	1430	0	4856	0	474	0	1100	0	3038	0	3724	0	0	0	474	0	0	0	1134	0	0	0	0	0	0	0	0	0	0	0	0	0	0	0	0	0	0	0	0	0	0	0	0	0	0	
695664	Supp_Motor_Area_L	12708	5670	104372	7762	242	0	19428	2372	0	0	5914	1980	2338	378	1748	334	5102	1670	0	33620	0	0	9450	1770	0	0	0	0	15442	1350	6374	8264	8858	18190	670	368	2566	870	0	0	120	0	0	0	0	0	0	0	0	0	1488	0	0	0	900	0	3284	2258	574	0	490	140	222	0	106	0	134	232	1398	1180	9430	4184	17362	1310	6016	344	9638	342	752	0	1430	0	2230	0	1068	0	0	0	1390	0	0	0	0	0	0	0	0	0	0	0	0	0	0	0	0	0	0	0	0	0	0	0	0	0	0	0	
630096	Supp_Motor_Area_R	17484	11464	15228	47598	0	1974	206	4758	0	152	0	6704	0	1204	142	908	0	4088	33620	0	0	0	734	8936	0	1678	0	1026	1300	9188	2478	20190	4492	36684	852	2534	270	4398	114	1038	0	0	0	0	0	0	0	0	0	176	0	116	0	602	0	1236	274	2120	0	220	0	280	0	0	0	190	0	2566	6610	16000	208	21714	0	10844	0	2840	0	6722	0	124	0	0	0	0	0	492	0	0	0	272	0	0	0	0	0	0	0	0	0	0	0	0	0	0	0	0	0	0	0	0	0	0	0	0	0	0	
35912	Olfactory_L	0	0	0	0	210	0	112	0	0	0	160	0	342	0	182	0	160	0	0	0	0	3048	0	0	0	0	2354	0	964	0	2060	1534	0	0	0	0	0	0	124	0	246	0	0	0	0	0	0	0	0	0	0	0	0	0	0	0	0	0	0	0	0	0	0	0	0	0	0	0	0	0	3720	2574	0	0	0	0	0	0	0	0	0	0	166	0	0	0	0	0	0	0	0	0	0	0	0	0	0	0	0	0	0	0	0	0	0	0	0	0	0	0	0	0	0	0	0	0	
40040	Olfactory_R	0	0	0	0	0	760	0	0	0	0	0	0	0	0	0	1102	0	0	0	0	3048	0	0	0	0	460	2180	1742	0	1448	1612	1732	0	0	0	0	0	0	0	0	0	0	0	0	0	0	0	0	0	0	0	0	0	0	0	0	0	0	0	0	0	0	0	0	0	0	0	0	0	0	2998	2614	0	324	0	0	0	0	0	0	0	0	0	0	0	0	0	0	0	0	0	0	0	0	0	0	0	0	0	0	0	0	0	0	0	0	0	0	0	0	0	0	0	0	0	0	
251768	Frontal_Sup_Medial_L	0	0	31690	8272	716	1506	10592	126	0	0	422	160	1872	146	594	0	0	0	9450	734	0	0	0	15900	804	2572	0	138	4748	332	6564	11972	2586	9040	0	0	0	0	0	0	0	0	0	0	0	0	0	0	0	0	0	0	0	0	0	0	0	0	0	0	0	0	0	0	0	0	0	0	0	0	1928	680	1804	0	0	0	332	0	0	0	0	0	204	0	0	0	0	0	0	0	0	0	0	0	0	0	0	0	0	0	0	0	0	0	0	0	0	0	0	0	0	0	0	0	0	0	
315424	Frontal_Sup_Medial_R	0	0	2634	34096	0	7016	316	1050	0	312	0	874	630	4582	106	2276	0	0	1770	8936	0	0	15900	0	364	8664	0	3026	3010	3424	1622	31218	240	15066	0	0	0	0	0	0	0	0	0	0	0	0	0	0	0	0	0	0	0	0	0	0	0	0	0	0	0	0	0	0	0	0	0	0	0	0	2340	4292	0	3948	0	0	0	0	0	0	0	0	0	0	0	0	0	0	0	0	0	0	0	0	0	0	0	0	0	0	0	0	0	0	0	0	0	0	0	0	0	0	0	0	0	0	
12264	Frontal_Med_Orb_L	0	0	192	0	1466	154	0	0	266	0	0	0	0	0	0	0	0	0	0	0	0	0	804	364	0	522	690	0	0	0	1388	168	0	0	0	0	0	0	0	0	0	0	0	0	0	0	0	0	0	0	0	0	0	0	0	0	0	0	0	0	0	0	0	0	0	0	0	0	0	0	0	0	118	0	0	0	0	0	0	0	0	0	0	0	0	0	0	0	0	0	0	0	0	0	0	0	0	0	0	0	0	0	0	0	0	0	0	0	0	0	0	0	0	0	0	0	
84264	Frontal_Med_Orb_R	0	0	0	3400	0	7900	0	0	0	320	0	0	0	0	0	0	0	0	0	1678	0	460	2572	8664	522	0	0	5726	0	116	0	4308	0	0	0	0	0	0	0	0	0	0	0	0	0	0	0	0	0	0	0	0	0	0	0	0	0	0	0	0	0	0	0	0	0	0	0	0	0	0	0	3718	0	2748	0	0	0	0	0	0	0	0	0	0	0	0	0	0	0	0	0	0	0	0	0	0	0	0	0	0	0	0	0	0	0	0	0	0	0	0	0	0	0	0	0	0	
28108	Rectus_L	0	0	0	0	1350	0	0	0	618	0	0	0	0	0	0	0	0	0	0	0	2354	2180	0	0	690	0	0	116	0	0	2140	1026	0	0	0	0	0	0	0	0	0	0	0	0	0	0	0	0	0	0	0	0	0	0	0	0	0	0	0	0	0	0	0	0	0	0	0	0	0	0	1820	1760	0	0	0	0	0	0	0	0	0	0	0	0	0	0	0	0	0	0	0	0	0	0	0	0	0	0	0	0	0	0	0	0	0	0	0	0	0	0	0	0	0	0	0	0	
59220	Rectus_R	0	0	0	1674	0	7564	0	0	0	650	0	0	0	0	0	1298	0	0	0	1026	0	1742	138	3026	0	5726	116	0	0	1052	142	2466	0	0	0	0	0	0	0	0	0	0	0	0	0	0	0	0	0	0	0	0	0	0	0	0	0	0	0	0	0	0	0	0	0	0	0	0	0	0	0	1494	0	1496	0	0	0	0	0	0	0	0	0	0	0	0	0	0	0	0	0	0	0	0	0	0	0	0	0	0	0	0	0	0	0	0	0	0	0	0	0	0	0	0	0	0	
571176	Insula_L	11290	214	32552	3824	6088	0	18900	816	1672	0	19384	608	23762	0	10470	0	21250	0	15442	1300	964	0	4748	3010	0	0	0	0	0	618	3448	4886	294	864	0	0	19078	314	1116	112	3448	0	0	0	0	0	172	0	0	0	758	0	782	0	6264	0	3810	0	0	0	246	0	724	0	294	0	146	0	0	0	5142	2726	14888	122	0	0	2052	236	6384	0	9396	0	7022	0	5454	0	0	0	8498	0	0	0	0	0	0	0	0	0	0	0	0	0	0	0	0	0	0	0	0	0	0	0	0	0	0	0	
343684	Insula_R	220	4664	826	12870	0	1898	0	9368	0	298	0	22750	0	15660	0	7540	0	9614	1350	9188	0	1448	332	3424	0	116	0	1052	618	0	150	5330	0	3528	0	0	0	12164	0	2806	0	4812	0	0	0	0	0	0	0	0	0	0	0	294	0	4752	0	1220	0	0	0	0	0	126	0	0	0	0	236	0	208	606	0	22926	0	202	0	1482	0	1270	0	2838	0	1734	0	990	0	0	0	932	0	0	0	0	0	0	0	0	0	0	0	0	0	0	0	0	0	0	0	0	0	0	0	0	0	0	
151976	Cingulum_Ant_L	0	0	7714	884	1392	0	1986	0	124	0	1972	0	2998	0	574	0	524	0	6374	2478	2060	1612	6564	1622	1388	0	2140	142	3448	150	0	9146	4312	5324	780	0	0	0	0	0	0	0	0	0	0	0	0	0	0	0	0	0	0	0	0	0	0	0	0	0	0	0	0	0	0	0	0	0	0	0	3060	2846	3376	236	0	0	0	0	0	0	0	0	762	0	0	0	0	0	0	0	0	0	0	0	0	0	0	0	0	0	0	0	0	0	0	0	0	0	0	0	0	0	0	0	0	0	
435692	Cingulum_Ant_R	158	154	8154	28310	0	2956	524	1222	0	220	242	2846	1048	4102	202	504	204	0	8264	20190	1534	1732	11972	31218	168	4308	1026	2466	4886	5330	9146	0	2460	22984	0	0	0	232	0	0	0	0	0	0	0	0	0	0	0	0	0	0	0	0	0	0	0	0	0	0	0	0	0	0	0	0	0	0	0	0	4738	21974	248	10678	0	128	0	1130	0	0	0	0	188	0	0	0	0	0	0	0	0	0	0	0	0	0	0	0	0	0	0	0	0	0	0	0	0	0	0	0	0	0	0	0	0	0	
142780	Cingulum_Mid_L	1924	380	3246	364	0	0	1210	0	0	0	688	0	218	0	110	0	204	0	8858	4492	0	0	2586	240	0	0	0	0	294	0	4312	2460	0	6926	4074	466	0	0	0	0	0	0	2172	0	1432	0	0	0	2124	0	8286	0	580	0	0	0	756	0	352	0	1290	0	718	0	1562	0	4200	878	1516	610	0	0	0	0	0	0	0	0	122	0	276	0	0	0	854	0	0	0	610	0	0	0	0	0	0	0	0	0	0	0	0	0	0	0	0	0	0	0	0	0	0	0	0	0	0	0	
368972	Cingulum_Mid_R	3360	190	6394	17448	0	0	458	794	0	0	0	2748	148	1340	124	884	0	238	18190	36684	0	0	9040	15066	0	0	0	0	864	3528	5324	22984	6926	0	1750	5984	0	0	0	0	0	0	0	466	0	500	0	0	0	322	0	214	0	0	0	0	548	1070	0	0	0	0	0	0	0	0	242	5778	5362	9204	0	112	0	0	0	0	0	0	0	0	0	0	0	0	0	202	0	0	0	0	0	0	0	0	0	0	0	0	0	0	0	0	0	0	0	0	0	0	0	0	0	0	0	0	0	0	
116948	Cingulum_Post_L	1036	246	0	0	0	0	0	0	0	0	0	0	0	0	0	0	0	0	670	852	0	0	0	0	0	0	0	0	0	0	780	0	4074	1750	0	9238	1892	3768	872	692	0	0	918	112	3644	0	420	0	330	0	424	0	282	546	1000	1154	5242	554	0	0	0	0	0	184	0	0	7738	1120	5670	1624	0	0	0	0	0	0	144	0	0	0	0	0	0	0	220	354	0	0	636	288	0	0	0	0	0	0	0	0	0	0	0	0	0	0	0	0	0	0	0	0	0	0	0	0	0	0	
180052	Cingulum_Post_R	506	220	114	0	0	0	0	0	0	0	0	126	0	0	0	0	0	0	368	2534	0	0	0	0	0	0	0	0	0	0	0	0	466	5984	9238	0	2078	6374	554	1592	0	0	0	8066	142	3014	0	1992	0	3908	0	1062	0	4022	212	4012	668	1114	0	896	0	186	0	236	0	134	890	16656	1398	3064	0	0	0	0	0	0	1214	460	0	0	0	302	0	0	0	3732	0	0	0	1984	0	0	0	0	0	0	0	132	0	0	0	0	0	0	0	0	0	0	0	0	376	0	0	0	0	0	
290924	Hippocampus_L	12068	0	6920	134	0	0	8194	0	0	0	2734	0	1846	0	0	0	2616	0	2566	270	0	0	0	0	0	0	0	0	19078	0	0	0	0	0	1892	2078	0	2214	14024	936	8022	0	116	0	0	0	3174	570	0	0	0	0	0	0	14984	420	1552	0	0	0	0	0	0	0	0	0	1944	574	0	0	0	0	6872	0	246	0	8420	1340	2708	0	2812	0	2060	0	1334	0	0	0	8904	0	256	0	0	0	112	0	764	0	440	0	0	0	0	0	0	0	0	0	0	152	116	0	0	0	0	0	
441636	Hippocampus_R	2212	10284	748	12544	0	0	248	1852	0	0	0	6998	0	188	0	0	0	3136	870	4398	0	0	0	0	0	0	0	0	314	12164	0	232	0	0	3768	6374	2214	0	650	34546	0	10780	0	184	0	0	0	3184	0	110	0	0	0	446	236	33374	374	1988	0	242	0	316	0	448	0	204	130	2242	1688	1192	0	6598	220	21578	0	1088	2366	15696	0	900	0	2474	0	2014	0	2240	0	118	118	3536	0	0	0	0	0	0	0	704	0	0	0	0	0	0	0	0	0	0	0	0	290	0	0	0	0	0	
95180	ParaHippocampal_L	800	0	610	0	0	0	528	0	0	0	0	0	0	0	0	0	0	0	0	114	124	0	0	0	0	0	0	0	1116	0	0	0	0	0	872	554	14024	650	0	270	2486	0	266	0	0	0	4978	384	0	0	178	0	0	0	6884	140	0	0	0	0	0	0	0	0	0	0	2152	356	0	0	0	0	968	0	0	0	2664	434	0	0	0	0	732	0	0	0	0	0	416	0	646	0	0	0	572	0	2178	0	1172	0	0	0	0	0	0	0	0	0	116	206	0	0	0	0	0	0	
241856	ParaHippocampal_R	632	2606	0	886	0	0	0	140	0	0	0	3150	0	112	0	0	0	874	0	1038	0	0	0	0	0	0	0	0	112	2806	0	0	0	0	692	1592	936	34546	270	0	0	4772	0	454	0	0	0	7062	0	136	0	0	0	728	0	28100	0	594	0	146	0	190	0	0	0	118	0	2566	494	216	0	0	0	10830	0	812	1030	4630	0	244	0	480	0	2304	0	436	0	1134	0	1132	0	270	0	0	0	0	0	1108	0	286	0	0	0	0	0	0	0	0	0	0	264	0	0	0	0	0	
44968	Amygdala_L	0	0	136	0	0	0	0	0	0	0	0	0	0	0	0	0	0	0	120	0	246	0	0	0	0	0	0	0	3448	0	0	0	0	0	0	0	8022	0	2486	0	0	0	0	0	0	0	0	0	0	0	0	0	0	0	3446	0	0	0	0	0	0	0	0	0	0	0	0	0	0	0	0	0	600	0	0	0	0	0	0	0	0	0	1550	0	208	0	0	0	2222	0	0	0	0	0	0	0	0	0	0	0	0	0	0	0	0	0	0	0	0	0	0	0	0	0	0	0	
68568	Amygdala_R	0	118	0	174	0	0	0	0	0	0	0	206	0	0	0	0	0	0	0	0	0	0	0	0	0	0	0	0	0	4812	0	0	0	0	0	0	0	10780	0	4772	0	0	0	0	0	0	0	0	0	0	0	0	0	0	0	4936	0	0	0	0	0	0	0	0	0	0	0	0	0	0	0	118	0	5000	0	0	0	252	0	0	0	212	0	2326	0	0	0	228	0	350	0	0	0	0	0	0	0	0	0	0	0	0	0	0	0	0	0	0	0	0	0	0	0	0	0	0	
251508	Calcarine_L	0	0	0	0	0	0	0	0	0	0	0	0	0	0	0	0	0	0	0	0	0	0	0	0	0	0	0	0	0	0	0	0	2172	0	918	0	116	0	266	0	0	0	0	7632	20280	6598	14316	3298	14914	2606	19298	0	2976	0	1560	384	486	0	0	200	118	0	0	0	356	0	17786	408	936	0	0	0	0	0	0	0	0	0	0	0	0	0	0	0	2666	0	0	0	3178	0	244	0	0	0	0	0	912	0	566	0	0	0	0	0	0	0	0	0	0	0	564	0	0	0	0	0	
385080	Calcarine_R	0	0	0	0	0	0	0	0	0	0	0	0	0	0	0	0	0	0	0	0	0	0	0	0	0	0	0	0	0	0	0	0	0	466	112	8066	0	184	0	454	0	0	7632	0	1824	31074	1676	25424	0	28036	0	16166	0	10116	0	14284	0	216	0	1542	0	0	0	0	0	176	610	30554	0	768	0	0	0	0	0	0	0	0	0	0	0	0	0	0	0	10990	0	0	0	2170	0	0	0	0	0	0	0	0	0	0	0	0	0	0	0	0	0	0	0	0	0	0	0	0	0	0	
176648	Cuneus_L	0	0	0	0	0	0	0	0	0	0	0	0	0	0	0	0	0	0	0	0	0	0	0	0	0	0	0	0	0	0	0	0	1432	0	3644	142	0	0	0	0	0	0	20280	1824	0	4714	2652	306	19184	996	9500	0	976	0	218	0	1660	0	606	0	258	0	0	0	658	0	12798	872	2436	0	0	0	0	0	0	0	0	0	0	0	0	0	0	0	2176	0	0	0	992	0	0	0	0	0	0	0	0	0	0	0	0	0	0	0	0	0	0	0	0	0	0	0	0	0	0	0	
285780	Cuneus_R	0	0	0	0	0	0	0	0	0	0	0	118	0	0	0	0	0	0	0	0	0	0	0	0	0	0	0	0	0	0	0	0	0	500	0	3014	0	0	0	0	0	0	6598	31074	4714	0	1054	9208	0	37514	0	10276	0	1598	0	5248	0	292	0	4666	0	150	0	170	0	1310	942	17070	0	1500	0	0	0	0	0	0	0	0	0	0	0	144	0	0	0	5488	0	0	0	242	0	0	0	0	0	0	0	0	0	0	0	0	0	0	0	0	0	0	0	0	0	0	0	0	0	0	
308816	Lingual_L	398	0	258	0	0	0	238	0	0	0	0	0	0	0	0	0	0	0	0	0	0	0	0	0	0	0	0	0	172	0	0	0	0	0	420	0	3174	0	4978	0	0	0	14316	1676	2652	1054	0	3612	6802	244	16764	0	8446	0	20830	488	198	0	0	0	0	0	0	0	0	0	6836	0	0	0	0	0	118	0	0	0	252	0	0	0	0	0	0	0	0	0	0	0	722	0	13824	412	1364	0	498	0	14348	346	19028	682	0	0	0	0	292	0	0	0	0	0	4388	3944	520	114	0	0	
398272	Lingual_R	0	0	0	0	0	0	0	0	0	0	0	0	0	0	0	0	0	0	0	0	0	0	0	0	0	0	0	0	0	0	0	0	0	0	0	1992	570	3184	384	7062	0	0	3298	25424	306	9208	3612	0	0	9472	0	5462	0	8154	1044	28984	0	0	0	0	0	0	0	0	0	0	0	10434	0	130	0	0	0	0	0	0	334	1656	0	0	0	0	0	0	0	1984	0	0	0	1218	3988	8872	364	118	158	164	1632	11732	6344	11826	176	0	454	132	172	782	156	0	0	0	12370	12238	1850	130	732	834	
179800	Occipital_Sup_L	0	0	0	0	0	0	0	0	0	0	0	0	0	0	0	0	0	0	0	0	0	0	0	0	0	0	0	0	0	0	0	0	2124	0	330	0	0	0	0	0	0	0	14914	0	19184	0	6802	0	0	0	24634	0	954	0	300	0	144	0	8040	0	1248	0	0	0	544	0	9688	0	572	0	0	0	0	0	0	0	0	0	0	0	0	0	0	0	234	0	0	0	188	0	0	0	0	0	0	0	0	0	0	0	0	0	0	0	0	0	0	0	0	0	0	0	0	0	0	0	
334196	Occipital_Sup_R	0	280	0	0	0	0	0	0	0	0	0	272	0	0	0	0	0	0	0	176	0	0	0	0	0	0	0	0	0	0	0	0	0	322	0	3908	0	110	0	136	0	0	2606	28036	996	37514	244	9472	0	0	0	25452	0	4676	0	7278	0	1224	0	8466	0	1480	0	842	0	6896	0	13922	0	1438	0	0	0	164	0	0	0	0	0	0	0	214	0	0	0	9206	0	0	0	1768	0	0	0	0	0	0	0	0	0	0	0	0	0	0	0	0	0	0	0	0	0	0	0	0	0	0	
465404	Occipital_Mid_L	4710	0	1908	0	0	0	2854	0	0	0	1492	0	0	0	0	0	1014	0	1488	0	0	0	0	0	0	0	0	0	758	0	0	0	8286	0	424	0	0	0	178	0	0	0	19298	0	9500	0	16764	0	24634	0	0	0	26742	0	5650	0	5824	0	11250	0	17144	0	2956	0	21958	0	12494	0	638	0	0	0	0	0	0	0	0	0	250	0	1274	0	0	0	17686	0	0	0	12896	0	1990	0	0	0	0	0	0	0	642	0	0	0	0	0	0	0	0	0	0	0	0	0	0	0	0	0	
236840	Occipital_Mid_R	0	0	0	0	0	0	0	0	0	0	0	0	0	0	0	0	0	0	0	116	0	0	0	0	0	0	0	0	0	0	0	0	0	214	0	1062	0	0	0	0	0	0	0	16166	0	10276	0	5462	0	25452	0	0	0	6520	0	4552	0	272	0	3414	0	1234	0	390	0	9378	0	11514	0	962	0	0	0	0	0	0	0	0	0	0	0	268	0	0	0	18008	0	0	0	3160	0	0	0	0	0	0	0	0	0	0	0	0	0	0	0	0	0	0	0	0	0	0	0	0	0	0	
174140	Occipital_Inf_L	436	0	122	0	0	0	172	0	0	0	120	0	0	0	0	0	724	0	0	0	0	0	0	0	0	0	0	0	782	0	0	0	580	0	282	0	0	0	0	0	0	0	2976	0	976	0	8446	0	954	0	26742	0	0	0	9694	0	702	0	0	0	0	0	536	0	554	0	1784	0	156	0	0	0	0	0	0	0	0	0	432	0	706	0	0	0	9008	0	0	0	14700	0	2552	0	0	0	0	0	678	0	1690	0	0	0	0	0	0	0	0	0	0	0	566	0	0	0	0	0	
164452	Occipital_Inf_R	136	1008	0	0	0	0	0	0	0	0	0	176	0	0	0	0	0	352	0	602	0	0	0	0	0	0	0	0	0	294	0	0	0	0	546	4022	0	446	0	728	0	0	0	10116	0	1598	0	8154	0	4676	0	6520	0	0	0	18360	224	1618	0	250	0	184	0	180	0	140	0	6292	0	1434	0	0	0	0	0	0	0	0	0	388	0	388	0	0	0	4724	0	0	0	6340	124	0	0	0	0	0	0	620	212	178	0	0	0	0	0	0	0	0	0	0	628	568	0	0	0	0	
424180	Fusiform_L	1658	0	1506	0	0	0	1782	0	0	0	660	0	160	0	0	0	1742	0	900	0	0	0	0	0	0	0	0	0	6264	0	0	0	0	0	1000	212	14984	236	6884	0	3446	0	1560	0	218	0	20830	1044	300	0	5650	0	9694	0	0	134	1190	0	114	0	0	0	376	0	0	0	2520	0	292	0	0	0	1202	0	0	0	758	130	2640	0	3868	0	1922	0	2976	0	874	0	17410	0	29572	0	988	0	680	0	17252	0	36786	142	490	0	1554	0	368	0	0	0	0	0	4434	2206	122	0	0	360	
558804	Fusiform_R	564	2766	0	504	0	0	0	106	0	0	0	2162	0	0	0	0	0	1126	0	1236	0	0	0	0	0	0	0	0	0	4752	0	0	0	0	1154	4012	420	33374	140	28100	0	4936	384	14284	0	5248	488	28984	0	7278	0	4552	0	18360	134	0	248	1264	0	172	0	196	0	146	0	112	0	5894	554	958	0	0	0	9594	0	584	464	2344	0	1096	0	2622	0	3756	0	7022	0	1502	0	12798	566	17954	0	1056	0	460	386	11374	1136	19378	0	0	0	530	0	292	0	0	0	288	4814	3950	248	0	260	320	
225820	Postcentral_L	20678	172	4034	172	0	0	3720	0	0	0	1266	0	166	0	0	0	5310	0	3284	274	0	0	0	0	0	0	0	0	3810	0	0	0	756	548	5242	668	1552	374	0	0	0	0	486	0	1660	0	198	0	144	0	5824	0	702	224	1190	248	0	594	7084	0	11822	0	8278	0	4656	0	3704	112	3572	1006	322	0	926	0	208	0	312	0	630	0	1926	0	0	0	2620	106	0	0	2330	0	0	0	0	0	0	0	0	0	0	0	0	0	0	0	0	0	0	0	0	0	0	0	0	0	0	0	
242692	Postcentral_R	724	19408	2216	3830	0	0	0	4080	0	0	0	4696	0	256	0	0	0	6014	2258	2120	0	0	0	0	0	0	0	0	0	1220	0	0	0	1070	554	1114	0	1988	0	594	0	0	0	216	0	292	0	0	0	1224	0	272	0	1618	0	1264	594	0	0	9772	0	11792	0	14272	0	2794	0	3850	2498	9958	0	340	0	1804	0	0	0	234	0	274	0	1808	0	0	0	2842	0	0	0	1486	0	0	0	0	0	0	0	0	0	0	0	0	0	0	0	0	0	0	0	0	0	0	0	0	0	0	
121512	Parietal_Sup_L	1506	0	816	0	0	0	1270	0	0	0	168	0	0	0	0	0	0	0	574	0	0	0	0	0	0	0	0	0	0	0	0	0	352	0	0	0	0	0	0	0	0	0	0	0	606	0	0	0	8040	0	11250	0	0	0	114	0	7084	0	0	0	8560	0	338	0	6298	0	11958	0	702	0	0	0	0	0	0	0	0	0	0	0	0	0	0	0	836	0	0	0	284	0	0	0	0	0	0	0	0	0	0	0	0	0	0	0	0	0	0	0	0	0	0	0	0	0	0	0	
152744	Parietal_Sup_R	198	722	0	224	0	0	0	128	0	0	0	534	0	0	0	0	0	184	0	220	0	0	0	0	0	0	0	0	0	0	0	0	0	0	0	896	0	242	0	146	0	0	200	1542	0	4666	0	0	0	8466	0	3414	0	250	0	172	0	9772	0	0	0	11854	0	7268	0	6828	0	8928	0	2996	0	0	0	300	0	0	0	0	0	0	0	1286	0	0	0	3444	0	0	0	1492	0	0	0	0	0	0	0	0	0	0	0	0	0	0	0	0	0	0	0	0	0	0	0	0	0	0	
195000	Parietal_Inf_L	6562	0	1530	0	0	0	4452	0	0	0	122	0	0	0	0	0	432	0	490	0	0	0	0	0	0	0	0	0	246	0	0	0	1290	0	0	0	0	0	0	0	0	0	118	0	258	0	0	0	1248	0	17144	0	0	0	0	0	11822	0	8560	0	0	0	11210	0	24430	0	1074	0	118	0	0	0	0	0	0	0	0	0	492	0	974	0	0	0	3174	0	0	0	1754	0	0	0	0	0	0	0	0	0	0	0	0	0	0	0	0	0	0	0	0	0	0	0	0	0	0	0	
138240	Parietal_Inf_R	0	1860	122	336	0	0	0	448	0	0	0	1382	0	0	0	0	0	190	140	280	0	0	0	0	0	0	0	0	0	0	0	0	0	0	0	186	0	316	0	190	0	0	0	0	0	150	0	0	0	1480	0	1234	0	184	0	196	0	11792	0	11854	0	0	0	15820	0	11048	0	496	0	338	0	0	0	716	0	0	0	0	0	0	0	2290	0	0	0	3982	0	0	0	2090	0	0	0	0	0	0	0	0	0	0	0	0	0	0	0	0	0	0	0	0	0	0	0	0	0	0	
128624	SupraMarginal_L	3266	0	380	0	0	0	622	0	0	0	188	0	0	0	0	0	2786	0	222	0	0	0	0	0	0	0	0	0	724	0	0	0	718	0	0	0	0	0	0	0	0	0	0	0	0	0	0	0	0	0	2956	0	536	0	376	0	8278	0	338	0	11210	0	0	0	11818	0	244	0	0	0	0	0	0	0	0	0	0	0	602	0	7224	0	0	0	8900	0	0	0	2924	0	0	0	0	0	0	0	0	0	0	0	0	0	0	0	0	0	0	0	0	0	0	0	0	0	0	0	
132056	SupraMarginal_R	0	1770	0	182	0	0	0	582	0	0	0	0	0	0	0	0	0	3048	0	0	0	0	0	0	0	0	0	0	0	126	0	0	0	0	184	236	0	448	0	0	0	0	0	0	0	170	0	0	0	842	0	390	0	180	0	146	0	14272	0	7268	0	15820	0	0	0	4290	0	1086	0	648	0	0	0	0	0	0	0	0	0	372	0	6786	0	0	0	5118	0	0	0	2064	0	0	0	0	0	0	0	0	0	0	0	0	0	0	0	0	0	0	0	0	0	0	0	0	0	0	
192604	Angular_L	2566	0	336	0	0	0	1594	0	0	0	110	0	0	0	0	0	294	0	106	0	0	0	0	0	0	0	0	0	294	0	0	0	1562	0	0	0	0	0	0	0	0	0	356	0	658	0	0	0	544	0	21958	0	554	0	0	0	4656	0	6298	0	24430	0	11818	0	0	0	1146	0	368	0	0	0	0	0	0	0	0	0	546	0	1722	0	0	0	11370	0	0	0	3016	0	0	0	0	0	0	0	0	0	0	0	0	0	0	0	0	0	0	0	0	0	0	0	0	0	0	0	
117684	Angular_R	0	1264	0	198	0	0	0	248	0	0	0	1008	0	0	0	0	0	166	0	190	0	0	0	0	0	0	0	0	0	0	0	0	0	0	0	134	0	204	0	118	0	0	0	176	0	1310	0	0	0	6896	0	9378	0	140	0	112	0	2794	0	6828	0	11048	0	4290	0	0	0	856	0	120	0	0	0	498	0	0	0	0	0	0	0	3314	0	0	0	6922	0	0	0	630	0	0	0	0	0	0	0	0	0	0	0	0	0	0	0	0	0	0	0	0	0	0	0	0	0	0	
243208	Precuneus_L	494	0	156	0	0	0	208	0	0	0	0	0	0	0	0	0	124	0	134	0	0	0	0	0	0	0	0	0	146	0	0	0	4200	242	7738	890	1944	130	2152	0	0	0	17786	610	12798	942	6836	0	9688	0	12494	0	1784	0	2520	0	3704	0	11958	0	1074	0	244	0	1146	0	0	4214	4348	154	0	0	0	0	0	0	0	0	0	0	120	0	0	0	3174	128	0	0	3414	0	800	0	356	0	0	0	1550	0	1204	0	0	0	0	0	0	0	0	0	0	0	0	0	0	0	0	0	
349872	Precuneus_R	320	272	110	136	0	0	0	0	0	0	0	134	0	0	0	0	0	0	232	2566	0	0	0	0	0	0	0	0	0	0	0	0	878	5778	1120	16656	574	2242	356	2566	0	0	408	30554	872	17070	0	10434	0	13922	0	11514	0	6292	0	5894	112	3850	0	8928	0	496	0	1086	0	856	4214	0	784	6872	0	0	0	0	0	0	496	270	0	0	0	602	0	0	0	11536	0	0	0	2556	0	0	0	0	0	0	0	640	0	0	0	0	0	0	0	0	0	0	0	0	738	0	0	0	0	0	
122092	Paracentral_Lobule_L	9114	834	216	0	0	0	0	0	0	0	0	0	0	0	0	0	0	0	1398	6610	0	0	0	0	0	0	0	0	0	236	0	0	1516	5362	5670	1398	0	1688	0	494	0	0	936	0	2436	0	0	0	572	0	638	0	156	0	292	554	3572	2498	702	0	118	0	0	0	368	0	4348	784	0	8154	0	0	0	0	0	0	0	0	0	0	0	0	0	0	168	0	0	0	214	0	0	0	0	0	0	0	0	0	0	0	0	0	0	0	0	0	0	0	0	0	0	0	0	0	0	0	
173564	Paracentral_Lobule_R	6466	5722	200	112	0	0	0	0	0	0	0	272	0	0	0	0	0	108	1180	16000	0	0	0	0	0	0	0	0	0	0	0	0	610	9204	1624	3064	0	1192	0	216	0	0	0	768	0	1500	0	130	0	1438	0	962	0	1434	0	958	1006	9958	0	2996	0	338	0	648	0	120	154	6872	8154	0	0	0	0	140	0	0	0	0	0	0	0	264	0	0	0	2326	0	0	0	646	0	0	0	0	0	0	0	0	0	0	0	0	0	0	0	0	0	0	0	0	0	0	0	0	0	0	
167148	Caudate_L	2322	150	10034	2044	0	0	638	310	0	0	1220	458	1430	0	554	0	1272	0	9430	208	3720	2998	1928	2340	0	0	1820	0	5142	208	3060	4738	0	0	0	0	0	0	0	0	0	0	0	0	0	0	0	0	0	0	0	0	0	0	0	0	322	0	0	0	0	0	0	0	0	0	0	0	0	0	0	7604	7440	548	1218	0	8304	520	0	0	664	0	930	0	0	0	0	0	0	0	0	0	0	0	0	0	0	0	0	0	0	0	0	0	0	0	0	0	0	0	0	0	0	0	0	0	
328080	Caudate_R	1468	1952	3414	24422	0	1956	234	240	0	138	412	690	600	0	220	166	348	1430	4184	21714	2574	2614	680	4292	0	3718	1760	1494	2726	606	2846	21974	0	112	0	0	0	6598	0	0	0	118	0	0	0	0	0	0	0	0	0	0	0	0	0	0	0	340	0	0	0	0	0	0	0	0	0	0	0	0	7604	0	348	16562	0	2308	116	20570	0	0	172	0	320	0	0	0	0	0	0	0	0	0	0	0	0	0	0	0	0	0	0	0	0	0	0	0	0	0	0	0	0	0	0	0	0	0	
246624	Putamen_L	7210	0	22556	106	5546	0	6998	0	1144	0	1386	0	1104	0	5718	0	502	0	17362	0	0	0	1804	0	118	0	0	0	14888	0	3376	248	0	0	0	0	6872	220	968	0	600	0	0	0	0	0	118	0	0	0	0	0	0	0	1202	0	926	0	0	0	0	0	0	0	0	0	0	0	0	0	7440	348	0	0	6900	0	4654	268	0	0	226	0	2180	0	0	0	0	0	324	0	0	0	0	0	0	0	0	0	0	0	0	0	0	0	0	0	0	0	0	0	0	0	0	0	0	0	
365016	Putamen_R	0	5380	1204	13726	0	4766	0	2052	0	660	0	14006	0	2608	0	2114	0	4856	1310	10844	0	324	0	3948	0	2748	0	1496	122	22926	236	10678	0	0	0	0	0	21578	0	10830	0	5000	0	0	0	0	0	0	0	164	0	0	0	0	0	9594	0	1804	0	300	0	716	0	0	0	498	0	0	0	140	548	16562	0	0	0	3262	0	3340	0	326	0	438	0	836	0	232	0	0	0	336	0	0	0	0	0	0	0	0	0	0	0	0	0	0	0	0	0	0	0	0	0	0	0	0	0	0	
54960	Pallidum_L	1906	0	7220	0	0	0	2284	0	0	0	0	0	0	0	0	0	0	0	6016	0	0	0	0	0	0	0	0	0	0	0	0	0	0	0	0	0	246	0	0	0	0	0	0	0	0	0	0	0	0	0	0	0	0	0	0	0	208	0	0	0	0	0	0	0	0	0	0	0	0	0	1218	0	6900	0	0	0	1482	0	0	0	0	0	0	0	0	0	0	0	0	0	0	0	0	0	0	0	0	0	0	0	0	0	0	0	0	0	0	0	0	0	0	0	0	0	0	0	
33024	Pallidum_R	562	204	220	2794	0	0	0	0	0	0	0	248	0	0	0	0	0	474	344	2840	0	0	0	0	0	0	0	0	0	202	0	128	0	0	0	0	0	1088	0	812	0	0	0	0	0	0	0	0	0	0	0	0	0	0	0	584	0	0	0	0	0	0	0	0	0	0	0	0	0	0	0	2308	0	3262	0	0	0	442	0	0	0	0	0	0	0	0	0	0	0	0	0	0	0	0	0	0	0	0	0	0	0	0	0	0	0	0	0	0	0	0	0	0	0	0	0	0	
183828	Thalamus_L	17920	0	16768	380	0	0	7434	0	0	0	354	0	282	0	172	0	304	0	9638	0	0	0	332	0	0	0	0	0	2052	0	0	0	0	0	144	1214	8420	2366	2664	1030	0	0	0	0	0	0	252	334	0	0	0	0	0	0	758	464	312	0	0	0	0	0	0	0	0	0	0	496	0	0	8304	116	4654	0	1482	0	0	2628	0	0	246	0	0	0	0	0	0	0	394	0	0	0	0	0	0	0	0	0	0	0	0	0	0	0	0	0	0	0	0	0	0	0	0	0	0	0	
196888	Thalamus_R	3390	5336	440	21638	0	0	194	260	0	0	0	662	0	0	0	0	0	1100	342	6722	0	0	0	0	0	0	0	0	236	1482	0	1130	0	0	0	460	1340	15696	434	4630	0	252	0	0	0	0	0	1656	0	0	0	0	0	0	130	2344	0	234	0	0	0	0	0	0	0	0	0	270	0	0	520	20570	268	3340	0	442	2628	0	0	0	0	0	0	0	0	0	0	0	0	0	0	0	0	0	0	0	0	298	0	0	0	0	0	0	0	0	0	0	0	0	0	0	0	0	0	0	
67688	Heschl_L	1840	0	1236	0	0	0	2354	0	0	0	1586	0	374	0	0	0	3164	0	752	0	0	0	0	0	0	0	0	0	6384	0	0	0	122	0	0	0	2708	0	0	0	0	0	0	0	0	0	0	0	0	0	250	0	432	0	2640	0	630	0	0	0	492	0	602	0	546	0	0	0	0	0	0	0	0	0	0	0	0	0	0	0	2482	0	0	0	2802	0	0	0	2448	0	0	0	0	0	0	0	0	0	0	0	0	0	0	0	0	0	0	0	0	0	0	0	0	0	0	0	
25296	Heschl_R	0	266	0	136	0	0	0	0	0	0	0	252	0	0	0	0	0	3038	0	124	0	0	0	0	0	0	0	0	0	1270	0	0	0	0	0	0	0	900	0	244	0	0	0	0	0	0	0	0	0	0	0	0	0	388	0	1096	0	274	0	0	0	0	0	372	0	0	0	0	0	0	0	0	0	326	0	0	0	0	0	0	0	2440	0	0	0	534	0	0	0	988	0	0	0	0	0	0	0	0	0	0	0	0	0	0	0	0	0	0	0	0	0	0	0	0	0	0	
198276	Temporal_Sup_L	1800	0	2086	0	0	0	1326	0	0	0	4522	0	820	0	0	0	12558	0	1430	0	0	0	0	0	0	0	0	0	9396	0	0	0	276	0	0	0	2812	0	0	0	0	0	0	0	0	0	0	0	0	0	1274	0	706	0	3868	0	1926	0	0	0	974	0	7224	0	1722	0	120	0	0	0	664	172	226	0	0	0	246	0	2482	0	0	0	3920	0	21686	0	0	0	14902	0	0	0	0	0	0	0	0	0	0	0	0	0	0	0	0	0	0	0	0	0	0	0	0	0	0	0	
115144	Temporal_Sup_R	0	0	0	0	0	0	0	0	0	0	0	0	0	0	0	654	0	3724	0	0	0	0	0	0	0	0	0	0	0	2838	0	0	0	0	0	302	0	2474	0	480	0	212	0	0	0	144	0	0	0	214	0	268	0	388	0	2622	0	1808	0	1286	0	2290	0	6786	0	3314	0	602	0	264	0	0	0	438	0	0	0	0	0	2440	0	0	0	4544	0	15386	0	344	0	3750	0	0	0	0	0	0	0	0	0	0	0	0	0	0	0	0	0	0	0	0	0	0	0	0	0	0	
105972	Temporal_Pole_Sup_L	182	0	2958	0	0	0	656	0	0	0	6680	0	1764	0	1482	0	5040	0	2230	0	166	0	204	0	0	0	0	0	7022	0	762	188	0	0	0	0	2060	0	732	0	1550	0	0	0	0	0	0	0	0	0	0	0	0	0	1922	0	0	0	0	0	0	0	0	0	0	0	0	0	0	0	930	320	2180	0	0	0	0	0	0	0	3920	0	0	0	4394	0	2494	0	3150	0	0	0	0	0	0	0	0	0	0	0	0	0	0	0	0	0	0	0	0	0	0	0	0	0	0	0	
58636	Temporal_Pole_Sup_R	0	0	0	0	0	0	0	0	0	0	0	0	0	0	0	976	0	0	0	0	0	0	0	0	0	0	0	0	0	1734	0	0	0	0	0	0	0	2014	0	2304	0	2326	0	0	0	0	0	0	0	0	0	0	0	0	0	3756	0	0	0	0	0	0	0	0	0	0	0	0	0	0	0	0	0	836	0	0	0	0	0	0	0	4544	0	0	0	4172	0	3326	0	3330	0	0	0	0	0	0	0	0	0	0	0	0	0	0	0	0	0	0	0	0	0	0	0	0	0	0	
304048	Temporal_Mid_L	690	0	1208	0	0	0	1398	0	0	0	526	0	0	0	0	0	5352	0	1068	0	0	0	0	0	0	0	0	0	5454	0	0	0	854	0	220	0	1334	0	0	0	208	0	2666	0	2176	0	0	0	234	0	17686	0	9008	0	2976	0	2620	0	836	0	3174	0	8900	0	11370	0	3174	0	168	0	0	0	0	0	0	0	0	0	2802	0	21686	0	4394	0	0	0	2058	0	37784	0	0	0	0	0	0	0	0	0	0	0	0	0	0	0	0	0	0	0	0	0	0	0	0	0	0	0	
297964	Temporal_Mid_R	0	428	0	0	0	0	0	0	0	0	0	166	0	0	0	664	0	474	0	492	0	0	0	0	0	0	0	0	0	990	0	0	0	202	354	3732	0	2240	0	436	0	0	0	10990	0	5488	0	1984	0	9206	0	18008	0	4724	0	7022	106	2842	0	3444	0	3982	0	5118	0	6922	128	11536	0	2326	0	0	0	232	0	0	0	0	0	534	0	15386	0	4172	0	0	0	1112	0	23542	0	0	0	0	0	0	0	0	0	0	0	0	0	0	0	0	0	0	0	0	0	0	0	0	0	0	
13532	Temporal_Pole_Mid_L	0	0	0	0	0	0	0	0	0	0	0	0	0	0	0	0	0	0	0	0	0	0	0	0	0	0	0	0	0	0	0	0	0	0	0	0	0	0	0	0	0	0	0	0	0	0	0	0	0	0	0	0	0	0	874	0	0	0	0	0	0	0	0	0	0	0	0	0	0	0	0	0	0	0	0	0	0	0	0	0	0	0	2494	0	2058	0	0	0	1340	0	0	0	0	0	0	0	0	0	0	0	0	0	0	0	0	0	0	0	0	0	0	0	0	0	0	0	
18848	Temporal_Pole_Mid_R	0	0	0	0	0	0	0	0	0	0	0	0	0	0	0	0	0	0	0	0	0	0	0	0	0	0	0	0	0	0	0	0	0	0	0	0	0	118	0	1134	0	228	0	0	0	0	0	0	0	0	0	0	0	0	0	1502	0	0	0	0	0	0	0	0	0	0	0	0	0	0	0	0	0	0	0	0	0	0	0	0	0	344	0	3326	0	1112	0	0	0	1660	0	0	0	0	0	0	0	0	0	0	0	0	0	0	0	0	0	0	0	0	0	0	0	0	0	0	
332568	Temporal_Inf_L	1868	0	1776	0	0	0	2182	0	0	0	706	0	160	0	0	0	5438	0	1390	0	0	0	0	0	0	0	0	0	8498	0	0	0	610	0	636	0	8904	118	416	0	2222	0	3178	0	992	0	722	0	188	0	12896	0	14700	0	17410	0	2330	0	284	0	1754	0	2924	0	3016	0	3414	0	214	0	0	0	324	0	0	0	394	0	2448	0	14902	0	3150	0	37784	0	1340	0	0	0	4310	0	778	0	0	0	180	0	784	0	194	0	750	0	0	0	0	0	0	0	0	0	0	0	0	0	
170152	Temporal_Inf_R	0	530	0	0	0	0	0	0	0	0	0	180	0	0	0	0	0	1134	0	272	0	0	0	0	0	0	0	0	0	932	0	0	0	0	288	1984	0	3536	0	1132	0	350	0	2170	0	242	0	1218	0	1768	0	3160	0	6340	0	12798	0	1486	0	1492	0	2090	0	2064	0	630	0	2556	0	646	0	0	0	336	0	0	0	0	0	988	0	3750	0	3330	0	23542	0	1660	0	0	0	2086	0	160	0	0	0	0	0	226	0	0	0	0	0	0	0	0	0	0	0	0	0	0	0	0	
637616	Cerebelum_Crus1_L	0	0	0	0	0	0	0	0	0	0	0	0	0	0	0	0	0	0	0	0	0	0	0	0	0	0	0	0	0	0	0	0	0	0	0	0	256	0	646	0	0	0	244	0	0	0	13824	3988	0	0	1990	0	2552	124	29572	566	0	0	0	0	0	0	0	0	0	0	800	0	0	0	0	0	0	0	0	0	0	0	0	0	0	0	0	0	0	0	0	0	4310	0	0	4932	42134	5938	1090	144	22366	1362	70698	3966	17016	1214	26442	2696	5688	2972	2464	178	504	678	8560	13698	13900	5664	3332	2300	
421136	Cerebelum_Crus1_R	0	0	0	0	0	0	0	0	0	0	0	0	0	0	0	0	0	0	0	0	0	0	0	0	0	0	0	0	0	0	0	0	0	0	0	0	0	0	0	270	0	0	0	0	0	0	412	8872	0	0	0	0	0	0	0	17954	0	0	0	0	0	0	0	0	0	0	0	0	0	0	0	0	0	0	0	0	0	0	0	0	0	0	0	0	0	0	0	0	0	2086	4932	0	1692	34886	0	404	2920	14336	4172	51936	1318	3718	494	19706	0	2856	0	1662	160	798	9218	11934	9488	1942	1386	1016	
343148	Cerebelum_Crus2_L	0	0	0	0	0	0	0	0	0	0	0	0	0	0	0	0	0	0	0	0	0	0	0	0	0	0	0	0	0	0	0	0	0	0	0	0	0	0	0	0	0	0	0	0	0	0	1364	364	0	0	0	0	0	0	988	0	0	0	0	0	0	0	0	0	0	0	356	0	0	0	0	0	0	0	0	0	0	0	0	0	0	0	0	0	0	0	0	0	778	0	42134	1692	0	9832	0	0	2354	242	8688	550	30838	3184	30952	1952	4230	1746	1602	0	130	132	728	4058	12116	7392	1948	1224	
355076	Cerebelum_Crus2_R	0	0	0	0	0	0	0	0	0	0	0	0	0	0	0	0	0	0	0	0	0	0	0	0	0	0	0	0	0	0	0	0	0	0	0	0	0	0	0	0	0	0	0	0	0	0	0	118	0	0	0	0	0	0	0	1056	0	0	0	0	0	0	0	0	0	0	0	0	0	0	0	0	0	0	0	0	0	0	0	0	0	0	0	0	0	0	0	0	0	160	5938	34886	9832	0	266	1122	1058	3120	1626	8228	6934	22210	2102	35388	0	4388	0	1746	198	1338	3288	2994	15074	10888	3118	462	
42344	Cerebelum_3_L	0	0	0	0	0	0	0	0	0	0	0	0	0	0	0	0	0	0	0	0	0	0	0	0	0	0	0	0	0	0	0	0	0	0	0	0	112	0	572	0	0	0	0	0	0	0	498	158	0	0	0	0	0	0	680	0	0	0	0	0	0	0	0	0	0	0	0	0	0	0	0	0	0	0	0	0	0	0	0	0	0	0	0	0	0	0	0	0	0	0	1090	0	0	266	0	0	6546	0	2642	0	0	0	174	260	1386	502	0	0	1396	1640	1574	416	274	400	450	136	
43484	Cerebelum_3_R	0	0	0	0	0	0	0	0	0	0	0	0	0	0	0	0	0	0	0	0	0	0	0	0	0	0	0	0	0	0	0	0	0	0	0	0	0	0	0	0	0	0	0	0	0	0	0	164	0	0	0	0	0	0	0	460	0	0	0	0	0	0	0	0	0	0	0	0	0	0	0	0	0	0	0	0	0	0	0	0	0	0	0	0	0	0	0	0	0	0	144	404	0	1122	0	0	326	3570	110	2510	0	0	0	1558	0	1834	0	0	456	3314	1300	164	1138	1620	1548	0	
334392	Cerebelum_4_5_L	0	0	0	0	0	0	0	0	0	0	0	0	0	0	0	0	0	0	0	0	0	0	0	0	0	0	0	0	0	0	0	0	0	0	0	0	764	0	2178	0	0	0	912	0	0	0	14348	1632	0	0	0	0	678	0	17252	386	0	0	0	0	0	0	0	0	0	0	1550	0	0	0	0	0	0	0	0	0	0	0	0	0	0	0	0	0	0	0	0	0	180	0	22366	2920	2354	1058	6546	326	0	2880	35868	4598	424	0	1898	1074	6982	1474	416	0	1486	2308	18910	5588	2862	1490	1468	2020	
229200	Cerebelum_4_5_R	0	0	0	0	0	0	0	0	0	0	0	0	0	0	0	0	0	0	0	0	0	0	0	0	0	0	0	0	0	0	0	0	0	0	0	132	0	704	0	1108	0	0	0	0	0	0	346	11732	0	0	0	0	0	620	0	11374	0	0	0	0	0	0	0	0	0	0	0	640	0	0	0	0	0	0	0	0	0	298	0	0	0	0	0	0	0	0	0	0	0	0	1362	14336	242	3120	0	3570	2880	0	1688	24314	172	0	236	3084	140	1426	0	0	0	2608	17686	4212	2594	2170	1344	462	
543720	Cerebelum_6_L	0	0	0	0	0	0	0	0	0	0	0	0	0	0	0	0	0	0	0	0	0	0	0	0	0	0	0	0	0	0	0	0	0	0	0	0	440	0	1172	0	0	0	566	0	0	0	19028	6344	0	0	642	0	1690	212	36786	1136	0	0	0	0	0	0	0	0	0	0	1204	0	0	0	0	0	0	0	0	0	0	0	0	0	0	0	0	0	0	0	0	0	784	0	70698	4172	8688	1626	2642	110	35868	1688	0	4454	4542	0	9112	1078	7604	1682	2654	0	502	768	13202	16974	7524	1416	1984	2868	
380168	Cerebelum_6_R	0	0	0	0	0	0	0	0	0	0	0	0	0	0	0	0	0	0	0	0	0	0	0	0	0	0	0	0	0	0	0	0	0	0	0	0	0	0	0	286	0	0	0	0	0	0	682	11826	0	0	0	0	0	178	142	19378	0	0	0	0	0	0	0	0	0	0	0	0	0	0	0	0	0	0	0	0	0	0	0	0	0	0	0	0	0	0	0	0	0	226	3966	51936	550	8228	0	2510	4598	24314	4454	0	408	438	304	6662	0	2978	0	750	0	1746	14396	15402	8186	1424	2098	2018	
272180	Cerebelum_7b_L	0	0	0	0	0	0	0	0	0	0	0	0	0	0	0	0	0	0	0	0	0	0	0	0	0	0	0	0	0	0	0	0	0	0	0	0	0	0	0	0	0	0	0	0	0	0	0	176	0	0	0	0	0	0	490	0	0	0	0	0	0	0	0	0	0	0	0	0	0	0	0	0	0	0	0	0	0	0	0	0	0	0	0	0	0	0	0	0	194	0	17016	1318	30838	6934	0	0	424	172	4542	408	0	3226	34152	2114	7726	1404	962	0	0	0	446	3504	9438	7792	1654	1160	
122728	Cerebelum_7b_R	0	0	0	0	0	0	0	0	0	0	0	0	0	0	0	0	0	0	0	0	0	0	0	0	0	0	0	0	0	0	0	0	0	0	0	0	0	0	0	0	0	0	0	0	0	0	0	0	0	0	0	0	0	0	0	0	0	0	0	0	0	0	0	0	0	0	0	0	0	0	0	0	0	0	0	0	0	0	0	0	0	0	0	0	0	0	0	0	0	0	1214	3718	3184	22210	0	0	0	0	0	438	3226	0	976	17792	0	1552	0	212	0	0	0	186	2688	3786	182	0	
347564	Cerebelum_8_L	0	0	0	0	0	0	0	0	0	0	0	0	0	0	0	0	0	0	0	0	0	0	0	0	0	0	0	0	0	0	0	0	0	0	0	0	0	0	0	0	0	0	0	0	0	0	0	454	0	0	0	0	0	0	1554	0	0	0	0	0	0	0	0	0	0	0	0	0	0	0	0	0	0	0	0	0	0	0	0	0	0	0	0	0	0	0	0	0	750	0	26442	494	30952	2102	174	0	1898	236	9112	304	34152	976	0	3142	25992	2216	5148	0	222	184	904	4878	6896	8608	4060	1932	
308512	Cerebelum_8_R	0	0	0	0	0	0	0	0	0	0	0	0	0	0	0	0	0	0	0	0	0	0	0	0	0	0	0	0	0	0	0	0	0	0	0	0	0	0	0	0	0	0	0	0	0	0	0	132	0	0	0	0	0	0	0	530	0	0	0	0	0	0	0	0	0	0	0	0	0	0	0	0	0	0	0	0	0	0	0	0	0	0	0	0	0	0	0	0	0	0	2696	19706	1952	35388	260	1558	1074	3084	1078	6662	2114	17792	3142	0	570	19460	0	2514	242	1804	3610	2718	8730	11544	5576	320	
164716	Cerebelum_9_L	0	0	0	0	0	0	0	0	0	0	0	0	0	0	0	0	0	0	0	0	0	0	0	0	0	0	0	0	0	0	0	0	0	0	0	0	0	0	0	0	0	0	0	0	0	0	292	172	0	0	0	0	0	0	368	0	0	0	0	0	0	0	0	0	0	0	0	0	0	0	0	0	0	0	0	0	0	0	0	0	0	0	0	0	0	0	0	0	0	0	5688	0	4230	0	1386	0	6982	140	7604	0	7726	0	25992	570	0	2466	5512	0	222	362	2052	3050	1430	1684	2698	1732	
195776	Cerebelum_9_R	0	0	0	0	0	0	0	0	0	0	0	0	0	0	0	0	0	0	0	0	0	0	0	0	0	0	0	0	0	0	0	0	0	0	0	0	0	0	0	0	0	0	0	0	0	0	0	782	0	0	0	0	0	0	0	292	0	0	0	0	0	0	0	0	0	0	0	0	0	0	0	0	0	0	0	0	0	0	0	0	0	0	0	0	0	0	0	0	0	0	2972	2856	1746	4388	502	1834	1474	1426	1682	2978	1404	1552	2216	19460	2466	0	0	1310	1092	2674	3002	7146	6588	8322	12226	5498	
39260	Cerebelum_10_L	0	0	0	0	0	0	0	0	0	0	0	0	0	0	0	0	0	0	0	0	0	0	0	0	0	0	0	0	0	0	0	0	0	0	0	0	0	0	0	0	0	0	0	0	0	0	0	156	0	0	0	0	0	0	0	0	0	0	0	0	0	0	0	0	0	0	0	0	0	0	0	0	0	0	0	0	0	0	0	0	0	0	0	0	0	0	0	0	0	0	2464	0	1602	0	0	0	416	0	2654	0	962	0	5148	0	5512	0	0	0	0	0	330	386	0	0	0	0	
19424	Cerebelum_10_R	0	0	0	0	0	0	0	0	0	0	0	0	0	0	0	0	0	0	0	0	0	0	0	0	0	0	0	0	0	0	0	0	0	0	0	0	0	0	0	0	0	0	0	0	0	0	0	0	0	0	0	0	0	0	0	0	0	0	0	0	0	0	0	0	0	0	0	0	0	0	0	0	0	0	0	0	0	0	0	0	0	0	0	0	0	0	0	0	0	0	178	1662	0	1746	0	0	0	0	0	750	0	212	0	2514	0	1310	0	0	0	0	0	236	316	474	314	0	
32612	Vermis_1_2	0	0	0	0	0	0	0	0	0	0	0	0	0	0	0	0	0	0	0	0	0	0	0	0	0	0	0	0	0	0	0	0	0	0	0	0	0	0	116	0	0	0	0	0	0	0	0	0	0	0	0	0	0	0	0	0	0	0	0	0	0	0	0	0	0	0	0	0	0	0	0	0	0	0	0	0	0	0	0	0	0	0	0	0	0	0	0	0	0	0	504	160	130	198	1396	456	1486	0	502	0	0	0	222	242	222	1092	0	0	0	4826	2318	274	424	790	834	114	
75124	Vermis_3	0	0	0	0	0	0	0	0	0	0	0	0	0	0	0	0	0	0	0	0	0	0	0	0	0	0	0	0	0	0	0	0	0	0	0	0	152	0	206	0	0	0	0	0	0	0	0	0	0	0	0	0	0	0	0	288	0	0	0	0	0	0	0	0	0	0	0	0	0	0	0	0	0	0	0	0	0	0	0	0	0	0	0	0	0	0	0	0	0	0	678	798	132	1338	1640	3314	2308	2608	768	1746	0	0	184	1804	362	2674	0	0	4826	0	4998	554	1544	2350	2290	0	
325500	Vermis_4_5	0	0	0	0	0	0	0	0	0	0	0	0	0	0	0	0	0	0	0	0	0	0	0	0	0	0	0	0	0	0	0	0	0	0	0	376	116	290	0	264	0	0	564	0	0	0	4388	12370	0	0	0	0	566	628	4434	4814	0	0	0	0	0	0	0	0	0	0	0	738	0	0	0	0	0	0	0	0	0	0	0	0	0	0	0	0	0	0	0	0	0	0	8560	9218	728	3288	1574	1300	18910	17686	13202	14396	446	0	904	3610	2052	3002	330	0	2318	4998	0	11888	5450	3826	2938	2578	
340164	Vermis_6	0	0	0	0	0	0	0	0	0	0	0	0	0	0	0	0	0	0	0	0	0	0	0	0	0	0	0	0	0	0	0	0	0	0	0	0	0	0	0	0	0	0	0	0	0	0	3944	12238	0	0	0	0	0	568	2206	3950	0	0	0	0	0	0	0	0	0	0	0	0	0	0	0	0	0	0	0	0	0	0	0	0	0	0	0	0	0	0	0	0	0	0	13698	11934	4058	2994	416	164	5588	4212	16974	15402	3504	186	4878	2718	3050	7146	386	236	274	554	11888	0	15068	5788	7504	8556	
323408	Vermis_7	0	0	0	0	0	0	0	0	0	0	0	0	0	0	0	0	0	0	0	0	0	0	0	0	0	0	0	0	0	0	0	0	0	0	0	0	0	0	0	0	0	0	0	0	0	0	520	1850	0	0	0	0	0	0	122	248	0	0	0	0	0	0	0	0	0	0	0	0	0	0	0	0	0	0	0	0	0	0	0	0	0	0	0	0	0	0	0	0	0	0	13900	9488	12116	15074	274	1138	2862	2594	7524	8186	9438	2688	6896	8730	1430	6588	0	316	424	1544	5450	15068	0	15308	8588	3340	
236064	Vermis_8	0	0	0	0	0	0	0	0	0	0	0	0	0	0	0	0	0	0	0	0	0	0	0	0	0	0	0	0	0	0	0	0	0	0	0	0	0	0	0	0	0	0	0	0	0	0	114	130	0	0	0	0	0	0	0	0	0	0	0	0	0	0	0	0	0	0	0	0	0	0	0	0	0	0	0	0	0	0	0	0	0	0	0	0	0	0	0	0	0	0	5664	1942	7392	10888	400	1620	1490	2170	1416	1424	7792	3786	8608	11544	1684	8322	0	474	790	2350	3826	5788	15308	0	10612	2498	
168604	Vermis_9	0	0	0	0	0	0	0	0	0	0	0	0	0	0	0	0	0	0	0	0	0	0	0	0	0	0	0	0	0	0	0	0	0	0	0	0	0	0	0	0	0	0	0	0	0	0	0	732	0	0	0	0	0	0	0	260	0	0	0	0	0	0	0	0	0	0	0	0	0	0	0	0	0	0	0	0	0	0	0	0	0	0	0	0	0	0	0	0	0	0	3332	1386	1948	3118	450	1548	1468	1344	1984	2098	1654	182	4060	5576	2698	12226	0	314	834	2290	2938	7504	8588	10612	0	5158	
93812	Vermis_10	0	0	0	0	0	0	0	0	0	0	0	0	0	0	0	0	0	0	0	0	0	0	0	0	0	0	0	0	0	0	0	0	0	0	0	0	0	0	0	0	0	0	0	0	0	0	0	834	0	0	0	0	0	0	360	320	0	0	0	0	0	0	0	0	0	0	0	0	0	0	0	0	0	0	0	0	0	0	0	0	0	0	0	0	0	0	0	0	0	0	2300	1016	1224	462	136	0	2020	462	2868	2018	1160	0	1932	320	1732	5498	0	0	114	0	2578	8556	3340	2498	5158	0	
