data	data	399936	204852	873288	715884	127244	87996	491288	210968	59468	22416	125360	144628	246140	135364	145084	55800	223752	81008	596336	539908	72112	71040	298692	310536	39968	102812	41880	31756	577180	294152	437320	416308	130700	436472	143316	223068	232744	363324	96424	230128	37432	60032	299816	440240	119284	251780	311436	401336	198088	241312	418168	295852	114004	110612	376076	421800	249224	151244	137880	99248	168876	108344	99408	106612	102860	132604	280548	423260	175892	149100	364776	363516	373732	284768	39828	39348	89244	191704	54412	17532	201704	91664	58316	52700	256440	273176	17508	27464	241612	157252	446412	449940	260800	314588	15112	61164	232232	253236	368620	398112	215428	159052	269508	227628	99012	99228	25360	14768	31672	79224	245664	179412	287772	115908	94952	42512	
data	data	Precentral_L	Precentral_R	Frontal_Sup_L	Frontal_Sup_R	Frontal_Sup_Orb_L	Frontal_Sup_Orb_R	Frontal_Mid_L	Frontal_Mid_R	Frontal_Mid_Orb_L	Frontal_Mid_Orb_R	Frontal_Inf_Oper_L	Frontal_Inf_Oper_R	Frontal_Inf_Tri_L	Frontal_Inf_Tri_R	Frontal_Inf_Orb_L	Frontal_Inf_Orb_R	Rolandic_Oper_L	Rolandic_Oper_R	Supp_Motor_Area_L	Supp_Motor_Area_R	Olfactory_L	Olfactory_R	Frontal_Sup_Medial_L	Frontal_Sup_Medial_R	Frontal_Med_Orb_L	Frontal_Med_Orb_R	Rectus_L	Rectus_R	Insula_L	Insula_R	Cingulum_Ant_L	Cingulum_Ant_R	Cingulum_Mid_L	Cingulum_Mid_R	Cingulum_Post_L	Cingulum_Post_R	Hippocampus_L	Hippocampus_R	ParaHippocampal_L	ParaHippocampal_R	Amygdala_L	Amygdala_R	Calcarine_L	Calcarine_R	Cuneus_L	Cuneus_R	Lingual_L	Lingual_R	Occipital_Sup_L	Occipital_Sup_R	Occipital_Mid_L	Occipital_Mid_R	Occipital_Inf_L	Occipital_Inf_R	Fusiform_L	Fusiform_R	Postcentral_L	Postcentral_R	Parietal_Sup_L	Parietal_Sup_R	Parietal_Inf_L	Parietal_Inf_R	SupraMarginal_L	SupraMarginal_R	Angular_L	Angular_R	Precuneus_L	Precuneus_R	Paracentral_Lobule_L	Paracentral_Lobule_R	Caudate_L	Caudate_R	Putamen_L	Putamen_R	Pallidum_L	Pallidum_R	Thalamus_L	Thalamus_R	Heschl_L	Heschl_R	Temporal_Sup_L	Temporal_Sup_R	Temporal_Pole_Sup_L	Temporal_Pole_Sup_R	Temporal_Mid_L	Temporal_Mid_R	Temporal_Pole_Mid_L	Temporal_Pole_Mid_R	Temporal_Inf_L	Temporal_Inf_R	Cerebelum_Crus1_L	Cerebelum_Crus1_R	Cerebelum_Crus2_L	Cerebelum_Crus2_R	Cerebelum_3_L	Cerebelum_3_R	Cerebelum_4_5_L	Cerebelum_4_5_R	Cerebelum_6_L	Cerebelum_6_R	Cerebelum_7b_L	Cerebelum_7b_R	Cerebelum_8_L	Cerebelum_8_R	Cerebelum_9_L	Cerebelum_9_R	Cerebelum_10_L	Cerebelum_10_R	Vermis_1_2	Vermis_3	Vermis_4_5	Vermis_6	Vermis_7	Vermis_8	Vermis_9	Vermis_10	
399936	Precentral_L	0	3240	8160	6144	0	0	19990	140	0	0	9962	146	1530	0	0	0	11154	182	3008	10716	0	0	204	0	0	0	0	0	12458	282	914	176	334	4362	3936	2804	2710	654	510	250	0	0	1068	668	148	0	0	366	0	0	2930	0	194	252	1738	224	21252	250	118	0	1464	0	590	126	140	244	1552	1036	22870	4194	10020	796	3992	604	458	90	8744	940	752	0	4214	164	256	0	1940	610	0	0	648	350	0	0	0	0	0	0	0	0	0	0	0	0	0	0	0	0	0	0	0	0	0	0	0	0	0	0	
204852	Precentral_R	3240	0	342	8846	0	0	0	7436	0	0	0	3812	0	0	0	0	0	688	188	702	0	0	0	0	0	0	0	0	118	3690	0	0	0	2292	250	1352	322	5332	278	1716	0	0	0	396	0	0	0	420	0	348	0	570	0	422	210	1650	118	19484	0	1874	0	1382	0	1718	0	234	0	3920	612	3616	106	5768	0	2522	0	594	110	12374	0	124	0	724	0	0	0	1024	0	0	0	1502	0	0	0	0	0	0	0	0	0	0	0	0	0	0	0	0	0	0	0	0	0	0	0	0	0	0	
873288	Frontal_Sup_L	8160	342	0	14124	9182	178	76542	472	2532	0	4120	106	18688	0	7546	0	6102	0	74954	13688	210	0	45278	5364	1126	254	94	0	26548	108	33572	3866	2982	2038	974	166	2622	426	222	114	0	0	2704	0	260	0	524	0	82	0	2922	0	80	0	1336	0	1192	0	0	0	110	0	0	0	0	0	2670	0	1316	0	22698	1642	22412	476	3232	114	3750	702	80	0	2932	0	1124	0	566	0	0	0	1020	0	0	0	0	0	0	0	0	0	0	0	0	0	0	0	0	0	0	0	0	0	0	0	0	0	0	0	
715884	Frontal_Sup_R	6144	8846	14124	0	0	4646	2128	25224	0	0	250	9302	0	11968	0	922	488	1402	24408	52280	0	0	4502	36508	0	4362	0	0	596	12630	7570	38342	1242	20062	298	1056	206	2986	168	1226	0	0	0	114	0	0	0	226	0	0	104	86	0	174	162	796	170	478	0	184	0	0	0	0	0	0	0	410	3062	98	8886	23828	146	9006	0	548	580	13240	0	152	82	378	0	142	0	462	0	0	0	542	0	0	0	0	0	0	0	0	0	0	0	0	0	0	0	0	0	0	0	0	0	0	0	0	0	0	
127244	Frontal_Sup_Orb_L	0	0	9182	0	0	0	1398	0	8382	0	492	0	1672	0	6258	0	0	0	3110	0	1512	0	2258	0	4080	0	4578	0	4650	0	6032	0	0	0	0	0	154	0	0	0	148	0	0	0	0	0	0	0	0	0	0	0	0	0	0	0	0	0	0	0	0	0	0	0	0	0	0	0	0	0	990	0	8090	0	0	0	0	0	0	0	0	0	636	0	0	0	0	0	0	0	0	0	0	0	0	0	0	0	0	0	0	0	0	0	0	0	0	0	0	0	0	0	0	0	0	0	
87996	Frontal_Sup_Orb_R	0	0	178	4646	0	0	0	1916	0	3736	0	206	0	1224	0	2730	0	0	154	866	0	774	0	3818	0	6516	0	3690	0	748	0	4940	0	0	0	0	0	146	0	0	0	0	0	0	0	0	0	0	0	0	0	0	0	0	0	0	0	0	0	0	0	0	0	0	0	0	0	0	0	0	414	5258	0	2038	0	0	0	0	0	0	0	0	0	0	0	0	0	0	0	0	0	0	0	0	0	0	0	0	0	0	0	0	0	0	0	0	0	0	0	0	0	0	0	0	0	0	
491288	Frontal_Mid_L	19990	0	76542	2128	1398	0	0	0	1328	0	8270	0	30928	0	6160	0	3104	0	16408	1766	0	0	21192	1148	0	0	0	0	18736	0	7008	590	472	174	0	0	1964	178	80	94	0	0	0	0	0	0	0	0	0	0	160	0	0	0	926	0	1792	0	0	0	0	0	0	0	0	0	0	0	0	0	6916	866	9270	370	552	0	1758	438	0	0	1450	0	522	0	296	0	0	0	670	0	0	0	0	0	0	0	0	0	0	0	0	0	0	0	0	0	0	0	0	0	0	0	0	0	0	0	
210968	Frontal_Mid_R	140	7436	472	25224	0	1916	0	0	0	1676	118	8000	0	13850	0	3338	236	782	2274	2768	0	0	106	4006	0	600	0	0	320	9694	1054	4026	0	1516	0	288	0	1952	0	938	0	0	0	0	0	0	0	0	0	0	0	0	0	0	0	650	0	748	0	120	0	128	0	274	0	0	0	166	0	0	1422	3310	0	4120	0	498	0	978	0	0	0	0	0	92	0	78	0	0	0	170	0	0	0	0	0	0	0	0	0	0	0	0	0	0	0	0	0	0	0	0	0	0	0	0	0	0	
59468	Frontal_Mid_Orb_L	0	0	2532	0	8382	0	1328	0	0	0	0	0	1724	0	11110	0	0	0	0	0	0	0	0	0	0	0	1128	0	2108	0	0	0	0	0	0	0	0	0	0	0	0	0	0	0	0	0	0	0	0	0	0	0	0	0	0	0	0	0	0	0	0	0	0	0	0	0	0	0	0	0	0	0	1422	0	0	0	0	0	0	0	0	0	0	0	0	0	0	0	0	0	0	0	0	0	0	0	0	0	0	0	0	0	0	0	0	0	0	0	0	0	0	0	0	0	0	0	
22416	Frontal_Mid_Orb_R	0	0	0	0	0	3736	0	1676	0	0	0	0	0	1378	0	4226	0	0	0	0	0	0	0	0	0	0	0	0	0	0	0	0	0	0	0	0	0	0	0	0	0	0	0	0	0	0	0	0	0	0	0	0	0	0	0	0	0	0	0	0	0	0	0	0	0	0	0	0	0	0	0	0	0	192	0	0	0	0	0	0	0	0	0	0	0	0	0	0	0	0	0	0	0	0	0	0	0	0	0	0	0	0	0	0	0	0	0	0	0	0	0	0	0	0	0	0	
125360	Frontal_Inf_Oper_L	9962	0	4120	250	492	0	8270	118	0	0	0	0	10064	0	168	0	4722	0	1568	126	0	0	1698	0	0	0	0	0	10390	0	3666	0	0	0	0	0	240	0	0	0	0	0	0	0	0	0	0	0	0	0	0	0	0	0	0	0	2404	0	0	0	0	0	0	0	0	0	0	0	0	0	1822	0	926	0	0	0	300	0	210	0	958	0	206	0	0	0	0	0	0	0	0	0	0	0	0	0	0	0	0	0	0	0	0	0	0	0	0	0	0	0	0	0	0	0	0	0	
144628	Frontal_Inf_Oper_R	146	3812	106	9302	0	206	0	8000	0	0	0	0	0	8268	0	102	0	1708	1462	1724	0	0	0	1194	0	0	0	0	0	13706	218	1724	0	1368	0	228	0	3686	0	1496	0	0	0	0	0	0	0	0	0	0	0	0	0	88	0	1160	526	1106	0	0	258	118	80	348	0	0	0	146	0	0	180	780	0	6134	0	1834	0	546	0	0	0	0	0	316	0	0	0	0	0	238	0	0	0	0	0	0	0	0	0	0	0	0	0	0	0	0	0	0	0	0	0	0	0	0	0	0	
246140	Frontal_Inf_Tri_L	1530	0	18688	0	1672	0	30928	0	1724	0	10064	0	0	0	14476	0	642	0	2632	0	78	0	2714	0	0	0	80	0	31758	0	3406	0	0	0	0	0	172	0	0	0	128	0	0	0	0	0	0	0	0	0	0	0	0	0	0	0	206	0	0	0	0	0	0	0	0	0	0	0	0	0	276	0	1896	0	0	0	0	0	0	0	0	0	0	0	0	0	0	0	0	0	0	0	0	0	0	0	0	0	0	0	0	0	0	0	0	0	0	0	0	0	0	0	0	0	0	0	
135364	Frontal_Inf_Tri_R	0	0	0	11968	0	1224	0	13850	0	1378	0	8268	0	0	0	5554	0	0	3676	4352	0	0	0	3962	0	88	0	0	0	6446	368	2152	0	3558	0	0	0	0	0	0	0	0	0	0	0	0	0	0	0	0	0	0	0	0	0	0	0	0	0	0	0	0	0	0	0	0	0	0	0	0	188	428	0	222	0	0	0	0	0	0	0	0	0	0	0	0	0	0	0	0	0	0	0	0	0	0	0	0	0	0	0	0	0	0	0	0	0	0	0	0	0	0	0	0	0	0	
145084	Frontal_Inf_Orb_L	0	0	7546	0	6258	0	6160	0	11110	0	168	0	14476	0	0	0	0	0	958	0	1238	0	302	0	0	0	836	0	17918	0	218	0	0	0	0	0	348	0	94	0	394	0	0	0	0	0	0	0	0	0	0	0	0	0	0	0	0	0	0	0	0	0	0	0	0	0	0	0	0	0	0	0	3726	0	0	0	0	0	0	0	0	0	792	0	0	0	0	0	0	0	0	0	0	0	0	0	0	0	0	0	0	0	0	0	0	0	0	0	0	0	0	0	0	0	0	0	
55800	Frontal_Inf_Orb_R	0	0	0	922	0	2730	0	3338	0	4226	0	102	0	5554	0	0	0	0	0	172	0	1546	0	324	0	0	0	906	0	5786	0	374	0	84	0	0	0	96	0	0	0	462	0	0	0	0	0	0	0	0	0	0	0	0	0	0	0	0	0	0	0	0	0	0	0	0	0	0	0	0	0	364	0	914	0	0	0	0	0	0	0	0	0	0	0	0	0	0	0	0	0	0	0	0	0	0	0	0	0	0	0	0	0	0	0	0	0	0	0	0	0	0	0	0	0	0	
223752	Rolandic_Oper_L	11154	0	6102	488	0	0	3104	236	0	0	4722	0	642	0	0	0	0	0	3334	202	0	0	118	0	0	0	0	0	28206	0	946	0	200	0	192	86	1684	0	0	0	0	0	152	0	0	0	0	0	0	0	996	0	218	0	1368	0	12768	0	0	0	654	0	2502	0	122	0	352	0	208	0	2418	0	2994	0	134	0	444	0	4024	0	17414	0	942	0	1602	0	0	0	1148	0	0	0	0	0	0	0	0	0	0	0	0	0	0	0	0	0	0	0	0	0	0	0	0	0	0	0	
81008	Rolandic_Oper_R	182	688	0	1402	0	0	0	782	0	0	0	1708	0	0	0	0	0	0	0	462	0	0	0	0	0	0	0	0	0	12094	0	0	0	0	0	174	0	1866	0	600	0	0	0	0	0	0	0	0	0	0	0	98	0	0	0	296	0	3742	0	0	0	104	0	3184	0	162	0	138	0	0	0	554	0	4114	0	480	0	544	0	2862	0	3854	0	330	0	0	0	0	0	84	0	0	0	0	0	0	0	0	0	0	0	0	0	0	0	0	0	0	0	0	0	0	0	0	0	0	
596336	Supp_Motor_Area_L	3008	188	74954	24408	3110	154	16408	2274	0	0	1568	1462	2632	3676	958	0	3334	0	0	37896	186	0	12998	7056	430	134	0	0	7390	866	21750	4594	5270	15610	1006	908	284	462	0	106	0	0	0	0	0	0	0	0	0	0	0	0	0	0	0	0	1042	0	0	0	0	0	0	0	0	0	0	306	3846	210	17616	1044	13746	188	2370	0	690	504	0	0	1420	0	106	0	0	0	0	0	0	0	0	0	0	0	0	0	0	0	0	0	0	0	0	0	0	0	0	0	0	0	0	0	0	0	0	0	
539908	Supp_Motor_Area_R	10716	702	13688	52280	0	866	1766	2768	0	0	126	1724	0	4352	0	172	202	462	37896	0	0	0	988	11322	0	1186	0	0	282	2842	4716	17656	2628	40054	1348	3588	0	800	0	348	0	0	0	406	0	0	0	368	0	78	0	272	0	0	0	194	128	484	0	290	0	0	0	0	0	244	0	1570	14880	13640	3586	11226	0	3274	0	284	0	2630	0	132	80	106	0	0	0	520	0	0	0	84	0	0	0	0	0	0	0	0	0	0	0	0	0	0	0	0	0	0	0	0	0	0	0	0	0	0	
72112	Olfactory_L	0	0	210	0	1512	0	0	0	0	0	0	0	78	0	1238	0	0	0	186	0	0	4586	0	0	458	0	1934	598	1618	0	3064	1408	0	0	0	0	410	0	324	0	656	0	0	0	0	0	0	0	0	0	0	0	0	0	96	0	0	0	0	0	0	0	0	0	0	0	0	0	0	0	6644	4434	4458	1158	138	180	0	0	0	0	0	0	584	0	0	0	84	0	0	0	0	0	0	0	0	0	0	0	0	0	0	0	0	0	0	0	0	0	0	0	0	0	0	0	0	0	
71040	Olfactory_R	0	0	0	0	0	774	0	0	0	0	0	0	0	0	0	1546	0	0	0	0	4586	0	0	0	0	254	838	1992	0	3030	2040	1812	0	0	0	0	0	916	0	470	0	1984	0	0	0	0	0	0	0	0	0	0	0	0	0	0	0	0	0	0	0	0	0	0	0	0	0	0	0	0	4890	5500	2904	1490	84	202	0	0	0	0	0	0	0	208	0	0	0	0	0	0	0	0	0	0	0	0	0	0	0	0	0	0	0	0	0	0	0	0	0	0	0	0	0	0	0	0	
298692	Frontal_Sup_Medial_L	204	0	45278	4502	2258	0	21192	106	0	0	1698	0	2714	0	302	0	118	0	12998	988	0	0	0	14608	2186	284	80	0	2996	0	22708	6110	2486	4202	0	0	0	0	0	0	0	0	0	0	0	0	0	0	0	0	0	0	0	0	0	0	0	0	0	0	0	0	0	0	0	0	0	0	0	0	482	128	718	0	0	0	0	0	0	0	0	0	0	0	0	0	0	0	0	0	0	0	0	0	0	0	0	0	0	0	0	0	0	0	0	0	0	0	0	0	0	0	0	0	0	0	
310536	Frontal_Sup_Medial_R	0	0	5364	36508	0	3818	1148	4006	0	0	0	1194	0	3962	0	324	0	0	7056	11322	0	0	14608	0	152	6726	0	0	0	1702	5420	25200	744	12646	0	114	0	322	0	112	0	0	0	0	0	0	0	0	0	0	0	0	0	0	0	0	0	0	0	0	0	0	0	0	0	0	0	0	0	0	456	9116	0	2978	0	0	0	270	0	0	0	0	0	0	0	0	0	0	0	0	0	0	0	0	0	0	0	0	0	0	0	0	0	0	0	0	0	0	0	0	0	0	0	0	0	0	
39968	Frontal_Med_Orb_L	0	0	1126	0	4080	0	0	0	0	0	0	0	0	0	0	0	0	0	430	0	458	0	2186	152	0	386	1570	0	0	0	5458	0	0	0	0	0	0	0	0	0	0	0	0	0	0	0	0	0	0	0	0	0	0	0	0	0	0	0	0	0	0	0	0	0	0	0	0	0	0	0	1330	0	2808	0	0	0	0	0	0	0	0	0	0	0	0	0	0	0	0	0	0	0	0	0	0	0	0	0	0	0	0	0	0	0	0	0	0	0	0	0	0	0	0	0	0	0	
102812	Frontal_Med_Orb_R	0	0	254	4362	0	6516	0	600	0	0	0	0	0	88	0	0	0	0	134	1186	0	254	284	6726	386	0	0	2966	0	92	1734	8076	0	0	0	104	0	292	0	118	0	0	0	0	0	0	0	0	0	0	0	0	0	0	0	0	0	0	0	0	0	0	0	0	0	0	0	0	0	0	292	10482	0	6256	0	0	0	204	0	0	0	0	0	0	0	0	0	0	0	0	0	0	0	0	0	0	0	0	0	0	0	0	0	0	0	0	0	0	0	0	0	0	0	0	0	0	
41880	Rectus_L	0	0	94	0	4578	0	0	0	1128	0	0	0	80	0	836	0	0	0	0	0	1934	838	80	0	1570	0	0	406	398	0	2688	270	0	0	0	0	0	0	0	0	0	0	0	0	0	0	0	0	0	0	0	0	0	0	0	0	0	0	0	0	0	0	0	0	0	0	0	0	0	0	2128	752	3160	0	0	0	0	0	0	0	0	0	0	0	0	0	0	0	0	0	0	0	0	0	0	0	0	0	0	0	0	0	0	0	0	0	0	0	0	0	0	0	0	0	0	0	
31756	Rectus_R	0	0	0	0	0	3690	0	0	0	0	0	0	0	0	0	906	0	0	0	0	598	1992	0	0	0	2966	406	0	0	820	514	884	0	0	0	0	0	0	0	0	0	0	0	0	0	0	0	0	0	0	0	0	0	0	0	0	0	0	0	0	0	0	0	0	0	0	0	0	0	0	524	2066	246	266	0	0	0	0	0	0	0	0	0	0	0	0	0	0	0	0	0	0	0	0	0	0	0	0	0	0	0	0	0	0	0	0	0	0	0	0	0	0	0	0	0	0	
577180	Insula_L	12458	118	26548	596	4650	0	18736	320	2108	0	10390	0	31758	0	17918	0	28206	0	7390	282	1618	0	2996	0	0	0	398	0	0	0	5550	0	226	0	822	434	10188	190	682	0	2148	0	338	0	0	0	128	0	0	0	1306	0	412	0	5810	0	9472	0	330	0	2716	0	1636	0	448	0	1234	0	1006	0	5078	0	28266	146	284	0	1378	272	5868	0	17226	0	4362	0	6568	0	0	0	7576	0	0	0	0	0	0	0	0	0	0	0	0	0	0	0	0	0	0	0	0	0	0	0	0	0	0	0	
294152	Insula_R	282	3690	108	12630	0	748	0	9694	0	0	0	13706	0	6446	0	5786	0	12094	866	2842	0	3030	0	1702	0	92	0	820	0	0	0	998	0	1202	0	1344	0	12222	0	5044	0	3860	0	310	0	0	0	448	0	0	0	216	0	558	0	4078	150	4214	0	1406	0	204	0	914	0	186	0	1642	0	604	114	1682	0	19236	0	546	0	2494	0	1202	0	3160	0	1022	0	1496	0	0	0	1988	0	0	0	0	0	0	0	0	0	0	0	0	0	0	0	0	0	0	0	0	0	0	0	0	0	0	
437320	Cingulum_Ant_L	914	0	33572	7570	6032	0	7008	1054	0	0	3666	218	3406	368	218	0	946	0	21750	4716	3064	2040	22708	5420	5458	1734	2688	514	5550	0	0	22910	7050	2676	768	132	0	244	0	78	0	0	0	0	0	0	0	0	0	0	0	0	0	0	0	0	132	0	0	0	0	0	0	0	0	0	0	0	0	0	16348	10628	13592	2602	0	96	114	676	0	0	0	0	0	0	0	0	0	0	0	0	0	0	0	0	0	0	0	0	0	0	0	0	0	0	0	0	0	0	0	0	0	0	0	0	0	0	
416308	Cingulum_Ant_R	176	0	3866	38342	0	4940	590	4026	0	0	0	1724	0	2152	0	374	0	0	4594	17656	1408	1812	6110	25200	0	8076	270	884	0	998	22910	0	1444	20184	0	262	0	604	0	204	0	0	0	0	0	0	0	0	0	0	0	0	0	0	0	0	0	0	0	0	0	0	0	0	0	0	0	0	0	0	3830	25600	2274	6368	0	100	110	1066	0	0	0	0	0	0	0	0	0	0	0	0	0	0	0	0	0	0	0	0	0	0	0	0	0	0	0	0	0	0	0	0	0	0	0	0	0	0	
130700	Cingulum_Mid_L	334	0	2982	1242	0	0	472	0	0	0	0	0	0	0	0	0	200	0	5270	2628	0	0	2486	744	0	0	0	0	226	0	7050	1444	0	9148	4220	1582	0	0	0	0	0	0	1932	98	560	114	868	0	1096	186	4860	810	204	0	372	0	264	0	298	0	280	0	88	0	0	0	6902	2884	1578	250	90	0	0	0	0	0	0	0	0	0	0	0	0	0	604	820	0	0	164	0	0	0	0	0	0	0	0	0	0	0	0	0	0	0	0	0	0	0	0	0	0	0	0	0	0	0	
436472	Cingulum_Mid_R	4362	2292	2038	20062	0	0	174	1516	0	0	0	1368	0	3558	0	84	0	0	15610	40054	0	0	4202	12646	0	0	0	0	0	1202	2676	20184	9148	0	2564	10958	0	748	0	586	0	0	0	2854	0	678	0	2112	0	588	0	2576	0	236	0	692	0	3562	0	1160	0	398	0	324	0	788	604	14194	10054	14592	150	1630	0	166	0	0	0	110	0	0	0	422	0	0	0	3670	0	0	0	644	0	0	0	0	0	0	0	0	0	0	0	0	0	0	0	0	0	0	0	0	0	0	0	0	0	0	
143316	Cingulum_Post_L	3936	250	974	298	0	0	0	0	0	0	0	0	0	0	0	0	192	0	1006	1348	0	0	0	0	0	0	0	0	822	0	768	0	4220	2564	0	8322	5412	2414	3130	276	0	0	4942	172	1318	130	2390	136	1412	0	1022	0	84	158	2242	158	256	84	0	0	0	0	0	0	0	0	8368	1334	5652	594	442	0	414	0	0	0	388	2644	0	0	106	118	0	0	0	440	0	0	580	142	0	0	0	0	0	0	0	0	0	0	0	0	0	0	0	0	0	0	0	0	0	0	0	0	0	0	
223068	Cingulum_Post_R	2804	1352	166	1056	0	0	0	288	0	0	0	228	0	0	0	0	86	174	908	3588	0	0	0	114	0	104	0	0	434	1344	132	262	1582	10958	8322	0	3062	11378	1290	4262	0	0	0	7112	0	390	0	8888	0	388	0	396	0	348	966	2936	0	500	0	212	0	94	0	0	0	102	456	16082	2464	2310	306	740	514	1464	0	174	746	6822	0	0	0	334	0	0	0	1150	0	0	434	910	0	0	0	0	0	0	0	118	0	0	0	0	0	0	0	0	0	0	0	0	284	0	0	0	0	0	
232744	Hippocampus_L	2710	322	2622	206	154	0	1964	0	0	0	240	0	172	0	348	0	1684	0	284	0	410	0	0	0	0	0	0	0	10188	0	0	0	0	0	5412	3062	0	2190	13936	214	6598	0	1988	0	0	0	4216	0	0	0	516	0	410	142	17328	112	1104	78	0	0	142	0	96	0	0	0	3208	128	116	0	2024	88	9870	186	218	0	4030	2264	2556	0	1074	0	2690	0	364	342	418	0	7700	120	0	0	0	0	0	0	128	0	0	0	0	0	0	0	0	0	0	0	0	0	0	0	0	0	0	0	
363324	Hippocampus_R	654	5332	426	2986	0	146	178	1952	0	0	0	3686	0	0	0	96	0	1866	462	800	0	916	0	322	0	292	0	0	190	12222	244	604	0	748	2414	11378	2190	0	1218	33902	0	10396	0	2730	0	0	0	6878	0	0	0	0	0	488	796	27522	308	1234	0	0	144	0	0	320	0	0	0	7498	166	300	300	1716	324	17524	0	3040	226	8764	0	140	0	370	0	1590	0	520	0	288	236	1392	0	220	0	0	0	0	0	536	0	194	0	0	0	0	0	0	0	0	0	0	278	0	0	0	0	0	
96424	ParaHippocampal_L	510	278	222	168	0	0	80	0	0	0	0	0	0	0	94	0	0	0	0	0	324	0	0	0	0	0	0	0	682	0	0	0	0	0	3130	1290	13936	1218	0	154	1630	0	1372	0	0	0	4740	108	0	0	338	0	800	0	8034	0	0	0	0	0	0	0	0	0	0	0	2076	114	0	0	328	0	772	0	0	0	1388	876	136	0	0	0	670	0	180	0	332	0	1538	0	0	0	0	0	138	0	346	0	80	0	0	0	0	0	0	0	0	0	0	130	0	0	0	0	0	0	
230128	ParaHippocampal_R	250	1716	114	1226	0	0	94	938	0	0	0	1496	0	0	0	0	0	600	106	348	0	470	0	112	0	118	0	0	0	5044	78	204	0	586	276	4262	214	33902	154	0	0	5542	0	2322	0	0	0	6984	0	0	0	100	0	266	0	23754	0	612	0	0	0	0	0	104	0	0	0	5082	0	136	86	686	0	9558	0	862	0	2184	0	0	0	172	0	1560	0	0	0	920	0	318	0	236	0	0	0	0	0	794	0	268	0	0	0	0	0	0	0	0	0	0	210	0	0	0	0	0	
37432	Amygdala_L	0	0	0	0	148	0	0	0	0	0	0	0	128	0	394	0	0	0	0	0	656	0	0	0	0	0	0	0	2148	0	0	0	0	0	0	0	6598	0	1630	0	0	0	0	0	0	0	0	0	0	0	0	0	0	0	2454	0	0	0	0	0	0	0	0	0	0	0	0	0	0	0	0	0	986	0	0	0	110	0	0	0	0	0	1838	0	0	0	496	0	1130	0	0	0	0	0	0	0	0	0	0	0	0	0	0	0	0	0	0	0	0	0	0	0	0	0	0	0	
60032	Amygdala_R	0	0	0	0	0	0	0	0	0	0	0	0	0	0	0	462	0	0	0	0	0	1984	0	0	0	0	0	0	0	3860	0	0	0	0	0	0	0	10396	0	5542	0	0	0	0	0	0	0	0	0	0	0	0	0	0	0	3934	0	0	0	0	0	0	0	0	0	0	0	0	0	0	0	0	0	1218	0	0	0	78	0	0	0	0	0	1978	0	0	0	364	0	200	0	0	0	0	0	0	0	0	0	0	0	0	0	0	0	0	0	0	0	0	0	0	0	0	0	0	
299816	Calcarine_L	1068	0	2704	0	0	0	0	0	0	0	0	0	0	0	0	0	152	0	0	0	0	0	0	0	0	0	0	0	338	0	0	0	1932	0	4942	0	1988	0	1372	0	0	0	0	13754	9740	8166	19526	5056	13810	2470	24522	1426	2672	0	3926	380	692	0	2458	0	356	0	0	0	0	0	19098	1028	770	0	722	0	0	0	0	0	0	0	146	0	0	0	0	0	3002	0	0	0	1692	0	0	0	0	0	0	0	0	0	0	0	0	0	0	0	0	0	0	0	0	0	0	0	0	0	0	0	
440240	Calcarine_R	668	396	0	114	0	0	0	0	0	0	0	0	0	0	0	0	0	0	0	406	0	0	0	0	0	0	0	0	0	310	0	0	98	2854	172	7112	0	2730	0	2322	0	0	13754	0	4156	28876	8516	32446	1278	23344	202	22342	0	7690	0	8712	0	466	108	830	0	122	0	0	0	214	1712	31592	256	1708	0	0	0	0	0	0	0	172	0	0	0	0	0	0	0	8312	0	0	0	5070	0	0	0	0	0	0	98	294	0	200	0	0	0	0	0	0	0	0	0	0	294	174	0	0	0	0	
119284	Cuneus_L	148	0	260	0	0	0	0	0	0	0	0	0	0	0	0	0	0	0	0	0	0	0	0	0	0	0	0	0	0	0	0	0	560	0	1318	0	0	0	0	0	0	0	9740	4156	0	7392	902	190	13934	1446	3740	366	0	0	0	0	0	0	3148	0	0	0	0	0	0	0	10974	860	340	0	90	0	0	0	0	0	0	0	0	0	0	0	0	0	78	0	0	0	0	0	0	0	0	0	0	0	0	0	0	0	0	0	0	0	0	0	0	0	0	0	0	0	0	0	0	0	
251780	Cuneus_R	0	0	0	0	0	0	0	0	0	0	0	0	0	0	0	0	0	0	0	0	0	0	0	0	0	0	0	0	0	0	0	0	114	678	130	390	0	0	0	0	0	0	8166	28876	7392	0	3158	4602	1780	27668	194	11566	0	984	0	558	0	90	142	2298	0	0	0	0	0	0	3636	16790	0	476	0	0	0	0	0	0	0	0	0	0	0	0	0	0	0	5424	0	0	0	778	0	0	0	0	0	0	0	0	0	0	0	0	0	0	0	0	0	0	0	0	0	0	0	0	0	0	
311436	Lingual_L	0	0	524	0	0	0	0	0	0	0	0	0	0	0	0	0	0	0	0	0	0	0	0	0	0	0	0	0	128	0	0	0	868	0	2390	0	4216	0	4740	0	0	0	19526	8516	902	3158	0	6614	3706	1690	13552	1564	6294	162	22460	1002	108	0	470	0	124	0	0	0	98	0	8066	246	0	0	192	0	0	0	0	0	290	0	0	0	0	0	0	0	210	0	0	0	660	0	11296	224	940	0	0	0	8110	470	16062	252	284	0	272	0	96	0	78	0	0	0	3400	986	772	0	0	0	
401336	Lingual_R	366	420	0	226	0	0	0	0	0	0	0	0	0	0	0	0	0	0	0	368	0	0	0	0	0	0	0	0	0	448	0	0	0	2112	136	8888	0	6878	108	6984	0	0	5056	32446	190	4602	6614	0	0	6332	0	6868	0	5546	290	24170	0	222	0	270	0	108	0	0	0	78	140	17570	252	1182	0	170	0	164	0	0	0	1228	0	0	0	0	0	0	0	868	0	0	0	2130	2258	7212	376	422	90	338	2232	11198	3106	11062	0	0	0	290	0	216	0	0	92	906	8118	6658	2120	286	258	0	
198088	Occipital_Sup_L	0	0	82	0	0	0	0	0	0	0	0	0	0	0	0	0	0	0	0	0	0	0	0	0	0	0	0	0	0	0	0	0	1096	0	1412	0	0	0	0	0	0	0	13810	1278	13934	1780	3706	0	0	94	26766	0	360	0	254	0	0	0	12624	0	2656	0	0	0	178	0	17690	414	114	0	0	0	0	0	0	0	0	0	0	0	0	0	0	0	610	0	0	0	186	0	0	0	0	0	0	0	0	0	0	0	0	0	0	0	0	0	0	0	0	0	0	0	0	0	0	0	
241312	Occipital_Sup_R	0	348	0	0	0	0	0	0	0	0	0	0	0	0	0	0	0	0	0	78	0	0	0	0	0	0	0	0	0	0	0	0	186	588	0	388	0	0	0	0	0	0	2470	23344	1446	27668	1690	6332	94	0	0	21878	0	406	0	1200	0	856	0	5942	0	2246	0	568	0	3030	926	12862	0	406	0	0	0	0	0	0	0	0	0	0	0	136	0	0	0	5568	0	0	0	0	0	0	0	0	0	0	0	0	0	0	0	0	0	0	0	0	0	0	0	0	0	0	0	0	0	0	
418168	Occipital_Mid_L	2930	0	2922	104	0	0	160	0	0	0	0	0	0	0	0	0	996	0	0	0	0	0	0	0	0	0	0	0	1306	0	0	0	4860	0	1022	0	516	0	338	0	0	0	24522	202	3740	194	13552	0	26766	0	0	0	16834	0	5756	0	2674	0	10614	0	8976	0	1534	0	15720	0	17708	0	1334	0	934	0	0	0	0	0	0	0	608	0	634	0	0	0	30318	0	0	0	10574	0	0	0	0	0	0	0	0	0	736	0	0	0	0	0	0	0	0	0	0	0	0	0	0	0	0	0	
295852	Occipital_Mid_R	0	570	0	86	0	0	0	0	0	0	0	0	0	0	0	0	0	98	0	272	0	0	0	0	0	0	0	0	0	216	0	0	810	2576	0	396	0	0	0	100	0	0	1426	22342	366	11566	1564	6868	0	21878	0	0	0	6548	0	3092	0	584	0	2302	0	5030	0	1110	0	13908	368	12190	0	1140	0	0	0	0	0	0	0	0	0	0	0	742	0	0	0	27316	0	0	0	2462	0	0	0	0	0	0	0	0	0	0	0	0	0	0	0	0	0	0	0	0	0	0	0	0	0	0	
114004	Occipital_Inf_L	194	0	80	0	0	0	0	0	0	0	0	0	0	0	0	0	218	0	0	0	0	0	0	0	0	0	0	0	412	0	0	0	204	0	84	0	410	0	800	0	0	0	2672	0	0	0	6294	0	360	0	16834	0	0	0	8586	0	92	0	96	0	258	0	652	0	256	0	1190	0	88	0	0	0	0	0	0	0	0	0	288	0	382	0	0	0	6526	0	0	0	8956	0	90	0	0	0	0	0	0	0	980	0	0	0	0	0	0	0	0	0	0	0	0	0	0	0	0	0	
110612	Occipital_Inf_R	252	422	0	174	0	0	0	0	0	0	0	88	0	0	0	0	0	0	0	0	0	0	0	0	0	0	0	0	0	558	0	0	0	236	158	348	142	488	0	266	0	0	0	7690	0	984	162	5546	0	406	0	6548	0	0	0	9782	0	192	0	0	0	0	0	0	0	0	0	3824	0	0	0	0	0	0	0	0	0	196	0	0	0	122	0	0	0	3546	0	0	0	9326	0	424	0	0	0	0	88	666	0	1384	0	0	0	0	0	0	0	0	0	0	352	850	86	0	0	0	
376076	Fusiform_L	1738	210	1336	162	0	0	926	0	0	0	0	0	0	0	0	0	1368	0	0	0	96	0	0	0	0	0	0	0	5810	0	0	0	372	0	2242	966	17328	796	8034	0	2454	0	3926	0	0	0	22460	290	254	0	5756	0	8586	0	0	0	666	0	86	0	204	0	0	0	0	0	4186	90	776	0	242	0	2542	0	0	0	910	770	3524	0	1264	0	1654	0	1142	106	366	0	17054	0	23884	78	1968	0	120	0	10104	262	25918	80	1050	0	1202	0	98	0	0	0	0	0	2060	338	184	0	0	0	
421800	Fusiform_R	224	1650	0	796	0	0	0	650	0	0	0	1160	0	0	0	0	0	296	0	194	0	0	0	0	0	0	0	0	0	4078	0	0	0	692	158	2936	112	27522	0	23754	0	3934	380	8712	0	558	1002	24170	0	1200	0	3092	0	9782	0	0	0	796	0	0	0	0	0	120	0	0	0	6150	0	162	0	264	0	5568	0	520	0	1316	0	0	0	998	0	2592	0	1020	0	3208	0	11494	344	18512	128	472	0	332	704	9390	540	19624	0	0	0	84	0	138	0	0	0	682	3914	3522	746	156	272	80	
249224	Postcentral_L	21252	118	1192	170	0	0	1792	0	0	0	2404	526	206	0	0	0	12768	0	1042	128	0	0	0	0	0	0	0	0	9472	150	132	0	264	0	256	0	1104	308	0	0	0	0	692	0	0	0	108	0	0	0	2674	0	92	0	666	0	0	0	10058	0	24756	0	7824	0	3278	0	1606	0	2382	0	4054	182	1586	808	176	372	240	0	1456	0	6536	0	0	0	1412	0	0	0	370	0	0	0	0	0	0	0	0	0	0	0	0	0	0	0	0	0	0	0	0	0	0	0	0	0	0	0	
151244	Postcentral_R	250	19484	0	478	0	0	0	748	0	0	0	1106	0	0	0	0	0	3742	0	484	0	0	0	0	0	0	0	0	0	4214	0	0	0	3562	84	500	78	1234	0	612	0	0	0	466	0	90	0	222	0	856	0	584	0	192	0	796	0	0	0	5672	0	3632	0	9894	0	278	0	6104	0	6306	0	0	0	626	0	78	0	302	0	208	0	1290	0	0	0	646	0	0	0	804	0	0	0	0	0	0	0	0	0	0	0	0	0	0	0	0	0	0	0	0	0	0	0	0	0	0	
137880	Parietal_Sup_L	118	0	0	0	0	0	0	0	0	0	0	0	0	0	0	0	0	0	0	0	0	0	0	0	0	0	0	0	330	0	0	0	298	0	0	0	0	0	0	0	0	0	2458	108	3148	142	470	0	12624	0	10614	0	96	0	86	0	10058	0	0	0	10954	0	1344	0	2432	0	12826	0	276	0	0	0	0	0	0	0	0	0	0	0	0	0	0	0	426	0	0	0	132	0	0	0	0	0	0	0	0	0	0	0	0	0	0	0	0	0	0	0	0	0	0	0	0	0	0	0	
99248	Parietal_Sup_R	0	1874	0	184	0	0	0	120	0	0	0	0	0	0	0	0	0	0	0	290	0	0	0	0	0	0	0	0	0	1406	0	0	0	1160	0	212	0	0	0	0	0	0	0	830	0	2298	0	270	0	5942	0	2302	0	0	0	0	0	5672	0	0	0	7758	0	1584	0	5088	210	8964	0	2310	0	0	0	0	0	0	0	0	0	0	0	426	0	0	0	566	0	0	0	158	0	0	0	0	0	0	0	0	0	0	0	0	0	0	0	0	0	0	0	0	0	0	0	0	0	0	
168876	Parietal_Inf_L	1464	0	110	0	0	0	0	0	0	0	0	258	0	0	0	0	654	0	0	0	0	0	0	0	0	0	0	0	2716	0	0	0	280	0	0	0	142	144	0	0	0	0	356	0	0	0	124	0	2656	0	8976	0	258	0	204	0	24756	0	10954	0	0	0	12896	0	11498	0	800	0	310	0	236	0	262	238	0	182	0	0	0	0	380	0	0	0	1964	0	0	0	1620	0	0	0	0	0	0	0	0	0	0	0	0	0	0	0	0	0	0	0	0	0	0	0	0	0	0	0	
108344	Parietal_Inf_R	0	1382	0	0	0	0	0	128	0	0	0	118	0	0	0	0	0	104	0	0	0	0	0	0	0	0	0	0	0	204	0	0	0	398	0	94	0	0	0	0	0	0	0	122	0	0	0	108	0	2246	0	5030	0	0	0	0	0	3632	0	7758	0	0	0	10670	0	16122	0	378	0	208	0	0	0	0	0	0	0	0	0	86	0	834	0	0	0	3512	0	0	0	1038	0	0	0	0	0	0	0	0	0	0	0	0	0	0	0	0	0	0	0	0	0	0	0	0	0	0	
99408	SupraMarginal_L	590	0	0	0	0	0	0	0	0	0	0	80	0	0	0	0	2502	0	0	0	0	0	0	0	0	0	0	0	1636	0	0	0	88	0	0	0	96	0	0	0	0	0	0	0	0	0	0	0	0	0	1534	0	652	0	0	0	7824	0	1344	0	12896	0	0	0	6854	0	96	0	84	0	80	0	0	80	0	78	0	0	0	0	4924	0	0	0	4730	0	0	0	3536	0	0	0	0	0	0	0	0	0	0	0	0	0	0	0	0	0	0	0	0	0	0	0	0	0	0	0	
106612	SupraMarginal_R	126	1718	0	0	0	0	0	274	0	0	0	348	0	0	0	0	0	3184	0	0	0	0	0	0	0	0	0	0	0	914	0	0	0	324	0	0	0	320	0	104	0	0	0	0	0	0	0	0	0	568	0	1110	0	0	0	120	0	9894	0	1584	0	10670	0	0	0	9980	0	202	0	84	0	0	0	156	0	86	0	0	0	94	0	6166	0	0	0	4272	0	0	0	1008	0	0	0	0	0	0	0	0	0	0	0	0	0	0	0	0	0	0	0	0	0	0	0	0	0	0	
102860	Angular_L	140	0	0	0	0	0	0	0	0	0	0	0	0	0	0	0	122	0	0	0	0	0	0	0	0	0	0	0	448	0	0	0	0	0	0	0	0	0	0	0	0	0	0	0	0	0	98	0	178	0	15720	0	256	0	0	0	3278	0	2432	0	11498	0	6854	0	0	0	0	0	0	0	0	0	0	0	0	0	0	0	0	0	1442	0	0	0	6920	0	0	0	2044	0	0	0	0	0	0	0	0	0	0	0	0	0	0	0	0	0	0	0	0	0	0	0	0	0	0	0	
132604	Angular_R	244	234	0	0	0	0	0	0	0	0	0	0	0	0	0	0	0	162	0	244	0	0	0	0	0	0	0	0	0	186	0	0	0	788	0	102	0	0	0	0	0	0	0	214	0	0	0	78	0	3030	0	13908	0	0	0	0	0	278	0	5088	0	16122	0	9980	0	0	0	408	0	282	0	0	0	0	0	0	0	0	0	0	0	2514	0	0	0	11254	0	0	0	1186	0	0	0	0	0	0	0	0	0	0	0	0	0	0	0	0	0	0	0	0	0	0	0	0	0	0	
280548	Precuneus_L	1552	0	2670	0	0	0	0	0	0	0	0	0	0	0	0	0	352	0	0	0	0	0	0	0	0	0	0	0	1234	0	0	0	6902	604	8368	456	3208	0	2076	0	0	0	19098	1712	10974	3636	8066	140	17690	926	17708	368	1190	0	4186	0	1606	0	12826	210	800	0	96	0	0	0	0	5444	1830	102	730	0	0	0	0	0	206	0	148	0	114	0	0	0	1418	294	0	0	1334	0	0	0	0	0	0	0	0	0	0	0	0	0	0	0	0	0	0	0	0	0	0	0	0	0	0	0	
423260	Precuneus_R	1036	3920	0	410	0	0	0	166	0	0	0	146	0	0	0	0	0	138	306	1570	0	0	0	0	0	0	0	0	0	1642	0	0	2884	14194	1334	16082	128	7498	114	5082	0	0	1028	31592	860	16790	246	17570	414	12862	0	12190	0	3824	90	6150	0	6104	0	8964	0	378	0	202	0	408	5444	0	632	9456	0	204	0	478	0	0	0	1716	0	120	0	244	0	0	0	12002	0	0	0	4154	0	0	0	0	0	0	0	270	0	118	0	0	0	0	0	0	0	0	0	0	356	114	0	0	0	0	
175892	Paracentral_Lobule_L	22870	612	1316	3062	0	0	0	0	0	0	0	0	0	0	0	0	208	0	3846	14880	0	0	0	0	0	0	0	0	1006	0	0	0	1578	10054	5652	2464	116	166	0	0	0	0	770	256	340	0	0	252	114	0	1334	0	88	0	776	0	2382	0	276	0	310	0	84	0	0	0	1830	632	0	8200	522	0	0	0	0	0	646	132	0	0	96	0	0	0	696	86	0	0	294	0	0	0	0	0	0	0	0	0	0	0	0	0	0	0	0	0	0	0	0	0	0	0	0	0	0	0	
149100	Paracentral_Lobule_R	4194	3616	0	98	0	0	0	0	0	0	0	0	0	0	0	0	0	0	210	13640	0	0	0	0	0	0	0	0	0	604	0	0	250	14592	594	2310	0	300	0	136	0	0	0	1708	0	476	0	1182	0	406	0	1140	0	0	0	162	0	6306	0	2310	0	208	0	84	0	282	102	9456	8200	0	242	0	0	0	0	0	0	94	0	0	0	116	0	0	0	1394	0	0	0	138	0	0	0	0	0	0	0	0	0	0	0	0	0	0	0	0	0	0	0	0	0	0	0	0	0	0	
364776	Caudate_L	10020	106	22698	8886	990	414	6916	1422	0	0	1822	180	276	188	0	0	2418	0	17616	3586	6644	4890	482	456	1330	292	2128	524	5078	114	16348	3830	90	150	442	306	2024	300	328	86	0	0	722	0	90	0	192	0	0	0	934	0	0	0	242	0	4054	0	0	0	236	0	80	0	0	0	730	0	522	242	0	8426	23358	1512	4868	362	10362	1232	272	0	308	0	0	0	264	0	0	0	0	0	0	0	0	0	0	0	0	0	0	0	0	0	0	0	0	0	0	0	0	0	0	0	0	0	0	0	
363516	Caudate_R	796	5768	1642	23828	0	5258	866	3310	0	0	0	780	0	428	0	364	0	554	1044	11226	4434	5500	128	9116	0	10482	752	2066	0	1682	10628	25600	0	1630	0	740	88	1716	0	686	0	0	0	0	0	0	0	170	0	0	0	0	0	0	0	264	182	0	0	0	0	0	0	0	0	0	0	204	0	0	8426	0	3610	16410	148	1954	342	18706	0	124	0	106	0	0	0	0	0	0	0	0	0	0	0	0	0	0	0	0	0	0	0	0	0	0	0	0	0	0	0	0	0	0	0	0	0	0	
373732	Putamen_L	3992	0	22412	146	8090	0	9270	0	1422	0	926	0	1896	0	3726	0	2994	0	13746	0	4458	2904	718	0	2808	0	3160	246	28266	0	13592	2274	0	0	414	514	9870	324	772	0	986	0	0	0	0	0	0	0	0	0	0	0	0	0	2542	0	1586	0	0	0	262	0	0	0	0	0	0	0	0	0	23358	3610	0	1506	5608	262	2248	410	402	0	1652	0	1880	0	230	86	0	0	1298	0	0	0	0	0	0	0	0	0	0	0	0	0	0	0	0	0	0	0	0	0	0	0	0	0	0	0	
284768	Putamen_R	604	2522	476	9006	0	2038	370	4120	0	192	0	6134	0	222	0	914	0	4114	188	3274	1158	1490	0	2978	0	6256	0	266	146	19236	2602	6368	0	166	0	1464	186	17524	0	9558	0	1218	0	0	0	0	0	164	0	0	0	0	0	0	0	5568	808	626	0	0	238	0	80	156	0	0	0	478	0	0	1512	16410	1506	0	0	5516	152	3772	0	192	0	232	0	0	0	0	0	0	0	0	0	90	0	0	0	0	0	0	0	94	0	0	0	0	0	0	0	0	0	0	0	0	0	0	0	0	
39828	Pallidum_L	458	0	3232	0	0	0	552	0	0	0	0	0	0	0	0	0	134	0	2370	0	138	84	0	0	0	0	0	0	284	0	0	0	0	0	0	0	218	0	0	0	0	0	0	0	0	0	0	0	0	0	0	0	0	0	0	0	176	0	0	0	0	0	0	0	0	0	0	0	0	0	4868	148	5608	0	0	0	1644	0	0	0	0	0	0	0	0	0	0	0	0	0	0	0	0	0	0	0	0	0	0	0	0	0	0	0	0	0	0	0	0	0	0	0	0	0	0	0	
39348	Pallidum_R	90	594	114	548	0	0	0	498	0	0	0	1834	0	0	0	0	0	480	0	284	180	202	0	0	0	0	0	0	0	546	96	100	0	0	0	174	0	3040	0	862	0	0	0	0	0	0	0	0	0	0	0	0	0	0	0	520	372	78	0	0	182	0	78	86	0	0	0	0	0	0	362	1954	262	5516	0	0	0	622	0	0	0	0	0	0	0	0	0	0	0	0	0	0	0	0	0	0	0	0	0	0	0	0	0	0	0	0	0	0	0	0	0	0	0	0	0	0	
89244	Thalamus_L	8744	110	3750	580	0	0	1758	0	0	0	300	0	0	0	0	0	444	0	690	0	0	0	0	0	0	0	0	0	1378	0	114	110	0	0	388	746	4030	226	1388	0	110	0	0	0	0	0	290	0	0	0	0	0	0	0	910	0	240	0	0	0	0	0	0	0	0	0	206	0	646	0	10362	342	2248	152	1644	0	0	2194	0	0	242	0	0	0	0	0	0	0	280	0	0	0	0	0	0	0	0	0	0	0	0	0	0	0	0	0	0	0	0	0	0	0	0	0	0	0	
191704	Thalamus_R	940	12374	702	13240	0	0	438	978	0	0	0	546	0	0	0	0	0	544	504	2630	0	0	0	270	0	204	0	0	272	2494	676	1066	0	110	2644	6822	2264	8764	876	2184	0	78	0	172	0	0	0	1228	0	0	0	0	0	196	770	1316	0	302	0	0	0	0	0	0	0	0	0	1716	132	94	1232	18706	410	3772	0	622	2194	0	0	0	0	90	0	0	0	496	0	0	314	176	0	0	0	0	0	0	0	140	0	0	0	0	0	0	0	0	0	0	0	0	154	0	0	0	0	0	
54412	Heschl_L	752	0	80	0	0	0	0	0	0	0	210	0	0	0	0	0	4024	0	0	0	0	0	0	0	0	0	0	0	5868	0	0	0	0	0	0	0	2556	0	136	0	0	0	146	0	0	0	0	0	0	0	608	0	288	0	3524	0	1456	0	0	0	0	0	0	0	0	0	148	0	0	0	272	0	402	0	0	0	0	0	0	0	2338	0	0	0	940	0	0	0	3378	0	80	0	0	0	0	0	0	0	0	0	0	0	0	0	0	0	0	0	0	0	0	0	0	0	0	0	
17532	Heschl_R	0	124	0	152	0	0	0	0	0	0	0	0	0	0	0	0	0	2862	0	132	0	0	0	0	0	0	0	0	0	1202	0	0	0	0	0	0	0	140	0	0	0	0	0	0	0	0	0	0	0	0	0	0	0	0	0	0	0	208	0	0	0	86	0	94	0	0	0	120	0	0	0	124	0	192	0	0	0	0	0	0	0	3008	0	0	0	216	0	0	0	106	0	0	0	0	0	0	0	0	0	0	0	0	0	0	0	0	0	0	0	0	0	0	0	0	0	0	
201704	Temporal_Sup_L	4214	0	2932	82	0	0	1450	0	0	0	958	0	0	0	0	0	17414	0	1420	80	0	0	0	0	0	0	0	0	17226	0	0	0	0	0	106	0	1074	0	0	0	0	0	0	0	0	0	0	0	0	0	634	0	382	0	1264	0	6536	0	0	0	380	0	4924	0	1442	0	114	0	96	0	308	0	1652	0	0	0	242	0	2338	0	0	0	2458	0	20898	0	0	0	10228	0	0	0	0	0	0	0	0	0	0	0	0	0	0	0	0	0	0	0	0	0	0	0	0	0	0	0	
91664	Temporal_Sup_R	164	724	0	378	0	0	0	0	0	0	0	0	0	0	0	0	0	3854	0	106	0	0	0	0	0	0	0	0	0	3160	0	0	0	422	118	334	0	370	0	172	0	0	0	0	0	0	0	0	0	136	0	742	0	122	0	998	0	1290	0	426	0	834	0	6166	0	2514	0	244	0	116	0	106	0	232	0	0	0	90	0	3008	0	0	0	3790	0	12622	0	134	0	2460	0	0	0	0	0	0	0	0	0	0	0	0	0	0	0	0	0	0	0	0	0	0	0	0	0	0	
58316	Temporal_Pole_Sup_L	256	0	1124	0	636	0	522	0	0	0	206	0	0	0	792	0	942	0	106	0	584	0	0	0	0	0	0	0	4362	0	0	0	0	0	0	0	2690	0	670	0	1838	0	0	0	0	0	0	0	0	0	0	0	0	0	1654	0	0	0	0	0	0	0	0	0	0	0	0	0	0	0	0	0	1880	0	0	0	0	0	0	0	2458	0	0	0	3638	0	2574	0	2226	0	0	0	0	0	0	0	0	0	0	0	0	0	0	0	0	0	0	0	0	0	0	0	0	0	0	0	
52700	Temporal_Pole_Sup_R	0	0	0	142	0	0	0	92	0	0	0	316	0	0	0	0	0	330	0	0	0	208	0	0	0	0	0	0	0	1022	0	0	0	0	0	0	0	1590	0	1560	0	1978	0	0	0	0	0	0	0	0	0	0	0	0	0	2592	0	0	0	0	0	0	0	0	0	0	0	0	0	0	0	0	0	0	0	0	0	0	0	0	0	3790	0	0	0	5138	0	4300	0	3292	0	0	0	0	0	0	0	0	0	0	0	0	0	0	0	0	0	0	0	0	0	0	0	0	0	0	
256440	Temporal_Mid_L	1940	0	566	0	0	0	296	0	0	0	0	0	0	0	0	0	1602	0	0	0	0	0	0	0	0	0	0	0	6568	0	0	0	604	0	0	0	364	0	180	0	0	0	3002	0	78	0	210	0	610	0	30318	0	6526	0	1142	0	1412	0	426	0	1964	0	4730	0	6920	0	1418	0	696	0	264	0	230	0	0	0	0	0	940	0	20898	0	3638	0	0	0	2354	0	28324	0	0	0	0	0	0	0	0	0	0	0	0	0	0	0	0	0	0	0	0	0	0	0	0	0	0	0	
273176	Temporal_Mid_R	610	1024	0	462	0	0	0	78	0	0	0	0	0	0	0	0	0	0	0	520	0	0	0	0	0	0	0	0	0	1496	0	0	820	3670	440	1150	342	520	0	0	0	0	0	8312	0	5424	0	868	0	5568	0	27316	0	3546	106	1020	0	646	0	566	0	3512	0	4272	0	11254	294	12002	86	1394	0	0	86	0	0	0	0	496	0	216	0	12622	0	5138	0	0	0	2112	0	18600	0	0	0	0	0	0	0	0	0	0	0	0	0	0	0	0	0	0	0	0	0	0	0	0	0	0	
17508	Temporal_Pole_Mid_L	0	0	0	0	0	0	0	0	0	0	0	0	0	0	0	0	0	0	0	0	84	0	0	0	0	0	0	0	0	0	0	0	0	0	0	0	418	0	332	0	496	0	0	0	0	0	0	0	0	0	0	0	0	0	366	0	0	0	0	0	0	0	0	0	0	0	0	0	0	0	0	0	0	0	0	0	0	0	0	0	0	0	2574	0	2354	0	0	0	2130	0	0	0	0	0	0	0	0	0	0	0	0	0	0	0	0	0	0	0	0	0	0	0	0	0	0	0	
27464	Temporal_Pole_Mid_R	0	0	0	0	0	0	0	0	0	0	0	0	0	0	0	0	0	0	0	0	0	0	0	0	0	0	0	0	0	0	0	0	0	0	0	0	0	288	0	920	0	364	0	0	0	0	0	0	0	0	0	0	0	0	0	3208	0	0	0	0	0	0	0	0	0	0	0	0	0	0	0	0	0	0	0	0	0	0	0	0	0	134	0	4300	0	2112	0	0	0	2406	0	0	0	0	0	0	0	0	0	0	0	0	0	0	0	0	0	0	0	0	0	0	0	0	0	0	
241612	Temporal_Inf_L	648	0	1020	0	0	0	670	0	0	0	0	0	0	0	0	0	1148	0	0	0	0	0	0	0	0	0	0	0	7576	0	0	0	164	0	580	434	7700	236	1538	0	1130	0	1692	0	0	0	660	0	186	0	10574	0	8956	0	17054	0	370	0	132	0	1620	0	3536	0	2044	0	1334	0	294	0	0	0	1298	0	0	0	280	314	3378	0	10228	0	2226	0	28324	0	2130	0	0	0	1040	0	292	0	0	0	0	0	0	0	0	0	0	0	0	0	0	0	0	0	0	0	0	0	0	0	
157252	Temporal_Inf_R	350	1502	0	542	0	0	0	170	0	0	0	238	0	0	0	0	0	84	0	84	0	0	0	0	0	0	0	0	0	1988	0	0	0	644	142	910	120	1392	0	318	0	200	0	5070	0	778	0	2130	0	0	0	2462	0	9326	0	11494	0	804	0	158	0	1038	0	1008	0	1186	0	4154	0	138	0	0	0	0	0	0	0	176	0	106	0	2460	0	3292	0	18600	0	2406	0	0	0	2586	0	92	0	0	0	0	0	478	0	0	0	0	0	0	0	0	0	0	0	0	0	0	0	0	
446412	Cerebelum_Crus1_L	0	0	0	0	0	0	0	0	0	0	0	0	0	0	0	0	0	0	0	0	0	0	0	0	0	0	0	0	0	0	0	0	0	0	0	0	0	0	0	0	0	0	0	0	0	0	11296	2258	0	0	0	0	90	0	23884	344	0	0	0	0	0	0	0	0	0	0	0	0	0	0	0	0	0	0	0	0	0	0	80	0	0	0	0	0	0	0	0	0	1040	0	0	5780	35878	7282	220	278	13932	1738	45922	3808	14106	3596	17126	3964	3570	478	872	0	316	456	5170	6268	11330	884	852	388	
449940	Cerebelum_Crus1_R	0	0	0	0	0	0	0	0	0	0	0	0	0	0	0	0	0	0	0	0	0	0	0	0	0	0	0	0	0	0	0	0	0	0	0	0	0	220	0	236	0	0	0	0	0	0	224	7212	0	0	0	0	0	424	78	18512	0	0	0	0	0	0	0	0	0	0	0	0	0	0	0	0	0	90	0	0	0	0	0	0	0	0	0	0	0	0	0	0	0	2586	5780	0	2980	33696	122	3538	2034	22990	4622	56062	1386	3046	1678	9628	338	2662	0	584	622	2846	9776	9130	14072	3652	3384	760	
260800	Cerebelum_Crus2_L	0	0	0	0	0	0	0	0	0	0	0	0	0	0	0	0	0	0	0	0	0	0	0	0	0	0	0	0	0	0	0	0	0	0	0	0	0	0	0	0	0	0	0	0	0	0	940	376	0	0	0	0	0	0	1968	128	0	0	0	0	0	0	0	0	0	0	0	0	0	0	0	0	0	0	0	0	0	0	0	0	0	0	0	0	0	0	0	0	292	0	35878	2980	0	8950	0	0	1430	312	6510	1448	26898	3932	20988	2046	1848	78	402	0	0	0	458	1488	9600	1280	170	0	
314588	Cerebelum_Crus2_R	0	0	0	0	0	0	0	0	0	0	0	0	0	0	0	0	0	0	0	0	0	0	0	0	0	0	0	0	0	0	0	0	0	0	0	0	0	0	0	0	0	0	0	0	0	0	0	422	0	0	0	0	0	0	0	472	0	0	0	0	0	0	0	0	0	0	0	0	0	0	0	0	0	0	0	0	0	0	0	0	0	0	0	0	0	0	0	0	0	92	7282	33696	8950	0	0	752	676	3496	1454	11082	6620	19996	8220	23292	1160	1090	0	672	258	758	1764	2076	18564	3116	1158	176	
15112	Cerebelum_3_L	0	0	0	0	0	0	0	0	0	0	0	0	0	0	0	0	0	0	0	0	0	0	0	0	0	0	0	0	0	0	0	0	0	0	0	0	0	0	138	0	0	0	0	0	0	0	0	90	0	0	0	0	0	0	120	0	0	0	0	0	0	0	0	0	0	0	0	0	0	0	0	0	0	0	0	0	0	0	0	0	0	0	0	0	0	0	0	0	0	0	220	122	0	0	0	0	2926	0	564	138	0	0	170	0	304	0	0	0	770	1080	582	154	178	0	0	0	
61164	Cerebelum_3_R	0	0	0	0	0	0	0	0	0	0	0	0	0	0	0	0	0	0	0	0	0	0	0	0	0	0	0	0	0	0	0	0	0	0	0	0	0	0	0	0	0	0	0	0	0	0	0	338	0	0	0	0	0	0	0	332	0	0	0	0	0	0	0	0	0	0	0	0	0	0	0	0	0	0	0	0	0	0	0	0	0	0	0	0	0	0	0	0	0	0	278	3538	0	752	0	0	926	5884	454	5006	0	0	0	658	0	1696	0	0	268	2432	3200	474	1476	1014	1492	364	
232232	Cerebelum_4_5_L	0	0	0	0	0	0	0	0	0	0	0	0	0	0	0	0	0	0	0	0	0	0	0	0	0	0	0	0	0	0	0	0	0	0	0	0	128	0	346	0	0	0	0	98	0	0	8110	2232	0	0	0	0	0	88	10104	704	0	0	0	0	0	0	0	0	0	0	0	0	0	0	0	0	0	0	0	0	0	0	0	0	0	0	0	0	0	0	0	0	0	0	13932	2034	1430	676	2926	926	0	3368	26096	2622	2482	282	3560	450	3396	1104	496	0	1030	2160	15330	3834	1656	1242	1850	1424	
253236	Cerebelum_4_5_R	0	0	0	0	0	0	0	0	0	0	0	0	0	0	0	0	0	0	0	0	0	0	0	0	0	0	0	0	0	0	0	0	0	0	0	118	0	536	0	794	0	0	0	294	0	0	470	11198	0	0	0	0	0	666	262	9390	0	0	0	0	0	0	0	0	0	0	0	270	0	0	0	0	0	0	0	0	0	140	0	0	0	0	0	0	0	0	0	0	0	0	1738	22990	312	3496	0	5884	3368	0	2832	28998	82	136	142	2120	90	1762	0	0	130	3992	16218	2662	2918	1094	1244	272	
368620	Cerebelum_6_L	0	0	0	0	0	0	0	0	0	0	0	0	0	0	0	0	0	0	0	0	0	0	0	0	0	0	0	0	0	0	0	0	0	0	0	0	0	0	80	0	0	0	0	0	0	0	16062	3106	0	0	736	0	980	0	25918	540	0	0	0	0	0	0	0	0	0	0	0	0	0	0	0	0	0	0	0	0	0	0	0	0	0	0	0	0	0	0	0	0	0	0	45922	4622	6510	1454	564	454	26096	2832	0	4902	3948	400	5178	466	2628	656	898	0	448	714	9986	9608	5488	810	1186	1118	
398112	Cerebelum_6_R	0	0	0	0	0	0	0	0	0	0	0	0	0	0	0	0	0	0	0	0	0	0	0	0	0	0	0	0	0	0	0	0	0	0	0	0	0	194	0	268	0	0	0	200	0	0	252	11062	0	0	0	0	0	1384	80	19624	0	0	0	0	0	0	0	0	0	0	0	118	0	0	0	0	0	94	0	0	0	0	0	0	0	0	0	0	0	0	0	0	0	478	3808	56062	1448	11082	138	5006	2622	28998	4902	0	0	240	206	2616	300	2520	0	304	626	3176	12160	11516	9924	3238	3478	932	
215428	Cerebelum_7b_L	0	0	0	0	0	0	0	0	0	0	0	0	0	0	0	0	0	0	0	0	0	0	0	0	0	0	0	0	0	0	0	0	0	0	0	0	0	0	0	0	0	0	0	0	0	0	284	0	0	0	0	0	0	0	1050	0	0	0	0	0	0	0	0	0	0	0	0	0	0	0	0	0	0	0	0	0	0	0	0	0	0	0	0	0	0	0	0	0	0	0	14106	1386	26898	6620	0	0	2482	82	3948	0	0	4214	27870	3668	4496	112	1096	0	0	0	522	118	6132	2516	114	0	
159052	Cerebelum_7b_R	0	0	0	0	0	0	0	0	0	0	0	0	0	0	0	0	0	0	0	0	0	0	0	0	0	0	0	0	0	0	0	0	0	0	0	0	0	0	0	0	0	0	0	0	0	0	0	0	0	0	0	0	0	0	0	0	0	0	0	0	0	0	0	0	0	0	0	0	0	0	0	0	0	0	0	0	0	0	0	0	0	0	0	0	0	0	0	0	0	0	3596	3046	3932	19996	0	0	282	136	400	240	4214	0	5262	22808	994	2058	0	1244	100	158	204	414	6982	3048	302	110	
269508	Cerebelum_8_L	0	0	0	0	0	0	0	0	0	0	0	0	0	0	0	0	0	0	0	0	0	0	0	0	0	0	0	0	0	0	0	0	0	0	0	0	0	0	0	0	0	0	0	0	0	0	272	0	0	0	0	0	0	0	1202	0	0	0	0	0	0	0	0	0	0	0	0	0	0	0	0	0	0	0	0	0	0	0	0	0	0	0	0	0	0	0	0	0	0	0	17126	1678	20988	8220	170	0	3560	142	5178	206	27870	5262	0	7582	15248	510	4084	0	118	84	862	152	8600	4412	1080	148	
227628	Cerebelum_8_R	0	0	0	0	0	0	0	0	0	0	0	0	0	0	0	0	0	0	0	0	0	0	0	0	0	0	0	0	0	0	0	0	0	0	0	0	0	0	0	0	0	0	0	0	0	0	0	290	0	0	0	0	0	0	0	84	0	0	0	0	0	0	0	0	0	0	0	0	0	0	0	0	0	0	0	0	0	0	0	0	0	0	0	0	0	0	0	0	0	0	3964	9628	2046	23292	0	658	450	2120	466	2616	3668	22808	7582	0	1232	10610	0	3076	110	646	1514	486	10544	4622	1170	132	
99012	Cerebelum_9_L	0	0	0	0	0	0	0	0	0	0	0	0	0	0	0	0	0	0	0	0	0	0	0	0	0	0	0	0	0	0	0	0	0	0	0	0	0	0	0	0	0	0	0	0	0	0	96	0	0	0	0	0	0	0	98	0	0	0	0	0	0	0	0	0	0	0	0	0	0	0	0	0	0	0	0	0	0	0	0	0	0	0	0	0	0	0	0	0	0	0	3570	338	1848	1160	304	0	3396	90	2628	300	4496	994	15248	1232	0	694	4572	0	264	256	606	1294	2178	1304	1428	1112	
99228	Cerebelum_9_R	0	0	0	0	0	0	0	0	0	0	0	0	0	0	0	0	0	0	0	0	0	0	0	0	0	0	0	0	0	0	0	0	0	0	0	0	0	0	0	0	0	0	0	0	0	0	0	216	0	0	0	0	0	0	0	138	0	0	0	0	0	0	0	0	0	0	0	0	0	0	0	0	0	0	0	0	0	0	0	0	0	0	0	0	0	0	0	0	0	0	478	2662	78	1090	0	1696	1104	1762	656	2520	112	2058	510	10610	694	0	0	1504	1034	2298	2376	1700	3732	4230	5008	1348	
25360	Cerebelum_10_L	0	0	0	0	0	0	0	0	0	0	0	0	0	0	0	0	0	0	0	0	0	0	0	0	0	0	0	0	0	0	0	0	0	0	0	0	0	0	0	0	0	0	0	0	0	0	78	0	0	0	0	0	0	0	0	0	0	0	0	0	0	0	0	0	0	0	0	0	0	0	0	0	0	0	0	0	0	0	0	0	0	0	0	0	0	0	0	0	0	0	872	0	402	0	0	0	496	0	898	0	1096	0	4084	0	4572	0	0	0	0	0	182	0	0	0	0	0	
14768	Cerebelum_10_R	0	0	0	0	0	0	0	0	0	0	0	0	0	0	0	0	0	0	0	0	0	0	0	0	0	0	0	0	0	0	0	0	0	0	0	0	0	0	0	0	0	0	0	0	0	0	0	0	0	0	0	0	0	0	0	0	0	0	0	0	0	0	0	0	0	0	0	0	0	0	0	0	0	0	0	0	0	0	0	0	0	0	0	0	0	0	0	0	0	0	0	584	0	672	0	0	0	0	0	304	0	1244	0	3076	0	1504	0	0	0	0	0	0	0	0	0	0	
31672	Vermis_1_2	0	0	0	0	0	0	0	0	0	0	0	0	0	0	0	0	0	0	0	0	0	0	0	0	0	0	0	0	0	0	0	0	0	0	0	0	0	0	0	0	0	0	0	0	0	0	0	92	0	0	0	0	0	0	0	0	0	0	0	0	0	0	0	0	0	0	0	0	0	0	0	0	0	0	0	0	0	0	0	0	0	0	0	0	0	0	0	0	0	0	316	622	0	258	770	268	1030	130	448	626	0	100	118	110	264	1034	0	0	0	3816	1110	852	1012	1146	1276	438	
79224	Vermis_3	0	0	0	0	0	0	0	0	0	0	0	0	0	0	0	0	0	0	0	0	0	0	0	0	0	0	0	0	0	0	0	0	0	0	0	0	0	0	130	0	0	0	0	0	0	0	0	906	0	0	0	0	0	0	0	682	0	0	0	0	0	0	0	0	0	0	0	0	0	0	0	0	0	0	0	0	0	0	0	0	0	0	0	0	0	0	0	0	0	0	456	2846	0	758	1080	2432	2160	3992	714	3176	0	158	84	646	256	2298	0	0	3816	0	4950	1298	1950	1780	2292	752	
245664	Vermis_4_5	0	0	0	0	0	0	0	0	0	0	0	0	0	0	0	0	0	0	0	0	0	0	0	0	0	0	0	0	0	0	0	0	0	0	0	284	0	278	0	210	0	0	0	294	0	0	3400	8118	0	0	0	0	0	352	2060	3914	0	0	0	0	0	0	0	0	0	0	0	356	0	0	0	0	0	0	0	0	0	154	0	0	0	0	0	0	0	0	0	0	0	0	5170	9776	458	1764	582	3200	15330	16218	9986	12160	522	204	862	1514	606	2376	182	0	1110	4950	0	6130	3140	2220	2972	1980	
179412	Vermis_6	0	0	0	0	0	0	0	0	0	0	0	0	0	0	0	0	0	0	0	0	0	0	0	0	0	0	0	0	0	0	0	0	0	0	0	0	0	0	0	0	0	0	0	174	0	0	986	6658	0	0	0	0	0	850	338	3522	0	0	0	0	0	0	0	0	0	0	0	114	0	0	0	0	0	0	0	0	0	0	0	0	0	0	0	0	0	0	0	0	0	0	6268	9130	1488	2076	154	474	3834	2662	9608	11516	118	414	152	486	1294	1700	0	0	852	1298	6130	0	8302	2158	3250	3700	
287772	Vermis_7	0	0	0	0	0	0	0	0	0	0	0	0	0	0	0	0	0	0	0	0	0	0	0	0	0	0	0	0	0	0	0	0	0	0	0	0	0	0	0	0	0	0	0	0	0	0	772	2120	0	0	0	0	0	86	184	746	0	0	0	0	0	0	0	0	0	0	0	0	0	0	0	0	0	0	0	0	0	0	0	0	0	0	0	0	0	0	0	0	0	0	11330	14072	9600	18564	178	1476	1656	2918	5488	9924	6132	6982	8600	10544	2178	3732	0	0	1012	1950	3140	8302	0	6292	4640	1268	
115908	Vermis_8	0	0	0	0	0	0	0	0	0	0	0	0	0	0	0	0	0	0	0	0	0	0	0	0	0	0	0	0	0	0	0	0	0	0	0	0	0	0	0	0	0	0	0	0	0	0	0	286	0	0	0	0	0	0	0	156	0	0	0	0	0	0	0	0	0	0	0	0	0	0	0	0	0	0	0	0	0	0	0	0	0	0	0	0	0	0	0	0	0	0	884	3652	1280	3116	0	1014	1242	1094	810	3238	2516	3048	4412	4622	1304	4230	0	0	1146	1780	2220	2158	6292	0	5650	1804	
94952	Vermis_9	0	0	0	0	0	0	0	0	0	0	0	0	0	0	0	0	0	0	0	0	0	0	0	0	0	0	0	0	0	0	0	0	0	0	0	0	0	0	0	0	0	0	0	0	0	0	0	258	0	0	0	0	0	0	0	272	0	0	0	0	0	0	0	0	0	0	0	0	0	0	0	0	0	0	0	0	0	0	0	0	0	0	0	0	0	0	0	0	0	0	852	3384	170	1158	0	1492	1850	1244	1186	3478	114	302	1080	1170	1428	5008	0	0	1276	2292	2972	3250	4640	5650	0	2950	
42512	Vermis_10	0	0	0	0	0	0	0	0	0	0	0	0	0	0	0	0	0	0	0	0	0	0	0	0	0	0	0	0	0	0	0	0	0	0	0	0	0	0	0	0	0	0	0	0	0	0	0	0	0	0	0	0	0	0	0	80	0	0	0	0	0	0	0	0	0	0	0	0	0	0	0	0	0	0	0	0	0	0	0	0	0	0	0	0	0	0	0	0	0	0	388	760	0	176	0	364	1424	272	1118	932	0	110	148	132	1112	1348	0	0	438	752	1980	3700	1268	1804	2950	0	
