data	data	551584	207456	1.1282e+06	872008	171348	119004	549572	269616	73388	19424	229092	179708	191420	159448	143184	73400	246128	97336	798872	784412	111604	121080	363616	408048	44052	104388	67188	95628	648792	375360	374808	488752	176496	458096	127480	213688	269860	355660	94044	285944	39796	46236	142732	209328	139448	351044	247520	304592	180992	389808	449344	214968	168760	96144	320284	406504	319616	110184	118032	126644	214164	103132	101268	116296	178172	121092	243756	444376	253644	202608	584668	505556	583708	485556	99520	54956	188032	220572	115860	29872	220368	136724	78896	72588	256100	184200	18516	17148	188916	211032	443336	498092	265984	249076	31160	91228	258600	291060	442928	444408	189480	131960	228300	278540	100772	158808	19776	18124	34140	85780	212512	218480	235332	163716	131024	63948	
data	data	Precentral_L	Precentral_R	Frontal_Sup_L	Frontal_Sup_R	Frontal_Sup_Orb_L	Frontal_Sup_Orb_R	Frontal_Mid_L	Frontal_Mid_R	Frontal_Mid_Orb_L	Frontal_Mid_Orb_R	Frontal_Inf_Oper_L	Frontal_Inf_Oper_R	Frontal_Inf_Tri_L	Frontal_Inf_Tri_R	Frontal_Inf_Orb_L	Frontal_Inf_Orb_R	Rolandic_Oper_L	Rolandic_Oper_R	Supp_Motor_Area_L	Supp_Motor_Area_R	Olfactory_L	Olfactory_R	Frontal_Sup_Medial_L	Frontal_Sup_Medial_R	Frontal_Med_Orb_L	Frontal_Med_Orb_R	Rectus_L	Rectus_R	Insula_L	Insula_R	Cingulum_Ant_L	Cingulum_Ant_R	Cingulum_Mid_L	Cingulum_Mid_R	Cingulum_Post_L	Cingulum_Post_R	Hippocampus_L	Hippocampus_R	ParaHippocampal_L	ParaHippocampal_R	Amygdala_L	Amygdala_R	Calcarine_L	Calcarine_R	Cuneus_L	Cuneus_R	Lingual_L	Lingual_R	Occipital_Sup_L	Occipital_Sup_R	Occipital_Mid_L	Occipital_Mid_R	Occipital_Inf_L	Occipital_Inf_R	Fusiform_L	Fusiform_R	Postcentral_L	Postcentral_R	Parietal_Sup_L	Parietal_Sup_R	Parietal_Inf_L	Parietal_Inf_R	SupraMarginal_L	SupraMarginal_R	Angular_L	Angular_R	Precuneus_L	Precuneus_R	Paracentral_Lobule_L	Paracentral_Lobule_R	Caudate_L	Caudate_R	Putamen_L	Putamen_R	Pallidum_L	Pallidum_R	Thalamus_L	Thalamus_R	Heschl_L	Heschl_R	Temporal_Sup_L	Temporal_Sup_R	Temporal_Pole_Sup_L	Temporal_Pole_Sup_R	Temporal_Mid_L	Temporal_Mid_R	Temporal_Pole_Mid_L	Temporal_Pole_Mid_R	Temporal_Inf_L	Temporal_Inf_R	Cerebelum_Crus1_L	Cerebelum_Crus1_R	Cerebelum_Crus2_L	Cerebelum_Crus2_R	Cerebelum_3_L	Cerebelum_3_R	Cerebelum_4_5_L	Cerebelum_4_5_R	Cerebelum_6_L	Cerebelum_6_R	Cerebelum_7b_L	Cerebelum_7b_R	Cerebelum_8_L	Cerebelum_8_R	Cerebelum_9_L	Cerebelum_9_R	Cerebelum_10_L	Cerebelum_10_R	Vermis_1_2	Vermis_3	Vermis_4_5	Vermis_6	Vermis_7	Vermis_8	Vermis_9	Vermis_10	
551584	Precentral_L	0	1668	27228	4916	0	0	24502	1134	0	0	8810	98	1760	0	0	0	6566	0	18758	11268	0	0	0	0	0	0	0	0	11082	0	156	0	1128	2476	5798	2300	10208	908	2074	0	0	0	904	0	346	0	1446	122	408	0	5092	0	3124	0	882	0	35386	0	800	0	4672	0	492	0	2436	0	3042	0	22242	144	7102	1420	10386	172	3658	0	14380	2504	5950	0	2812	0	120	0	1714	0	0	0	1198	0	0	0	0	0	0	0	0	0	0	0	0	0	0	0	0	0	0	0	0	0	0	0	0	0	0	0	
207456	Precentral_R	1668	0	514	4498	0	0	540	16302	0	0	0	3068	0	0	0	0	0	696	404	12296	0	0	0	0	0	0	0	0	0	1114	0	0	128	4256	276	4178	0	2694	0	974	0	0	0	1394	0	3268	0	256	0	3360	0	1006	0	328	0	690	140	7568	0	1398	0	278	0	1496	0	674	0	4888	1016	10734	674	1360	0	1416	0	274	206	3038	0	178	0	968	0	0	0	1076	0	0	0	2438	0	0	0	0	0	0	0	0	0	0	0	0	0	0	0	0	0	0	0	0	0	0	0	0	0	0	
1.1282e+06	Frontal_Sup_L	27228	514	0	20396	11956	0	84684	1256	1686	0	10602	794	17812	1046	5960	0	9162	132	90286	24946	340	0	45440	9806	1950	0	150	0	40690	1486	24974	6324	5140	7830	140	344	4246	0	352	0	168	0	0	0	0	0	0	0	0	0	0	0	0	0	878	0	452	0	0	0	0	0	0	0	0	0	0	0	12670	0	22650	5872	34958	3766	9566	1446	5678	572	2296	0	4688	0	364	0	0	0	0	0	402	0	0	0	0	0	0	0	0	0	0	0	0	0	0	0	0	0	0	0	0	0	0	0	0	0	0	0	
872008	Frontal_Sup_R	4916	4498	20396	0	402	6490	4026	31192	0	348	1190	10376	270	8248	0	1514	1300	7090	25690	59042	0	612	12650	42686	0	2982	0	330	3396	14350	5916	33184	4158	19610	1522	4778	716	5838	102	2070	0	0	0	0	0	0	0	1260	0	0	0	126	0	220	0	1126	262	872	0	0	94	0	0	552	0	0	0	732	2982	138	12852	27992	6526	19032	790	2660	2772	11074	196	286	756	564	0	0	0	0	0	0	0	252	0	0	0	0	0	0	0	0	0	0	0	0	0	0	0	0	0	0	0	0	0	0	0	0	0	0	
171348	Frontal_Sup_Orb_L	0	0	11956	402	0	0	1806	0	11444	0	326	0	488	0	14772	0	170	0	1780	260	2640	0	4238	0	4448	0	6232	0	8840	0	4470	0	0	0	0	0	0	0	0	0	748	0	0	0	0	0	0	0	0	0	0	0	0	0	0	0	0	0	0	0	0	0	0	0	0	0	0	0	0	0	1650	0	7120	0	0	0	0	0	0	0	0	0	1884	0	0	0	0	0	0	0	0	0	0	0	0	0	0	0	0	0	0	0	0	0	0	0	0	0	0	0	0	0	0	0	0	0	
119004	Frontal_Sup_Orb_R	0	0	0	6490	0	0	0	1186	0	2944	0	186	0	1140	0	2738	0	0	0	200	826	2346	106	4306	124	9982	364	9374	0	1724	342	2916	0	0	0	0	0	0	0	0	0	0	0	0	0	0	0	0	0	0	0	0	0	0	0	0	0	0	0	0	0	0	0	0	0	0	0	0	0	0	862	4048	324	6974	0	0	0	0	0	0	0	0	0	0	0	0	0	0	0	0	0	0	0	0	0	0	0	0	0	0	0	0	0	0	0	0	0	0	0	0	0	0	0	0	0	0	
549572	Frontal_Mid_L	24502	540	84684	4026	1806	0	0	704	2500	0	13922	290	29156	116	4958	0	3412	0	20878	1910	0	0	17824	3626	0	0	0	0	22008	254	10962	1770	1786	1892	124	0	2036	0	582	0	0	0	0	0	0	0	178	0	0	0	0	0	0	0	146	0	1038	0	0	0	0	0	0	0	0	0	118	0	154	0	2334	98	7558	128	1988	0	1468	0	1392	0	1918	0	0	0	0	0	0	0	0	0	0	0	0	0	0	0	0	0	0	0	0	0	0	0	0	0	0	0	0	0	0	0	0	0	0	0	
269616	Frontal_Mid_R	1134	16302	1256	31192	0	1186	704	0	0	866	356	13246	0	9966	0	1288	288	1000	1704	3096	0	0	214	3618	0	0	0	0	690	6566	198	2462	110	1124	0	142	148	5352	0	2776	0	0	0	0	0	0	0	1214	0	0	0	252	0	408	0	1678	194	932	0	0	0	0	0	194	0	0	0	0	418	0	1940	1456	652	10890	0	1188	290	5010	0	0	160	226	0	0	0	106	0	0	0	356	0	0	0	0	0	0	0	152	0	0	0	0	0	0	0	0	0	0	0	108	0	0	0	0	0	0	
73388	Frontal_Mid_Orb_L	0	0	1686	0	11444	0	2500	0	0	0	0	0	828	0	13764	0	0	0	0	0	728	0	0	0	0	0	1380	0	2550	0	0	0	0	0	0	0	0	0	0	0	180	0	0	0	0	0	0	0	0	0	0	0	0	0	0	0	0	0	0	0	0	0	0	0	0	0	0	0	0	0	170	0	130	0	0	0	0	0	0	0	0	0	1334	0	0	0	0	0	0	0	0	0	0	0	0	0	0	0	0	0	0	0	0	0	0	0	0	0	0	0	0	0	0	0	0	0	
19424	Frontal_Mid_Orb_R	0	0	0	348	0	2944	0	866	0	0	0	0	0	590	0	2820	0	0	0	0	0	264	0	0	0	0	0	1270	0	362	0	0	0	0	0	0	0	0	0	0	0	0	0	0	0	0	0	0	0	0	0	0	0	0	0	0	0	0	0	0	0	0	0	0	0	0	0	0	0	0	0	0	0	248	0	0	0	0	0	0	0	0	0	0	0	0	0	0	0	0	0	0	0	0	0	0	0	0	0	0	0	0	0	0	0	0	0	0	0	0	0	0	0	0	0	0	
229092	Frontal_Inf_Oper_L	8810	0	10602	1190	326	0	13922	356	0	0	0	1526	11744	686	0	0	8234	0	5752	886	0	0	558	144	0	0	0	0	23620	2192	2608	488	1480	0	0	0	226	182	0	100	0	0	0	0	0	0	0	0	0	0	0	0	0	0	0	0	2850	0	0	0	0	0	0	0	0	0	0	0	0	0	7050	500	3000	410	164	0	0	0	1490	0	2294	0	1156	0	0	0	0	0	0	0	0	0	0	0	0	0	0	0	0	0	0	0	0	0	0	0	0	0	0	0	0	0	0	0	0	0	
179708	Frontal_Inf_Oper_R	98	3068	794	10376	0	186	290	13246	0	0	1526	0	358	12258	0	450	498	4466	1016	3724	0	0	0	752	0	0	0	0	2260	12702	316	1582	0	508	0	0	0	2656	0	1536	0	0	0	0	0	0	0	410	0	0	0	0	0	230	0	1050	0	490	0	0	0	0	0	0	0	0	0	0	0	0	2372	1850	972	5794	0	0	0	800	0	186	304	358	0	100	0	0	0	0	0	178	0	0	0	0	0	0	0	94	0	0	0	0	0	0	0	0	0	0	0	0	0	0	0	0	0	0	
191420	Frontal_Inf_Tri_L	1760	0	17812	270	488	0	29156	0	828	0	11744	358	0	122	5730	0	760	0	922	230	0	0	402	0	0	0	0	0	20248	382	1288	0	0	0	0	0	0	0	0	0	0	0	0	0	0	0	0	0	0	0	0	0	0	0	0	0	184	0	0	0	0	0	0	0	0	0	0	0	0	0	1358	174	1146	0	0	0	0	0	0	0	0	0	348	0	0	0	0	0	0	0	0	0	0	0	0	0	0	0	0	0	0	0	0	0	0	0	0	0	0	0	0	0	0	0	0	0	
159448	Frontal_Inf_Tri_R	0	0	1046	8248	0	1140	116	9966	0	590	686	12258	122	0	0	3912	174	156	1922	1804	0	510	142	2606	0	0	0	564	910	15580	442	6346	240	1892	0	0	0	672	0	390	0	0	0	0	0	0	0	120	0	0	0	0	0	0	0	158	0	0	0	0	0	0	0	0	0	0	0	0	0	0	1970	1128	990	2584	0	0	0	214	0	0	126	0	0	0	0	0	0	0	0	0	0	0	0	0	0	0	0	0	0	0	0	0	0	0	0	0	0	0	0	0	0	0	0	0	0	0	
143184	Frontal_Inf_Orb_L	0	0	5960	0	14772	0	4958	0	13764	0	0	0	5730	0	0	0	0	0	0	0	2748	0	0	0	120	0	1928	0	12544	0	162	0	0	0	0	0	0	0	96	0	830	0	0	0	0	0	0	0	0	0	0	0	0	0	0	0	0	0	0	0	0	0	0	0	0	0	0	0	0	0	732	0	2274	0	0	0	0	0	0	0	0	0	4974	0	0	0	0	0	0	0	0	0	0	0	0	0	0	0	0	0	0	0	0	0	0	0	0	0	0	0	0	0	0	0	0	0	
73400	Frontal_Inf_Orb_R	0	0	0	1514	0	2738	0	1288	0	2820	0	450	0	3912	0	0	0	0	0	0	384	2618	0	0	0	0	0	2736	0	7106	0	0	0	0	0	0	0	136	0	118	0	416	0	0	0	0	0	0	0	0	0	0	0	0	0	950	0	0	0	0	0	0	0	0	0	0	0	0	0	0	358	790	112	4230	0	0	0	0	0	0	0	810	0	2330	0	558	0	0	0	326	0	0	0	0	0	0	0	0	0	0	0	0	0	0	0	0	0	0	0	0	0	0	0	0	0	0	
246128	Rolandic_Oper_L	6566	0	9162	1300	170	0	3412	288	0	0	8234	498	760	174	0	0	0	0	7722	348	0	0	112	100	0	0	0	0	30982	304	256	150	204	0	0	122	310	0	0	0	0	0	0	0	0	0	0	0	0	0	972	0	192	0	0	0	9396	0	96	0	530	0	1686	0	144	0	0	0	284	0	9502	316	3770	192	188	0	1360	376	7244	0	13514	0	782	0	1022	0	0	0	324	0	0	0	0	0	0	0	0	0	0	0	0	0	0	0	0	0	0	0	0	0	0	0	0	0	0	0	
97336	Rolandic_Oper_R	0	696	132	7090	0	0	0	1000	0	0	0	4466	0	156	0	0	0	0	160	3094	0	0	0	0	0	0	0	0	152	11708	0	0	0	0	0	0	0	1422	0	774	0	0	0	0	0	0	0	106	0	0	0	244	0	0	0	402	0	3802	0	0	0	0	0	3034	0	0	0	0	0	94	308	614	176	3352	0	0	0	756	0	1508	0	3302	0	120	0	0	0	0	0	0	0	0	0	0	0	0	0	0	0	0	0	0	0	0	0	0	0	0	0	0	0	0	0	0	0	0	
798872	Supp_Motor_Area_L	18758	404	90286	25690	1780	0	20878	1704	0	0	5752	1016	922	1922	0	0	7722	160	0	46966	0	0	7306	7172	0	0	0	0	15650	1726	9920	7840	15228	18794	740	574	1752	0	0	0	0	0	0	0	214	0	0	0	214	0	238	0	0	0	720	0	600	0	0	0	0	0	0	0	102	0	580	112	15300	262	19952	6316	23936	3904	3726	1448	4180	702	1966	0	3936	0	0	0	0	0	0	0	366	0	0	0	0	0	0	0	0	0	0	0	0	0	0	0	0	0	0	0	0	0	0	0	0	0	0	0	
784412	Supp_Motor_Area_R	11268	12296	24946	59042	260	200	1910	3096	0	0	886	3724	230	1804	0	0	348	3094	46966	0	0	0	2460	12850	0	208	0	0	1700	4716	2750	11856	5478	35172	194	12832	150	3972	0	1682	0	0	0	556	0	5596	0	1606	0	5804	0	656	0	178	0	516	246	1854	0	2628	0	620	0	626	0	506	0	9732	9494	20522	7102	27650	3328	4472	380	688	390	18308	0	146	214	524	0	0	0	612	0	0	0	1012	0	0	0	0	0	0	0	150	0	0	0	0	0	0	0	0	0	0	0	0	0	0	0	0	0	0	
111604	Olfactory_L	0	0	340	0	2640	826	0	0	728	0	0	0	0	0	2748	384	0	0	0	0	0	6992	0	0	720	628	3536	2568	2634	186	4244	3048	0	0	0	0	0	0	228	0	1932	0	0	0	0	0	0	0	0	0	0	0	0	0	0	0	0	0	0	0	0	0	0	0	0	0	0	0	0	0	9118	4578	5178	2364	0	0	0	0	0	0	0	0	182	0	0	0	0	0	0	0	0	0	0	0	0	0	0	0	0	0	0	0	0	0	0	0	0	0	0	0	0	0	0	0	0	0	
121080	Olfactory_R	0	0	0	612	0	2346	0	0	0	264	0	0	0	510	0	2618	0	0	0	0	6992	0	0	252	0	1328	1482	5660	0	3384	2954	3822	0	0	0	0	0	0	0	0	750	240	0	0	0	0	0	0	0	0	0	0	0	0	0	0	0	0	0	0	0	0	0	0	0	0	0	0	0	0	9210	8022	6550	3452	92	0	0	0	0	0	0	0	0	0	0	0	0	0	0	0	0	0	0	0	0	0	0	0	0	0	0	0	0	0	0	0	0	0	0	0	0	0	0	0	0	0	
363616	Frontal_Sup_Medial_L	0	0	45440	12650	4238	106	17824	214	0	0	558	0	402	142	0	0	112	0	7306	2460	0	0	0	28686	2622	1404	168	346	770	194	21992	14262	6248	9776	0	0	0	0	0	0	0	0	0	0	0	0	0	0	0	0	0	0	0	0	0	0	0	0	0	0	0	0	0	0	0	0	0	0	0	0	744	654	1836	654	0	0	0	0	0	0	0	0	0	0	0	0	0	0	0	0	0	0	0	0	0	0	0	0	0	0	0	0	0	0	0	0	0	0	0	0	0	0	0	0	0	0	
408048	Frontal_Sup_Medial_R	0	0	9806	42686	0	4306	3626	3618	0	0	144	752	0	2606	0	0	100	0	7172	12850	0	252	28686	0	218	6624	148	982	166	2854	10178	34002	3554	16456	0	0	0	0	0	0	0	0	0	0	0	0	0	0	0	0	0	0	0	0	0	0	0	0	0	0	0	0	0	0	0	0	0	0	0	0	630	4640	526	6442	0	0	0	0	0	0	0	0	0	0	0	0	0	0	0	0	0	0	0	0	0	0	0	0	0	0	0	0	0	0	0	0	0	0	0	0	0	0	0	0	0	0	
44052	Frontal_Med_Orb_L	0	0	1950	0	4448	124	0	0	0	0	0	0	0	0	120	0	0	0	0	0	720	0	2622	218	0	988	3396	116	140	0	5290	212	0	0	0	0	0	0	0	0	0	0	0	0	0	0	0	0	0	0	0	0	0	0	0	0	0	0	0	0	0	0	0	0	0	0	0	0	0	0	488	0	1194	0	0	0	0	0	0	0	0	0	0	0	0	0	0	0	0	0	0	0	0	0	0	0	0	0	0	0	0	0	0	0	0	0	0	0	0	0	0	0	0	0	0	0	
104388	Frontal_Med_Orb_R	0	0	0	2982	0	9982	0	0	0	0	0	0	0	0	0	0	0	0	0	208	628	1328	1404	6624	988	0	526	7494	0	0	2770	7172	0	0	0	0	0	0	0	0	0	0	0	0	0	0	0	0	0	0	0	0	0	0	0	0	0	0	0	0	0	0	0	0	0	0	0	0	0	0	520	4096	276	5196	0	0	0	0	0	0	0	0	0	0	0	0	0	0	0	0	0	0	0	0	0	0	0	0	0	0	0	0	0	0	0	0	0	0	0	0	0	0	0	0	0	0	
67188	Rectus_L	0	0	150	0	6232	364	0	0	1380	0	0	0	0	0	1928	0	0	0	0	0	3536	1482	168	148	3396	526	0	1102	480	0	4862	988	0	0	0	0	0	0	0	0	306	0	0	0	0	0	0	0	0	0	0	0	0	0	0	0	0	0	0	0	0	0	0	0	0	0	0	0	0	0	3334	610	2014	284	0	0	0	0	0	0	0	0	304	0	0	0	0	0	0	0	0	0	0	0	0	0	0	0	0	0	0	0	0	0	0	0	0	0	0	0	0	0	0	0	0	0	
95628	Rectus_R	0	0	0	330	0	9374	0	0	0	1270	0	0	0	564	0	2736	0	0	0	0	2568	5660	346	982	116	7494	1102	0	0	1574	1666	4088	0	0	0	0	0	0	0	0	134	0	0	0	0	0	0	0	0	0	0	0	0	0	0	0	0	0	0	0	0	0	0	0	0	0	0	0	0	0	2346	2708	902	1854	0	0	0	0	0	0	0	0	0	0	0	0	0	0	0	0	0	0	0	0	0	0	0	0	0	0	0	0	0	0	0	0	0	0	0	0	0	0	0	0	0	0	
648792	Insula_L	11082	0	40690	3396	8840	0	22008	690	2550	0	23620	2260	20248	910	12544	0	30982	152	15650	1700	2634	0	770	166	140	0	480	0	0	2302	2954	546	492	0	250	140	10786	192	788	108	1918	0	214	0	0	0	142	0	0	0	1302	0	1048	0	5438	96	6648	0	232	0	1044	0	114	0	312	0	392	0	294	0	16344	1008	25492	678	164	0	1964	514	12584	0	16394	0	4926	0	1422	0	0	0	3434	0	98	0	0	0	0	0	0	0	110	0	0	0	0	0	0	0	0	0	0	0	0	0	0	0	0	0	
375360	Insula_R	0	1114	1486	14350	0	1724	254	6566	0	362	2192	12702	382	15580	0	7106	304	11708	1726	4716	186	3384	194	2854	0	0	0	1574	2302	0	776	6222	248	1318	0	0	0	11096	0	5970	0	1462	0	256	0	0	0	876	0	146	0	634	0	966	0	6312	0	1252	0	0	0	0	0	554	0	0	0	246	0	102	3128	2802	1338	24412	0	0	168	1096	0	3356	128	9344	0	4110	0	3942	0	112	0	2178	0	98	0	0	0	0	0	142	0	124	0	0	0	0	0	0	0	0	0	0	0	0	0	0	0	0	
374808	Cingulum_Ant_L	156	0	24974	5916	4470	342	10962	198	0	0	2608	316	1288	442	162	0	256	0	9920	2750	4244	2954	21992	10178	5290	2770	4862	1666	2954	776	0	23224	3590	3868	0	0	0	0	0	0	0	0	0	0	0	0	0	0	0	0	0	0	0	0	0	0	0	0	0	0	0	0	0	0	0	0	0	0	0	0	12982	3966	14204	3124	0	0	0	0	0	0	0	0	0	0	0	0	0	0	0	0	0	0	0	0	0	0	0	0	0	0	0	0	0	0	0	0	0	0	0	0	0	0	0	0	0	0	
488752	Cingulum_Ant_R	0	0	6324	33184	0	2916	1770	2462	0	0	488	1582	0	6346	0	0	150	0	7840	11856	3048	3822	14262	34002	212	7172	988	4088	546	6222	23224	0	7922	24146	0	288	0	0	0	0	264	0	0	0	0	0	0	0	0	0	0	0	0	0	0	0	0	0	0	0	0	0	0	0	0	0	0	0	0	0	5658	16974	3414	12796	0	142	0	268	0	0	0	0	0	0	0	0	0	0	0	0	0	0	0	0	0	0	0	0	0	0	0	0	0	0	0	0	0	0	0	0	0	0	0	0	0	0	
176496	Cingulum_Mid_L	1128	128	5140	4158	0	0	1786	110	0	0	1480	0	0	240	0	0	204	0	15228	5478	0	0	6248	3554	0	0	0	0	492	248	3590	7922	0	16264	2888	1188	0	0	0	0	0	0	0	0	348	0	0	0	628	0	570	0	0	0	0	0	202	0	0	0	0	0	0	0	166	0	2310	650	4714	710	0	332	0	144	0	0	0	0	0	0	0	0	0	0	0	0	0	0	0	0	0	0	0	0	0	0	0	0	0	0	0	0	0	0	0	0	0	0	0	0	0	0	0	0	0	0	
458096	Cingulum_Mid_R	2476	4256	7830	19610	0	0	1892	1124	0	0	0	508	0	1892	0	0	0	0	18794	35172	0	0	9776	16456	0	0	0	0	0	1318	3868	24146	16264	0	518	13616	0	94	0	0	0	0	0	1660	0	5540	0	574	0	5208	0	2448	0	694	0	0	0	712	0	1192	0	852	0	354	0	378	134	12058	3150	11524	340	754	0	430	0	0	0	0	0	0	0	112	0	0	0	242	0	0	0	1082	0	0	0	0	0	0	0	0	0	0	0	0	0	0	0	0	0	0	0	0	0	0	0	0	0	0	
127480	Cingulum_Post_L	5798	276	140	1522	0	0	124	0	0	0	0	0	0	0	0	0	0	0	740	194	0	0	0	0	0	0	0	0	250	0	0	0	2888	518	0	4676	7074	1494	1690	152	0	0	3782	0	1390	0	3372	298	1048	0	812	0	552	0	106	0	946	0	0	0	0	0	0	0	0	0	8730	1104	4924	110	230	1646	746	0	0	0	3048	2906	338	0	0	0	0	0	116	0	0	0	0	0	0	0	0	0	0	0	0	0	0	0	0	0	0	0	0	0	0	0	0	0	0	0	0	0	0	0	
213688	Cingulum_Post_R	2300	4178	344	4778	0	0	0	142	0	0	0	0	0	0	0	0	122	0	574	12832	0	0	0	0	0	0	0	0	140	0	0	288	1188	13616	4676	0	896	6090	0	2638	0	0	0	1132	0	2210	0	4312	0	1928	0	490	0	0	0	0	0	414	0	258	0	286	0	128	0	134	156	13342	1576	7600	1176	3608	0	132	0	0	4802	7484	0	0	0	0	0	0	0	218	0	0	0	656	0	0	0	0	0	0	0	0	0	0	0	0	0	0	0	0	0	0	0	0	0	0	0	0	0	0	
269860	Hippocampus_L	10208	0	4246	716	0	0	2036	148	0	0	226	0	0	0	0	0	310	0	1752	150	0	0	0	0	0	0	0	0	10786	0	0	0	0	0	7074	896	0	820	13858	0	5362	0	4746	0	756	0	9666	120	882	0	848	0	1122	0	15082	0	2518	0	0	0	0	0	0	0	0	0	7894	0	610	0	590	406	12768	134	1200	0	4744	1094	1924	0	1644	0	554	0	288	0	0	0	5220	0	514	0	0	0	0	0	356	0	558	0	104	0	0	0	0	0	0	0	0	0	0	0	0	0	0	0	
355660	Hippocampus_R	908	2694	0	5838	0	0	0	5352	0	0	182	2656	0	672	0	136	0	1422	0	3972	0	0	0	0	0	0	0	0	192	11096	0	0	0	94	1494	6090	820	0	0	36968	0	7648	0	1656	0	98	0	11260	0	0	0	1600	0	2394	0	24634	0	736	0	0	0	0	0	0	0	0	0	6544	0	0	154	600	0	15702	0	442	1156	4788	0	382	0	1720	0	1256	0	1262	0	0	0	4448	0	1694	0	0	0	162	0	3848	0	2208	0	0	0	108	0	0	0	0	0	356	272	0	116	0	0	0	
94044	ParaHippocampal_L	2074	0	352	102	0	0	582	0	0	0	0	0	0	0	96	0	0	0	0	0	228	0	0	0	0	0	0	0	788	0	0	0	0	0	1690	0	13858	0	0	0	800	0	1026	0	368	0	6400	0	356	0	430	0	832	0	5764	0	906	0	0	0	0	0	0	0	0	0	2220	0	0	0	178	0	3582	0	0	0	804	0	0	0	0	0	536	0	0	0	164	0	374	0	622	0	0	0	0	0	820	0	908	0	162	0	0	0	0	0	0	0	0	0	0	0	0	0	0	0	
285944	ParaHippocampal_R	0	974	0	2070	0	0	0	2776	0	0	100	1536	0	390	0	118	0	774	0	1682	0	0	0	0	0	0	0	0	108	5970	0	0	0	0	152	2638	0	36968	0	0	0	6742	0	1482	0	0	0	11368	0	0	0	1566	0	2414	0	23596	0	390	0	0	0	0	0	0	0	0	0	4946	0	0	0	0	0	8400	0	396	0	1370	0	0	0	800	0	2532	0	582	0	490	0	1330	262	2982	0	212	0	422	0	6768	0	3788	0	0	0	368	0	458	0	0	0	362	408	288	788	612	490	104	
39796	Amygdala_L	0	0	168	0	748	0	0	0	180	0	0	0	0	0	830	0	0	0	0	0	1932	750	0	0	0	0	306	134	1918	0	0	264	0	0	0	0	5362	0	800	0	0	0	0	0	0	0	0	0	0	0	0	0	0	0	2296	0	0	0	0	0	0	0	0	0	0	0	0	0	0	0	964	664	1158	310	0	0	0	0	0	0	0	0	252	0	0	0	0	0	464	0	196	0	0	0	0	0	0	0	202	0	0	0	0	0	0	0	0	0	0	0	0	0	0	0	0	0	
46236	Amygdala_R	0	0	0	0	0	0	0	0	0	0	0	0	0	0	0	416	0	0	0	0	0	240	0	0	0	0	0	0	0	1462	0	0	0	0	0	0	0	7648	0	6742	0	0	0	0	0	0	0	0	0	0	0	0	0	0	0	3396	0	0	0	0	0	0	0	0	0	0	0	0	0	0	0	126	0	588	0	0	0	0	0	0	0	0	0	2244	0	0	0	0	0	108	0	0	0	0	0	0	0	148	0	0	0	0	0	0	0	0	0	0	0	0	0	0	0	0	0	0	
142732	Calcarine_L	904	0	0	0	0	0	0	0	0	0	0	0	0	0	0	0	0	0	0	0	0	0	0	0	0	0	0	0	214	0	0	0	0	0	3782	0	4746	0	1026	0	0	0	0	4782	8120	3128	10040	2788	6340	812	10012	0	2652	0	818	460	234	0	0	0	0	0	0	0	152	0	7454	190	186	0	0	0	164	0	0	0	0	0	384	0	0	0	0	0	198	0	0	0	200	0	0	212	0	0	0	0	0	528	0	306	0	0	0	0	0	0	0	0	0	0	534	0	0	0	0	0	
209328	Calcarine_R	0	1394	0	0	0	0	0	0	0	0	0	0	0	0	0	0	0	0	0	556	0	0	0	0	0	0	0	0	0	256	0	0	0	1660	0	1132	0	1656	0	1482	0	0	4782	0	1494	18036	1028	15888	0	13666	0	9692	0	4630	0	5156	0	652	0	0	0	0	0	0	0	124	292	14190	0	1602	0	0	0	192	0	0	0	0	0	0	0	0	0	0	0	1566	0	0	0	3288	0	0	0	0	0	0	0	120	0	0	0	0	0	0	0	0	0	0	0	0	130	0	0	0	0	0	
139448	Cuneus_L	346	0	0	0	0	0	0	0	0	0	0	0	0	0	0	0	0	0	214	0	0	0	0	0	0	0	0	0	0	0	0	0	348	0	1390	0	756	0	368	0	0	0	8120	1494	0	2692	2704	114	18854	510	14166	0	1770	0	0	0	542	0	322	0	992	0	0	0	1862	0	8354	302	2166	0	0	0	130	0	0	0	0	0	0	0	0	0	0	0	982	0	0	0	226	0	0	0	0	0	0	0	0	0	0	0	0	0	0	0	0	0	0	0	0	0	0	0	0	0	0	0	
351044	Cuneus_R	0	3268	0	0	0	0	0	0	0	0	0	0	0	0	0	0	0	0	0	5596	0	0	0	0	0	0	0	0	0	0	0	0	0	5540	0	2210	0	98	0	0	0	0	3128	18036	2692	0	496	4528	0	43040	0	15144	0	2686	0	1070	0	2050	0	4346	0	1964	0	1392	0	2226	1334	35956	0	7842	0	0	0	0	0	0	0	0	0	0	0	536	0	0	0	4586	0	0	0	5758	0	0	0	0	0	0	0	0	0	0	0	0	0	0	0	0	0	0	0	0	0	0	0	0	0	0	
247520	Lingual_L	1446	0	0	0	0	0	178	0	0	0	0	0	0	0	0	0	0	0	0	0	0	0	0	0	0	0	0	0	142	0	0	0	0	0	3372	0	9666	0	6400	0	0	0	10040	1028	2704	496	0	3468	2518	248	15084	0	10412	0	14228	1034	354	0	0	0	0	0	0	0	0	0	5614	0	168	0	0	0	880	0	0	0	1162	0	0	0	0	0	0	0	186	0	0	0	824	0	2724	1364	0	0	252	0	6964	1156	10284	2208	0	0	0	0	0	150	0	0	106	146	2488	4116	0	0	150	0	
304592	Lingual_R	122	256	0	1260	0	0	0	1214	0	0	0	410	0	120	0	0	0	106	0	1606	0	0	0	0	0	0	0	0	0	876	0	0	0	574	298	4312	120	11260	0	11368	0	0	2788	15888	114	4528	3468	0	0	5538	0	3880	0	3512	350	17418	0	104	0	0	0	0	0	0	0	0	0	8380	0	530	0	206	0	1882	0	0	136	1998	0	0	0	0	0	0	0	0	0	0	0	572	1216	7588	238	0	0	248	1402	8568	3418	11472	0	0	0	0	0	0	0	0	0	436	5874	6108	534	0	0	0	
180992	Occipital_Sup_L	408	0	0	0	0	0	0	0	0	0	0	0	0	0	0	0	0	0	214	0	0	0	0	0	0	0	0	0	0	0	0	0	628	0	1048	0	882	0	356	0	0	0	6340	0	18854	0	2518	0	0	0	27234	0	2544	0	0	0	570	0	2898	0	2062	0	168	0	3548	0	13596	0	1148	0	0	0	108	0	0	0	0	0	0	0	98	0	0	0	3576	0	0	0	1698	0	0	0	0	0	0	0	0	0	0	0	0	0	0	0	0	0	0	0	0	0	0	0	0	0	0	0	
389808	Occipital_Sup_R	0	3360	0	0	0	0	0	0	0	0	0	0	0	0	0	0	0	0	0	5804	0	0	0	0	0	0	0	0	0	146	0	0	0	5208	0	1928	0	0	0	0	0	0	812	13666	510	43040	248	5538	0	0	0	24122	0	3578	0	2264	0	1980	0	8062	0	2952	0	1558	0	6522	600	37044	0	8244	0	0	0	0	0	0	0	0	0	0	0	706	0	0	0	7936	0	0	0	9076	0	0	0	0	0	0	0	0	0	0	0	0	0	0	0	0	0	0	0	0	0	0	0	0	0	0	
449344	Occipital_Mid_L	5092	0	0	0	0	0	0	0	0	0	0	0	0	0	0	0	972	0	238	0	0	0	0	0	0	0	0	0	1302	0	0	0	570	0	812	0	848	0	430	0	0	0	10012	0	14166	0	15084	0	27234	0	0	0	26338	0	4414	0	11766	0	11218	0	18142	0	2430	0	24366	0	15822	0	8358	0	104	0	0	0	0	0	0	0	980	0	1462	0	0	0	18006	0	0	0	4328	0	0	0	0	0	0	0	178	0	0	0	0	0	0	0	0	0	0	0	0	0	0	0	0	0	0	0	
214968	Occipital_Mid_R	0	1006	0	126	0	0	0	252	0	0	0	0	0	0	0	0	0	244	0	656	0	0	0	0	0	0	0	0	0	634	0	0	0	2448	0	490	0	1600	0	1566	0	0	0	9692	0	15144	0	3880	0	24122	0	0	0	4600	0	3250	0	286	0	2208	0	2496	0	672	0	10258	134	11084	0	1916	0	0	0	140	0	0	0	0	0	0	0	152	0	0	0	5306	0	0	0	3122	0	0	0	0	0	0	0	0	0	0	0	0	0	0	0	0	0	0	0	0	0	0	0	0	0	0	
168760	Occipital_Inf_L	3124	0	0	0	0	0	0	0	0	0	0	0	0	0	0	0	192	0	0	0	0	0	0	0	0	0	0	0	1048	0	0	0	0	0	552	0	1122	0	832	0	0	0	2652	0	1770	0	10412	0	2544	0	26338	0	0	0	8354	0	2412	0	102	0	754	0	500	0	1000	0	2678	0	1938	0	0	0	94	0	0	0	0	0	2158	0	562	0	0	0	5114	0	0	0	6036	0	0	0	0	0	0	0	870	0	746	0	0	0	0	0	0	0	0	0	0	0	262	214	0	0	0	0	
96144	Occipital_Inf_R	0	328	0	220	0	0	0	408	0	0	0	230	0	0	0	0	0	0	0	178	0	0	0	0	0	0	0	0	0	966	0	0	0	694	0	0	0	2394	0	2414	0	0	0	4630	0	2686	0	3512	0	3578	0	4600	0	0	0	7148	0	0	0	266	0	338	0	346	0	244	0	2922	0	464	0	0	0	1026	0	0	0	0	0	0	0	0	0	0	0	806	0	0	0	5850	0	0	0	0	0	0	96	392	0	820	0	0	0	0	0	0	0	0	0	0	316	200	0	0	0	0	
320284	Fusiform_L	882	0	878	0	0	0	146	0	0	0	0	0	0	0	0	0	0	0	720	0	0	0	0	0	0	0	0	0	5438	0	0	0	0	0	106	0	15082	0	5764	0	2296	0	818	0	0	0	14228	350	0	0	4414	0	8354	0	0	0	610	0	0	0	0	0	0	0	0	0	704	0	0	0	0	0	3898	0	0	0	302	0	294	0	2104	0	2780	0	2534	0	982	0	14694	0	21002	264	302	0	404	0	11272	0	29814	498	1236	0	872	0	216	358	94	0	112	0	1150	3670	0	0	360	140	
406504	Fusiform_R	0	690	0	1126	0	0	0	1678	0	0	0	1050	0	158	0	950	0	402	0	516	0	0	0	0	0	0	0	0	96	6312	0	0	0	0	0	0	0	24634	0	23596	0	3396	460	5156	0	1070	1034	17418	0	2264	0	3250	0	7148	0	0	0	264	0	0	0	0	0	0	0	0	0	448	0	0	0	0	0	6184	0	0	0	316	0	214	0	688	0	6376	0	1440	0	1886	0	11908	362	19282	0	572	0	1432	1080	15548	1108	23322	0	180	0	758	0	178	0	0	0	254	4374	1806	426	266	176	0	
319616	Postcentral_L	35386	140	452	262	0	0	1038	194	0	0	2850	0	184	0	0	0	9396	0	600	246	0	0	0	0	0	0	0	0	6648	0	0	0	202	0	946	0	2518	0	906	0	0	0	234	0	542	0	354	0	570	0	11766	0	2412	0	610	0	0	0	8606	0	20918	0	8814	0	4378	0	5044	0	5902	0	2996	0	3658	0	402	0	2018	130	4130	0	6182	0	180	0	6034	0	0	0	1960	0	0	0	0	0	0	0	0	0	0	0	0	0	0	0	0	0	0	0	0	0	0	0	0	0	0	0	
110184	Postcentral_R	0	7568	0	872	0	0	0	932	0	0	0	490	0	0	0	0	0	3802	0	1854	0	0	0	0	0	0	0	0	0	1252	0	0	0	712	0	414	0	736	0	390	0	0	0	652	0	2050	0	104	0	1980	0	286	0	0	0	264	0	0	0	4746	0	3356	0	9306	0	714	0	3968	0	5758	0	0	0	422	0	0	0	368	0	180	0	946	0	0	0	240	0	0	0	730	0	0	0	0	0	0	0	0	0	0	0	0	0	0	0	0	0	0	0	0	0	0	0	0	0	0	
118032	Parietal_Sup_L	800	0	0	0	0	0	0	0	0	0	0	0	0	0	0	0	96	0	0	0	0	0	0	0	0	0	0	0	232	0	0	0	0	0	0	0	0	0	0	0	0	0	0	0	322	0	0	0	2898	0	11218	0	102	0	0	0	8606	0	0	0	13134	0	816	0	4246	0	11938	0	3556	0	0	0	0	0	0	0	0	0	0	0	770	0	0	0	282	0	0	0	0	0	0	0	0	0	0	0	0	0	0	0	0	0	0	0	0	0	0	0	0	0	0	0	0	0	0	0	
126644	Parietal_Sup_R	0	1398	0	0	0	0	0	0	0	0	0	0	0	0	0	0	0	0	0	2628	0	0	0	0	0	0	0	0	0	0	0	0	0	1192	0	258	0	0	0	0	0	0	0	0	0	4346	0	0	0	8062	0	2208	0	266	0	0	0	4746	0	0	0	9754	0	4644	0	7286	740	7646	0	3474	0	0	0	0	0	0	0	0	0	0	0	382	0	0	0	1774	0	0	0	2518	0	0	0	0	0	0	0	0	0	0	0	0	0	0	0	0	0	0	0	0	0	0	0	0	0	0	
214164	Parietal_Inf_L	4672	0	0	94	0	0	0	0	0	0	0	0	0	0	0	0	530	0	0	0	0	0	0	0	0	0	0	0	1044	0	0	0	0	0	0	0	0	0	0	0	0	0	0	0	992	0	0	0	2062	0	18142	0	754	0	0	0	20918	0	13134	0	0	0	9458	0	20514	0	4618	0	3726	0	176	0	142	0	122	0	0	0	248	0	1304	0	0	0	3630	0	0	0	802	0	0	0	0	0	0	0	0	0	0	0	0	0	0	0	0	0	0	0	0	0	0	0	0	0	0	0	
103132	Parietal_Inf_R	0	278	0	0	0	0	0	0	0	0	0	0	0	0	0	0	0	0	0	620	0	0	0	0	0	0	0	0	0	0	0	0	0	852	0	286	0	0	0	0	0	0	0	0	0	1964	0	0	0	2952	0	2496	0	338	0	0	0	3356	0	9754	0	0	0	10330	0	10808	0	2288	0	848	0	0	0	0	0	0	0	0	0	0	0	532	0	0	0	1388	0	0	0	2476	0	0	0	0	0	0	0	0	0	0	0	0	0	0	0	0	0	0	0	0	0	0	0	0	0	0	
101268	SupraMarginal_L	492	0	0	0	0	0	0	0	0	0	0	0	0	0	0	0	1686	0	0	0	0	0	0	0	0	0	0	0	114	0	0	0	0	0	0	0	0	0	0	0	0	0	0	0	0	0	0	0	168	0	2430	0	500	0	0	0	8814	0	816	0	9458	0	0	0	6656	0	324	0	380	0	0	0	0	0	0	0	0	0	192	0	5718	0	0	0	10380	0	0	0	2506	0	0	0	0	0	0	0	0	0	0	0	0	0	0	0	0	0	0	0	0	0	0	0	0	0	0	0	
116296	SupraMarginal_R	0	1496	0	552	0	0	0	194	0	0	0	0	0	0	0	0	0	3034	0	626	0	0	0	0	0	0	0	0	0	554	0	0	0	354	0	128	0	0	0	0	0	0	0	0	0	1392	0	0	0	1558	0	672	0	346	0	0	0	9306	0	4644	0	10330	0	0	0	7546	0	1608	0	1164	0	0	0	98	0	0	0	0	0	150	0	6938	0	0	0	3258	0	0	0	2200	0	0	0	0	0	0	0	0	0	0	0	0	0	0	0	0	0	0	0	0	0	0	0	0	0	0	
178172	Angular_L	2436	0	0	0	0	0	0	0	0	0	0	0	0	0	0	0	144	0	102	0	0	0	0	0	0	0	0	0	312	0	0	0	166	0	0	0	0	0	0	0	0	0	152	0	1862	0	0	0	3548	0	24366	0	1000	0	0	0	4378	0	4246	0	20514	0	6656	0	0	0	2510	0	2270	0	0	0	0	0	0	0	0	0	254	0	870	0	0	0	12024	0	0	0	1276	0	0	0	0	0	0	0	0	0	0	0	0	0	0	0	0	0	0	0	0	0	0	0	0	0	0	0	
121092	Angular_R	0	674	0	0	0	0	0	0	0	0	0	0	0	0	0	0	0	0	0	506	0	0	0	0	0	0	0	0	0	0	0	0	0	378	0	134	0	0	0	0	0	0	0	124	0	2226	0	0	0	6522	0	10258	0	244	0	0	0	714	0	7286	0	10808	0	7546	0	0	0	2596	0	776	0	0	0	0	0	0	0	0	0	0	0	2804	0	0	0	4236	0	0	0	2714	0	0	0	0	0	0	0	0	0	0	0	0	0	0	0	0	0	0	0	0	0	0	0	0	0	0	
243756	Precuneus_L	3042	0	0	0	0	0	118	0	0	0	0	0	0	0	0	0	0	0	580	0	0	0	0	0	0	0	0	0	392	0	0	0	2310	134	8730	156	7894	0	2220	0	0	0	7454	292	8354	1334	5614	0	13596	600	15822	134	2678	0	704	0	5044	0	11938	740	4618	0	324	0	2510	0	0	3606	5658	0	0	0	692	0	0	0	470	0	534	0	278	0	0	0	2186	0	0	0	1122	0	0	0	0	0	0	0	0	0	0	0	0	0	0	0	0	0	0	0	0	0	0	0	0	0	0	0	
444376	Precuneus_R	0	4888	0	732	0	0	0	0	0	0	0	0	0	0	0	0	0	0	112	9732	0	0	0	0	0	0	0	0	0	246	0	0	650	12058	1104	13342	0	6544	0	4946	0	0	190	14190	302	35956	0	8380	0	37044	0	11084	0	2922	0	448	0	3968	0	7646	0	2288	0	1608	0	2596	3606	0	456	13038	0	164	0	144	0	0	0	988	0	0	0	732	0	0	0	8326	0	0	0	11230	0	0	0	0	0	0	0	182	0	0	0	0	0	0	0	0	0	0	0	0	346	0	0	0	0	0	
253644	Paracentral_Lobule_L	22242	1016	12670	2982	0	0	154	418	0	0	0	0	0	0	0	0	284	0	15300	9494	0	0	0	0	0	0	0	0	294	0	0	0	4714	3150	4924	1576	610	0	0	0	0	0	186	0	2166	0	168	0	1148	0	8358	0	1938	0	0	0	5902	0	3556	0	3726	0	380	0	2270	0	5658	456	0	620	1972	230	438	0	676	0	5204	334	0	0	382	0	0	0	1082	0	0	0	144	0	0	0	0	0	0	0	0	0	0	0	0	0	0	0	0	0	0	0	0	0	0	0	0	0	0	0	
202608	Paracentral_Lobule_R	144	10734	0	138	0	0	0	0	0	0	0	0	0	0	0	0	0	94	262	20522	0	0	0	0	0	0	0	0	0	102	0	0	710	11524	110	7600	0	0	0	0	0	0	0	1602	0	7842	0	530	0	8244	0	1916	0	464	0	0	0	5758	0	3474	0	848	0	1164	0	776	0	13038	620	0	0	0	0	0	0	0	0	0	0	0	0	610	0	0	0	816	0	0	0	1662	0	0	0	0	0	0	0	0	0	0	0	0	0	0	0	0	0	0	0	0	0	0	0	0	0	0	
584668	Caudate_L	7102	674	22650	12852	1650	862	2334	1940	170	0	7050	2372	1358	1970	732	358	9502	308	19952	7102	9118	9210	744	630	488	520	3334	2346	16344	3128	12982	5658	0	340	230	1176	590	154	178	0	964	0	0	0	0	0	0	0	0	0	104	0	0	0	0	0	2996	0	0	0	176	0	0	0	0	0	0	0	1972	0	0	28160	38486	16276	7812	3940	15424	2636	860	0	3750	0	670	0	0	0	0	0	0	0	0	0	0	0	0	0	0	0	0	0	0	0	0	0	0	0	0	0	0	0	0	0	0	0	0	0	
505556	Caudate_R	1420	1360	5872	27992	0	4048	98	1456	0	0	500	1850	174	1128	0	790	316	614	6316	27650	4578	8022	654	4640	0	4096	610	2708	1008	2802	3966	16974	332	754	1646	3608	406	600	0	0	664	126	0	0	0	0	0	206	0	0	0	0	0	0	0	0	0	0	0	0	0	0	0	0	0	0	0	164	230	0	28160	0	18102	31504	2834	5182	3362	23074	0	0	182	0	0	0	0	0	0	0	0	0	0	0	0	0	0	0	0	0	0	0	0	0	0	0	0	0	0	0	0	0	0	0	0	0	0	0	
583708	Putamen_L	10386	0	34958	6526	7120	324	7558	652	130	0	3000	972	1146	990	2274	112	3770	176	23936	3328	5178	6550	1836	526	1194	276	2014	902	25492	1338	14204	3414	0	0	746	0	12768	0	3582	0	1158	0	164	0	130	0	880	0	108	0	0	0	94	0	3898	0	3658	0	0	0	142	0	0	0	0	0	692	0	438	0	38486	18102	0	11096	11138	2904	4606	864	1236	0	2362	0	960	0	0	0	0	0	1360	0	0	0	0	0	0	0	0	0	0	0	0	0	0	0	0	0	0	0	0	0	0	0	0	0	0	0	
485556	Putamen_R	172	1416	3766	19032	0	6974	128	10890	0	248	410	5794	0	2584	0	4230	192	3352	3904	4472	2364	3452	654	6442	0	5196	284	1854	678	24412	3124	12796	144	430	0	132	134	15702	0	8400	310	588	0	192	0	0	0	1882	0	0	0	140	0	1026	0	6184	0	422	0	0	0	0	0	98	0	0	0	144	0	0	16276	31504	11096	0	1322	5000	386	4750	0	0	108	2612	0	1646	0	1642	0	0	0	654	0	158	0	0	0	0	0	510	0	230	0	0	0	0	0	0	0	0	0	136	0	0	0	0	0	0	
99520	Pallidum_L	3658	0	9566	790	0	0	1988	0	0	0	164	0	0	0	0	0	188	0	3726	380	0	92	0	0	0	0	0	0	164	0	0	0	0	0	0	0	1200	0	0	0	0	0	0	0	0	0	0	0	0	0	0	0	0	0	0	0	402	0	0	0	122	0	0	0	0	0	0	0	676	0	7812	2834	11138	1322	0	1662	1762	0	0	0	114	0	0	0	0	0	0	0	0	0	0	0	0	0	0	0	0	0	0	0	0	0	0	0	0	0	0	0	0	0	0	0	0	0	0	0	
54956	Pallidum_R	0	274	1446	2660	0	0	0	1188	0	0	0	0	0	0	0	0	0	0	1448	688	0	0	0	0	0	0	0	0	0	0	0	142	0	0	0	0	0	442	0	396	0	0	0	0	0	0	0	0	0	0	0	0	0	0	0	0	0	0	0	0	0	0	0	0	0	0	0	0	0	0	3940	5182	2904	5000	1662	0	0	106	0	0	0	0	0	0	0	0	0	0	0	0	0	0	0	0	0	0	0	0	0	0	0	0	0	0	0	0	0	0	0	0	0	0	0	0	0	0	
188032	Thalamus_L	14380	206	5678	2772	0	0	1468	290	0	0	0	0	0	0	0	0	1360	0	4180	390	0	0	0	0	0	0	0	0	1964	168	0	0	0	0	3048	4802	4744	1156	804	0	0	0	0	0	0	0	1162	136	0	0	0	0	0	0	302	0	2018	0	0	0	0	0	0	0	0	0	470	0	5204	0	15424	3362	4606	386	1762	0	0	11334	0	0	440	0	0	0	0	0	0	0	0	0	0	0	0	0	0	0	0	0	0	0	0	0	0	0	0	0	0	0	0	0	0	0	0	0	0	0	
220572	Thalamus_R	2504	3038	572	11074	0	0	0	5010	0	0	0	800	0	214	0	0	376	756	702	18308	0	0	0	0	0	0	0	0	514	1096	0	268	0	0	2906	7484	1094	4788	0	1370	0	0	0	0	0	0	0	1998	0	0	0	0	0	0	0	316	130	368	0	0	0	0	0	0	0	0	0	988	334	0	2636	23074	864	4750	0	106	11334	0	0	0	136	132	0	0	0	0	0	0	0	0	0	0	0	0	0	0	0	114	0	0	0	0	0	0	0	0	0	0	0	132	0	0	0	0	0	0	
115860	Heschl_L	5950	0	2296	196	0	0	1392	0	0	0	1490	0	0	0	0	0	7244	0	1966	0	0	0	0	0	0	0	0	0	12584	0	0	0	0	0	338	0	1924	0	0	0	0	0	384	0	0	0	0	0	0	0	980	0	2158	0	294	0	4130	0	0	0	248	0	192	0	254	0	534	0	0	0	860	0	1236	0	0	0	0	0	0	0	6304	0	252	0	3148	0	0	0	1576	0	0	0	0	0	0	0	0	0	0	0	0	0	0	0	0	0	0	0	0	0	0	0	0	0	0	0	
29872	Heschl_R	0	178	0	286	0	0	0	0	0	0	0	186	0	0	0	0	0	1508	0	146	0	0	0	0	0	0	0	0	0	3356	0	0	0	0	0	0	0	382	0	0	0	0	0	0	0	0	0	0	0	0	0	0	0	0	0	214	0	180	0	0	0	0	0	150	0	0	0	0	0	0	0	0	0	0	0	0	0	0	0	0	0	6704	0	0	0	1292	0	0	0	354	0	0	0	0	0	0	0	0	0	0	0	0	0	0	0	0	0	0	0	0	0	0	0	0	0	0	
220368	Temporal_Sup_L	2812	0	4688	756	0	0	1918	160	0	0	2294	304	0	126	0	0	13514	0	3936	214	0	0	0	0	0	0	0	0	16394	128	0	0	0	0	0	0	1644	0	0	0	0	0	0	0	0	0	0	0	98	0	1462	0	562	0	2104	0	6182	0	770	0	1304	0	5718	0	870	0	278	0	382	0	3750	182	2362	108	114	0	440	136	6304	0	0	0	3472	0	19146	0	0	0	5552	0	0	0	0	0	0	0	0	0	0	0	0	0	0	0	0	0	0	0	0	0	0	0	0	0	0	0	
136724	Temporal_Sup_R	0	968	0	564	0	0	0	226	0	0	0	358	0	0	0	810	0	3302	0	524	0	0	0	0	0	0	0	0	0	9344	0	0	0	112	0	0	0	1720	0	800	0	0	0	0	0	536	0	0	0	706	0	152	0	0	0	688	0	946	0	382	0	532	0	6938	0	2804	0	732	0	610	0	0	0	2612	0	0	0	132	0	6704	0	0	0	4812	0	16412	0	190	0	3746	0	0	0	0	0	0	0	0	0	0	0	0	0	0	0	0	0	0	0	0	0	0	0	0	0	0	
78896	Temporal_Pole_Sup_L	120	0	364	0	1884	0	0	0	1334	0	1156	0	348	0	4974	0	782	0	0	0	182	0	0	0	0	0	304	0	4926	0	0	0	0	0	0	0	554	0	536	0	252	0	0	0	0	0	0	0	0	0	0	0	0	0	2780	0	180	0	0	0	0	0	0	0	0	0	0	0	0	0	670	0	960	0	0	0	0	0	252	0	3472	0	0	0	5770	0	3090	0	4558	0	0	0	0	0	0	0	0	0	0	0	0	0	0	0	0	0	0	0	0	0	0	0	0	0	0	0	
72588	Temporal_Pole_Sup_R	0	0	0	0	0	0	0	0	0	0	0	100	0	0	0	2330	0	120	0	0	0	0	0	0	0	0	0	0	0	4110	0	0	0	0	0	0	0	1256	0	2532	0	2244	0	0	0	0	0	0	0	0	0	0	0	0	0	6376	0	0	0	0	0	0	0	0	0	0	0	0	0	0	0	0	0	1646	0	0	0	0	0	0	0	4812	0	0	0	4952	0	3774	0	2042	0	0	0	0	0	0	0	0	0	0	0	0	0	0	0	0	0	0	0	0	0	0	0	0	0	0	
256100	Temporal_Mid_L	1714	0	0	0	0	0	0	0	0	0	0	0	0	0	0	0	1022	0	0	0	0	0	0	0	0	0	0	0	1422	0	0	0	0	0	116	0	288	0	0	0	0	0	198	0	982	0	186	0	3576	0	18006	0	5114	0	2534	0	6034	0	282	0	3630	0	10380	0	12024	0	2186	0	1082	0	0	0	0	0	0	0	0	0	3148	0	19146	0	5770	0	0	0	2722	0	26488	0	0	0	0	0	0	0	0	0	0	0	0	0	0	0	0	0	0	0	0	0	0	0	0	0	0	0	
184200	Temporal_Mid_R	0	1076	0	0	0	0	0	106	0	0	0	0	0	0	0	558	0	0	0	612	0	0	0	0	0	0	0	0	0	3942	0	0	0	242	0	218	0	1262	0	582	0	0	0	1566	0	4586	0	0	0	7936	0	5306	0	806	0	1440	0	240	0	1774	0	1388	0	3258	0	4236	0	8326	0	816	0	0	0	1642	0	0	0	0	0	1292	0	16412	0	4952	0	0	0	1378	0	16148	0	0	0	0	0	0	0	0	0	0	0	0	0	0	0	0	0	0	0	0	0	0	0	0	0	0	
18516	Temporal_Pole_Mid_L	0	0	0	0	0	0	0	0	0	0	0	0	0	0	0	0	0	0	0	0	0	0	0	0	0	0	0	0	0	0	0	0	0	0	0	0	0	0	164	0	0	0	0	0	0	0	0	0	0	0	0	0	0	0	982	0	0	0	0	0	0	0	0	0	0	0	0	0	0	0	0	0	0	0	0	0	0	0	0	0	0	0	3090	0	2722	0	0	0	2300	0	0	0	0	0	0	0	0	0	0	0	0	0	0	0	0	0	0	0	0	0	0	0	0	0	0	0	
17148	Temporal_Pole_Mid_R	0	0	0	0	0	0	0	0	0	0	0	0	0	0	0	0	0	0	0	0	0	0	0	0	0	0	0	0	0	112	0	0	0	0	0	0	0	0	0	490	0	0	0	0	0	0	0	0	0	0	0	0	0	0	0	1886	0	0	0	0	0	0	0	0	0	0	0	0	0	0	0	0	0	0	0	0	0	0	0	0	0	190	0	3774	0	1378	0	0	0	744	0	0	0	0	0	0	0	0	0	0	0	0	0	0	0	0	0	0	0	0	0	0	0	0	0	0	
188916	Temporal_Inf_L	1198	0	402	0	0	0	0	0	0	0	0	0	0	0	0	0	324	0	366	0	0	0	0	0	0	0	0	0	3434	0	0	0	0	0	0	0	5220	0	374	0	464	0	200	0	226	0	824	0	1698	0	4328	0	6036	0	14694	0	1960	0	0	0	802	0	2506	0	1276	0	1122	0	144	0	0	0	1360	0	0	0	0	0	1576	0	5552	0	4558	0	26488	0	2300	0	0	0	3008	0	148	0	0	0	304	0	1348	0	126	0	92	0	0	0	0	0	0	0	0	0	0	0	0	0	
211032	Temporal_Inf_R	0	2438	0	252	0	0	0	356	0	0	0	178	0	0	0	326	0	0	0	1012	0	0	0	0	0	0	0	0	0	2178	0	0	0	1082	0	656	0	4448	0	1330	0	108	0	3288	0	5758	0	572	0	9076	0	3122	0	5850	0	11908	0	730	0	2518	0	2476	0	2200	0	2714	0	11230	0	1662	0	0	0	654	0	0	0	0	0	354	0	3746	0	2042	0	16148	0	744	0	0	0	2572	0	118	0	0	0	392	0	1278	0	0	0	0	0	0	0	0	0	0	0	0	0	0	0	0	
443336	Cerebelum_Crus1_L	0	0	0	0	0	0	0	0	0	0	0	0	0	0	0	0	0	0	0	0	0	0	0	0	0	0	0	0	98	0	0	0	0	0	0	0	514	0	622	262	196	0	0	0	0	0	2724	1216	0	0	0	0	0	0	21002	362	0	0	0	0	0	0	0	0	0	0	0	0	0	0	0	0	0	0	0	0	0	0	0	0	0	0	0	0	0	0	0	0	3008	0	0	3014	35534	2176	1048	1540	15724	1634	52946	4476	14062	356	14394	3408	3400	2364	924	352	870	1896	4512	10884	7708	4054	3184	1204	
498092	Cerebelum_Crus1_R	0	0	0	0	0	0	0	0	0	0	0	0	0	0	0	0	0	0	0	0	0	0	0	0	0	0	0	0	0	98	0	0	0	0	0	0	0	1694	0	2982	0	0	212	0	0	0	1364	7588	0	0	0	0	0	0	264	19282	0	0	0	0	0	0	0	0	0	0	0	0	0	0	0	0	0	158	0	0	0	0	0	0	0	0	0	0	0	0	0	0	0	2572	3014	0	1004	33908	0	4770	2372	23834	3792	57432	798	12668	976	25330	0	5334	0	412	354	2282	8356	7236	12264	3378	2456	862	
265984	Cerebelum_Crus2_L	0	0	0	0	0	0	0	0	0	0	0	0	0	0	0	0	0	0	0	0	0	0	0	0	0	0	0	0	0	0	0	0	0	0	0	0	0	0	0	0	0	0	0	0	0	0	0	238	0	0	0	0	0	0	302	0	0	0	0	0	0	0	0	0	0	0	0	0	0	0	0	0	0	0	0	0	0	0	0	0	0	0	0	0	0	0	0	0	148	0	35534	1004	0	5994	524	246	2082	314	9262	1212	25578	2228	19682	3848	3016	1440	562	202	204	422	532	3566	7680	4502	1908	762	
249076	Cerebelum_Crus2_R	0	0	0	0	0	0	0	0	0	0	0	0	0	0	0	0	0	0	0	0	0	0	0	0	0	0	0	0	0	0	0	0	0	0	0	0	0	0	0	212	0	0	0	0	0	0	0	0	0	0	0	0	0	0	0	572	0	0	0	0	0	0	0	0	0	0	0	0	0	0	0	0	0	0	0	0	0	0	0	0	0	0	0	0	0	0	0	0	0	118	2176	33908	5994	0	0	264	114	810	384	5810	2942	20152	1604	27466	0	3778	0	0	0	146	152	574	10338	5560	1188	276	
31160	Cerebelum_3_L	0	0	0	0	0	0	0	0	0	0	0	0	0	0	0	0	0	0	0	0	0	0	0	0	0	0	0	0	0	0	0	0	0	0	0	0	0	0	0	0	0	0	0	0	0	0	252	0	0	0	0	0	0	0	404	0	0	0	0	0	0	0	0	0	0	0	0	0	0	0	0	0	0	0	0	0	0	0	0	0	0	0	0	0	0	0	0	0	0	0	1048	0	524	0	0	0	4976	0	2484	96	0	0	120	0	464	254	0	0	874	2234	964	352	0	0	272	262	
91228	Cerebelum_3_R	0	0	0	0	0	0	0	0	0	0	0	0	0	0	0	0	0	0	0	0	0	0	0	0	0	0	0	0	0	0	0	0	0	0	0	0	0	162	0	422	0	0	0	0	0	0	0	248	0	0	0	0	0	0	0	1432	0	0	0	0	0	0	0	0	0	0	0	0	0	0	0	0	0	0	0	0	0	0	0	0	0	0	0	0	0	0	0	0	0	0	1540	4770	246	264	0	0	2198	7920	1582	8938	110	0	186	1268	0	728	0	112	1024	4354	3034	1080	2184	1042	674	96	
258600	Cerebelum_4_5_L	0	0	0	0	0	0	0	0	0	0	0	0	0	0	0	0	0	0	0	0	0	0	0	0	0	0	0	0	0	0	0	0	0	0	0	0	356	0	820	0	0	0	0	0	0	0	6964	1402	0	0	178	0	870	96	11272	1080	0	0	0	0	0	0	0	0	0	0	0	0	0	0	0	0	0	0	0	0	0	0	0	0	0	0	0	0	0	0	0	0	304	0	15724	2372	2082	114	4976	2198	0	4492	30428	4152	608	0	1640	830	3688	1676	966	114	1234	4024	14504	3932	1570	786	1722	2126	
291060	Cerebelum_4_5_R	0	0	0	0	0	0	0	152	0	0	0	94	0	0	0	0	0	0	0	150	0	0	0	0	0	0	0	0	0	142	0	0	0	0	0	0	0	3848	0	6768	0	148	528	120	0	0	1156	8568	0	0	0	0	0	392	0	15548	0	0	0	0	0	0	0	0	0	0	0	182	0	0	0	0	0	510	0	0	0	114	0	0	0	0	0	0	0	0	0	0	0	392	1634	23834	314	810	0	7920	4492	0	2910	34874	258	98	410	1310	410	1722	0	198	124	2316	13358	2122	3162	1846	1690	906	
442928	Cerebelum_6_L	0	0	0	0	0	0	0	0	0	0	0	0	0	0	0	0	0	0	0	0	0	0	0	0	0	0	0	0	110	0	0	0	0	0	0	0	558	0	908	0	202	0	0	0	0	0	10284	3418	0	0	0	0	746	0	29814	1108	0	0	0	0	0	0	0	0	0	0	0	0	0	0	0	0	0	0	0	0	0	0	0	0	0	0	0	0	0	0	0	0	1348	0	52946	3792	9262	384	2484	1582	30428	2910	0	6642	3738	0	5052	844	3866	3370	1276	492	1150	2506	9836	17168	3816	2250	4570	2604	
444408	Cerebelum_6_R	0	0	0	0	0	0	0	0	0	0	0	0	0	0	0	0	0	0	0	0	0	0	0	0	0	0	0	0	0	124	0	0	0	0	0	0	0	2208	0	3788	0	0	306	0	0	0	2208	11472	0	0	0	0	0	820	498	23322	0	0	0	0	0	0	0	0	0	0	0	0	0	0	0	0	0	230	0	0	0	0	0	0	0	0	0	0	0	0	0	0	0	1278	4476	57432	1212	5810	96	8938	4152	34874	6642	0	250	1392	278	6326	0	2230	0	560	418	3182	12710	10886	8810	2322	2212	742	
189480	Cerebelum_7b_L	0	0	0	0	0	0	0	0	0	0	0	0	0	0	0	0	0	0	0	0	0	0	0	0	0	0	0	0	0	0	0	0	0	0	0	0	104	0	162	0	0	0	0	0	0	0	0	0	0	0	0	0	0	0	1236	0	0	0	0	0	0	0	0	0	0	0	0	0	0	0	0	0	0	0	0	0	0	0	0	0	0	0	0	0	0	0	0	0	126	0	14062	798	25578	2942	0	110	608	258	3738	250	0	1502	23602	3856	2164	868	328	0	0	134	126	706	5534	4698	1034	216	
131960	Cerebelum_7b_R	0	0	0	0	0	0	0	0	0	0	0	0	0	0	0	0	0	0	0	0	0	0	0	0	0	0	0	0	0	0	0	0	0	0	0	0	0	0	0	0	0	0	0	0	0	0	0	0	0	0	0	0	0	0	0	180	0	0	0	0	0	0	0	0	0	0	0	0	0	0	0	0	0	0	0	0	0	0	0	0	0	0	0	0	0	0	0	0	0	0	356	12668	2228	20152	0	0	0	98	0	1392	1502	0	356	19040	0	2336	0	0	0	0	0	92	3550	2030	0	0	
228300	Cerebelum_8_L	0	0	0	0	0	0	0	0	0	0	0	0	0	0	0	0	0	0	0	0	0	0	0	0	0	0	0	0	0	0	0	0	0	0	0	0	0	0	0	0	0	0	0	0	0	0	0	0	0	0	0	0	0	0	872	0	0	0	0	0	0	0	0	0	0	0	0	0	0	0	0	0	0	0	0	0	0	0	0	0	0	0	0	0	0	0	0	0	92	0	14394	976	19682	1604	120	186	1640	410	5052	278	23602	356	0	4046	17916	2158	2218	212	126	242	430	836	5082	7148	3822	650	
278540	Cerebelum_8_R	0	0	0	0	0	0	0	0	0	0	0	0	0	0	0	0	0	0	0	0	0	0	0	0	0	0	0	0	0	0	0	0	0	0	0	0	0	108	0	368	0	0	0	0	0	0	0	0	0	0	0	0	0	0	0	758	0	0	0	0	0	0	0	0	0	0	0	0	0	0	0	0	0	0	0	0	0	0	0	0	0	0	0	0	0	0	0	0	0	0	3408	25330	3848	27466	0	1268	830	1310	844	6326	3856	19040	4046	0	392	16272	0	138	228	872	1056	1418	10198	7854	1750	286	
100772	Cerebelum_9_L	0	0	0	0	0	0	0	0	0	0	0	0	0	0	0	0	0	0	0	0	0	0	0	0	0	0	0	0	0	0	0	0	0	0	0	0	0	0	0	0	0	0	0	0	0	0	0	0	0	0	0	0	0	0	216	0	0	0	0	0	0	0	0	0	0	0	0	0	0	0	0	0	0	0	0	0	0	0	0	0	0	0	0	0	0	0	0	0	0	0	3400	0	3016	0	464	0	3688	410	3866	0	2164	0	17916	392	0	1598	3400	0	0	156	1318	1566	694	1896	2810	1416	
158808	Cerebelum_9_R	0	0	0	0	0	0	0	0	0	0	0	0	0	0	0	0	0	0	0	0	0	0	0	0	0	0	0	0	0	0	0	0	0	0	0	0	0	0	0	458	0	0	0	0	0	0	150	0	0	0	0	0	0	0	358	178	0	0	0	0	0	0	0	0	0	0	0	0	0	0	0	0	0	0	0	0	0	0	0	0	0	0	0	0	0	0	0	0	0	0	2364	5334	1440	3778	254	728	1676	1722	3370	2230	868	2336	2158	16272	1598	0	0	1884	974	988	1650	4670	4116	5356	8156	4338	
19776	Cerebelum_10_L	0	0	0	0	0	0	0	0	0	0	0	0	0	0	0	0	0	0	0	0	0	0	0	0	0	0	0	0	0	0	0	0	0	0	0	0	0	0	0	0	0	0	0	0	0	0	0	0	0	0	0	0	0	0	94	0	0	0	0	0	0	0	0	0	0	0	0	0	0	0	0	0	0	0	0	0	0	0	0	0	0	0	0	0	0	0	0	0	0	0	924	0	562	0	0	0	966	0	1276	0	328	0	2218	0	3400	0	0	0	0	0	120	0	0	0	0	0	
18124	Cerebelum_10_R	0	0	0	0	0	0	0	0	0	0	0	0	0	0	0	0	0	0	0	0	0	0	0	0	0	0	0	0	0	0	0	0	0	0	0	0	0	0	0	0	0	0	0	0	0	0	0	0	0	0	0	0	0	0	0	0	0	0	0	0	0	0	0	0	0	0	0	0	0	0	0	0	0	0	0	0	0	0	0	0	0	0	0	0	0	0	0	0	0	0	352	412	202	0	0	112	114	198	492	560	0	0	212	138	0	1884	0	0	136	174	104	606	742	840	946	838	
34140	Vermis_1_2	0	0	0	0	0	0	0	0	0	0	0	0	0	0	0	0	0	0	0	0	0	0	0	0	0	0	0	0	0	0	0	0	0	0	0	0	0	0	0	0	0	0	0	0	0	0	106	0	0	0	0	0	0	0	112	0	0	0	0	0	0	0	0	0	0	0	0	0	0	0	0	0	0	0	0	0	0	0	0	0	0	0	0	0	0	0	0	0	0	0	870	354	204	0	874	1024	1234	124	1150	418	0	0	126	228	0	974	0	136	0	4924	1354	810	544	516	830	158	
85780	Vermis_3	0	0	0	0	0	0	0	108	0	0	0	0	0	0	0	0	0	0	0	0	0	0	0	0	0	0	0	0	0	0	0	0	0	0	0	0	0	356	0	362	0	0	0	0	0	0	146	436	0	0	0	0	0	0	0	254	0	0	0	0	0	0	0	0	0	0	0	0	0	0	0	0	0	136	0	0	0	132	0	0	0	0	0	0	0	0	0	0	0	0	1896	2282	422	146	2234	4354	4024	2316	2506	3182	134	0	242	872	156	988	0	174	4924	0	4742	1286	1876	1072	890	242	
212512	Vermis_4_5	0	0	0	0	0	0	0	0	0	0	0	0	0	0	0	0	0	0	0	0	0	0	0	0	0	0	0	0	0	0	0	0	0	0	0	0	0	272	0	408	0	0	534	130	0	0	2488	5874	0	0	0	0	262	316	1150	4374	0	0	0	0	0	0	0	0	0	0	0	346	0	0	0	0	0	0	0	0	0	0	0	0	0	0	0	0	0	0	0	0	0	0	4512	8356	532	152	964	3034	14504	13358	9836	12710	126	0	430	1056	1318	1650	120	104	1354	4742	0	4760	2126	942	1414	2002	
218480	Vermis_6	0	0	0	0	0	0	0	0	0	0	0	0	0	0	0	0	0	0	0	0	0	0	0	0	0	0	0	0	0	0	0	0	0	0	0	0	0	0	0	288	0	0	0	0	0	0	4116	6108	0	0	0	0	214	200	3670	1806	0	0	0	0	0	0	0	0	0	0	0	0	0	0	0	0	0	0	0	0	0	0	0	0	0	0	0	0	0	0	0	0	0	0	10884	7236	3566	574	352	1080	3932	2122	17168	10886	706	92	836	1418	1566	4670	0	606	810	1286	4760	0	5790	2598	5470	4430	
235332	Vermis_7	0	0	0	0	0	0	0	0	0	0	0	0	0	0	0	0	0	0	0	0	0	0	0	0	0	0	0	0	0	0	0	0	0	0	0	0	0	116	0	788	0	0	0	0	0	0	0	534	0	0	0	0	0	0	0	426	0	0	0	0	0	0	0	0	0	0	0	0	0	0	0	0	0	0	0	0	0	0	0	0	0	0	0	0	0	0	0	0	0	0	7708	12264	7680	10338	0	2184	1570	3162	3816	8810	5534	3550	5082	10198	694	4116	0	742	544	1876	2126	5790	0	10838	5668	1512	
163716	Vermis_8	0	0	0	0	0	0	0	0	0	0	0	0	0	0	0	0	0	0	0	0	0	0	0	0	0	0	0	0	0	0	0	0	0	0	0	0	0	0	0	612	0	0	0	0	0	0	0	0	0	0	0	0	0	0	0	266	0	0	0	0	0	0	0	0	0	0	0	0	0	0	0	0	0	0	0	0	0	0	0	0	0	0	0	0	0	0	0	0	0	0	4054	3378	4502	5560	0	1042	786	1846	2250	2322	4698	2030	7148	7854	1896	5356	0	840	516	1072	942	2598	10838	0	7660	1792	
131024	Vermis_9	0	0	0	0	0	0	0	0	0	0	0	0	0	0	0	0	0	0	0	0	0	0	0	0	0	0	0	0	0	0	0	0	0	0	0	0	0	0	0	490	0	0	0	0	0	0	150	0	0	0	0	0	0	0	360	176	0	0	0	0	0	0	0	0	0	0	0	0	0	0	0	0	0	0	0	0	0	0	0	0	0	0	0	0	0	0	0	0	0	0	3184	2456	1908	1188	272	674	1722	1690	4570	2212	1034	0	3822	1750	2810	8156	0	946	830	890	1414	5470	5668	7660	0	4010	
63948	Vermis_10	0	0	0	0	0	0	0	0	0	0	0	0	0	0	0	0	0	0	0	0	0	0	0	0	0	0	0	0	0	0	0	0	0	0	0	0	0	0	0	104	0	0	0	0	0	0	0	0	0	0	0	0	0	0	140	0	0	0	0	0	0	0	0	0	0	0	0	0	0	0	0	0	0	0	0	0	0	0	0	0	0	0	0	0	0	0	0	0	0	0	1204	862	762	276	262	96	2126	906	2604	742	216	0	650	286	1416	4338	0	838	158	242	2002	4430	1512	1792	4010	0	
