data	data	433512	347420	1.09661e+06	1.03307e+06	200712	165252	523612	343076	104936	67404	194916	322696	294600	191636	183484	108360	197216	156440	766696	843728	66876	76380	428340	420328	56588	106456	54196	62272	669948	400616	384664	573516	173532	630460	148924	149000	231568	279568	70948	137836	29052	50816	384836	454772	260292	449024	328780	326908	360996	431268	723120	296432	248332	111108	403064	383152	258780	157584	136596	107224	251336	64096	128484	89724	160596	109084	336052	380624	219912	151532	300016	407560	325424	327136	46420	41388	155728	144148	95328	30780	234636	131332	89264	69108	395004	243492	46560	21808	294252	222908	339272	319804	322152	226788	23332	40140	215172	136976	334444	318480	274280	95220	294608	229396	122612	122672	19124	1752	15388	44052	176884	143428	156544	134448	93376	16636	
data	data	Precentral_L	Precentral_R	Frontal_Sup_L	Frontal_Sup_R	Frontal_Sup_Orb_L	Frontal_Sup_Orb_R	Frontal_Mid_L	Frontal_Mid_R	Frontal_Mid_Orb_L	Frontal_Mid_Orb_R	Frontal_Inf_Oper_L	Frontal_Inf_Oper_R	Frontal_Inf_Tri_L	Frontal_Inf_Tri_R	Frontal_Inf_Orb_L	Frontal_Inf_Orb_R	Rolandic_Oper_L	Rolandic_Oper_R	Supp_Motor_Area_L	Supp_Motor_Area_R	Olfactory_L	Olfactory_R	Frontal_Sup_Medial_L	Frontal_Sup_Medial_R	Frontal_Med_Orb_L	Frontal_Med_Orb_R	Rectus_L	Rectus_R	Insula_L	Insula_R	Cingulum_Ant_L	Cingulum_Ant_R	Cingulum_Mid_L	Cingulum_Mid_R	Cingulum_Post_L	Cingulum_Post_R	Hippocampus_L	Hippocampus_R	ParaHippocampal_L	ParaHippocampal_R	Amygdala_L	Amygdala_R	Calcarine_L	Calcarine_R	Cuneus_L	Cuneus_R	Lingual_L	Lingual_R	Occipital_Sup_L	Occipital_Sup_R	Occipital_Mid_L	Occipital_Mid_R	Occipital_Inf_L	Occipital_Inf_R	Fusiform_L	Fusiform_R	Postcentral_L	Postcentral_R	Parietal_Sup_L	Parietal_Sup_R	Parietal_Inf_L	Parietal_Inf_R	SupraMarginal_L	SupraMarginal_R	Angular_L	Angular_R	Precuneus_L	Precuneus_R	Paracentral_Lobule_L	Paracentral_Lobule_R	Caudate_L	Caudate_R	Putamen_L	Putamen_R	Pallidum_L	Pallidum_R	Thalamus_L	Thalamus_R	Heschl_L	Heschl_R	Temporal_Sup_L	Temporal_Sup_R	Temporal_Pole_Sup_L	Temporal_Pole_Sup_R	Temporal_Mid_L	Temporal_Mid_R	Temporal_Pole_Mid_L	Temporal_Pole_Mid_R	Temporal_Inf_L	Temporal_Inf_R	Cerebelum_Crus1_L	Cerebelum_Crus1_R	Cerebelum_Crus2_L	Cerebelum_Crus2_R	Cerebelum_3_L	Cerebelum_3_R	Cerebelum_4_5_L	Cerebelum_4_5_R	Cerebelum_6_L	Cerebelum_6_R	Cerebelum_7b_L	Cerebelum_7b_R	Cerebelum_8_L	Cerebelum_8_R	Cerebelum_9_L	Cerebelum_9_R	Cerebelum_10_L	Cerebelum_10_R	Vermis_1_2	Vermis_3	Vermis_4_5	Vermis_6	Vermis_7	Vermis_8	Vermis_9	Vermis_10	
433512	Precentral_L	0	3960	32590	5530	0	88	19370	332	0	0	8960	1124	2570	0	0	0	7610	118	22570	8908	0	0	0	0	0	0	0	0	3590	1216	336	164	540	1132	2546	2246	5354	1310	290	208	92	0	834	0	488	0	158	0	0	0	2526	0	118	0	176	0	24184	0	0	0	1276	0	588	0	156	0	1194	104	17354	2702	3296	418	2844	106	1616	0	15324	1436	1982	0	3152	0	0	0	1318	0	0	0	652	0	0	0	0	0	0	0	0	0	0	0	0	0	0	0	0	0	0	0	0	0	0	0	0	0	0	0	
347420	Precentral_R	3960	0	2452	37838	0	168	344	25400	0	0	0	9364	0	86	0	0	0	3138	3310	16400	0	0	0	0	0	0	0	0	922	2272	780	1988	0	1360	1188	2178	760	5794	0	932	0	0	0	1380	0	1066	0	112	0	1096	288	1046	0	246	0	1374	684	12736	0	0	148	0	0	776	0	100	0	1068	2644	4478	1190	3234	724	1754	0	454	1940	6740	234	302	240	2086	0	0	468	2592	0	0	234	1642	0	0	0	0	0	0	0	0	0	0	0	0	0	0	0	0	0	0	0	0	0	0	0	0	0	0	
1.09661e+06	Frontal_Sup_L	32590	2452	0	16478	16658	232	85040	1066	5864	0	3562	514	21360	816	13316	160	5502	128	76214	18728	286	0	43108	10212	1852	266	88	0	44944	556	19888	9734	6094	9988	1676	1688	7524	1476	274	626	0	0	250	0	0	0	88	176	0	0	2858	0	252	0	540	0	10380	0	0	0	1430	0	442	0	154	0	358	224	1904	108	5966	1164	24790	666	4804	92	10224	754	5808	0	4794	0	1108	0	4932	0	0	0	3080	0	0	0	0	0	0	0	0	0	0	0	0	0	0	0	0	0	0	0	0	0	0	0	0	0	0	0	
1.03307e+06	Frontal_Sup_R	5530	37838	16478	0	246	11468	3718	43408	0	1308	1588	22834	944	11250	144	2610	1218	8780	19406	64292	120	434	15306	40788	100	3976	0	1084	3410	22754	8986	39526	1268	34008	666	1720	952	7528	0	968	0	0	0	92	0	88	0	0	0	86	342	0	0	88	0	1210	1016	292	0	0	188	0	0	262	0	0	0	138	2080	286	4932	25086	1462	12154	0	1736	2502	20746	188	180	356	1314	132	944	100	916	0	0	0	964	0	0	0	0	0	0	0	0	0	0	0	0	0	0	0	0	0	0	0	0	0	0	0	0	0	0	
200712	Frontal_Sup_Orb_L	0	0	16658	246	0	0	4884	0	14050	0	578	0	3448	0	17858	0	346	0	422	0	918	0	5932	370	7344	564	4850	168	10238	0	5500	482	110	94	0	0	0	0	0	0	0	0	0	0	0	0	0	0	0	0	198	0	0	0	0	0	0	0	0	0	0	0	0	0	0	0	0	0	0	0	0	0	3838	0	0	0	0	0	0	0	120	0	1140	0	0	0	0	0	0	0	0	0	0	0	0	0	0	0	0	0	0	0	0	0	0	0	0	0	0	0	0	0	0	0	0	0	
165252	Frontal_Sup_Orb_R	88	168	232	11468	0	0	0	1450	0	6112	330	1008	0	552	0	2820	330	0	282	2586	320	860	644	4998	686	9852	166	7988	438	1980	402	7796	0	1882	0	0	0	0	0	0	0	0	0	0	0	0	0	0	0	0	188	0	0	0	0	0	0	0	0	0	0	0	0	0	0	0	0	0	0	0	1330	9256	0	6414	0	0	0	0	0	0	0	0	0	0	0	0	0	0	0	0	0	0	0	0	0	0	0	0	0	0	0	0	0	0	0	0	0	0	0	0	0	0	0	0	0	0	
523612	Frontal_Mid_L	19370	344	85040	3718	4884	0	0	478	4336	0	7256	768	35552	732	7344	168	560	202	16460	3848	0	0	16966	3806	0	0	0	0	20420	772	8234	2414	2190	3506	236	326	580	194	0	0	0	0	0	0	0	0	0	0	0	0	958	0	0	0	0	0	4762	0	0	0	1336	0	0	0	134	0	0	0	278	0	302	140	958	0	0	0	1718	244	0	0	122	0	150	0	0	0	0	0	0	0	0	0	0	0	0	0	0	0	0	0	0	0	0	0	0	0	0	0	0	0	0	0	0	0	0	0	
343076	Frontal_Mid_R	332	25400	1066	43408	0	1450	478	0	0	3432	140	12884	162	20730	0	5630	0	1652	2092	6276	0	0	1470	2886	0	0	0	204	334	8152	1840	5514	496	6080	170	308	202	3644	0	778	0	0	0	0	0	0	0	0	0	0	0	0	0	0	0	1322	86	380	0	0	0	0	0	170	0	0	0	112	0	0	442	2646	168	2944	0	482	302	3198	0	92	0	530	0	266	0	488	0	0	0	700	0	0	0	0	0	0	0	0	0	0	0	0	0	0	0	0	0	0	0	0	0	0	0	0	0	0	
104936	Frontal_Mid_Orb_L	0	0	5864	0	14050	0	4336	0	0	0	204	0	4160	0	15452	0	114	0	154	0	0	0	312	0	804	0	902	0	3566	0	812	0	0	0	0	0	0	0	0	0	0	0	0	0	0	0	0	0	0	0	0	0	0	0	0	0	0	0	0	0	0	0	0	0	0	0	0	0	0	0	0	0	1324	0	0	0	0	0	0	0	0	0	414	0	0	0	0	0	0	0	0	0	0	0	0	0	0	0	0	0	0	0	0	0	0	0	0	0	0	0	0	0	0	0	0	0	
67404	Frontal_Mid_Orb_R	0	0	0	1308	0	6112	0	3432	0	0	0	0	0	3742	0	7826	0	0	0	148	0	124	0	460	0	1460	0	1356	0	2378	0	314	0	0	0	0	0	352	0	0	0	0	0	0	0	0	0	0	0	0	0	0	0	0	0	426	0	0	0	0	0	0	0	0	0	0	0	0	0	0	0	1052	0	2862	0	0	0	0	0	0	0	0	0	90	0	0	0	0	0	260	0	0	0	0	0	0	0	0	0	0	0	0	0	0	0	0	0	0	0	0	0	0	0	0	0	0	
194916	Frontal_Inf_Oper_L	8960	0	3562	1588	578	330	7256	140	204	0	0	2874	13588	0	324	0	7732	0	1682	1972	0	0	670	254	0	0	0	0	16874	2878	1866	784	304	168	0	0	0	0	0	0	0	0	0	0	0	0	0	0	0	0	1200	0	0	0	0	0	2782	0	0	0	478	0	106	0	106	0	90	0	312	0	7972	2950	1640	0	0	0	0	0	288	0	2360	0	2460	0	126	0	0	0	0	0	0	0	0	0	0	0	0	0	0	0	0	0	0	0	0	0	0	0	0	0	0	0	0	0	0	0	
322696	Frontal_Inf_Oper_R	1124	9364	514	22834	0	1008	768	12884	0	0	2874	0	1014	9136	0	1654	604	8334	2232	12706	0	0	494	3298	0	0	0	0	1216	32278	2086	8778	0	11414	0	0	0	144	0	0	0	0	0	0	0	0	0	0	0	0	0	0	0	0	0	0	240	2244	0	0	0	0	0	0	0	0	0	0	0	0	2384	2178	98	4444	0	720	0	0	0	106	138	302	0	1736	0	0	0	0	0	0	0	0	0	0	0	0	0	0	0	0	0	0	0	0	0	0	0	0	0	0	0	0	0	0	0	0	
294600	Frontal_Inf_Tri_L	2570	0	21360	944	3448	0	35552	162	4160	0	13588	1014	0	310	12162	0	724	0	4360	1078	0	0	4750	1370	0	0	0	0	31774	1004	1770	458	480	924	0	0	0	0	0	0	0	0	0	0	0	0	0	0	0	0	738	0	0	0	0	0	378	0	0	0	356	0	0	0	88	0	0	0	206	0	224	0	610	0	0	0	0	0	0	0	246	0	492	0	0	0	0	0	0	0	0	0	0	0	0	0	0	0	0	0	0	0	0	0	0	0	0	0	0	0	0	0	0	0	0	0	
191636	Frontal_Inf_Tri_R	0	86	816	11250	0	552	732	20730	0	3742	0	9136	310	0	0	9500	0	508	2230	3932	0	0	968	4652	0	0	0	0	372	14468	278	2848	118	4770	0	0	0	376	0	0	0	0	0	0	0	0	0	0	0	0	0	0	0	0	0	428	0	0	0	0	0	0	0	0	0	0	0	0	0	0	0	390	0	2168	0	0	0	0	0	0	0	0	0	200	0	0	0	0	0	258	0	0	0	0	0	0	0	0	0	0	0	0	0	0	0	0	0	0	0	0	0	0	0	0	0	0	
183484	Frontal_Inf_Orb_L	0	0	13316	144	17858	0	7344	0	15452	0	324	0	12162	0	0	0	150	0	398	96	1370	0	1088	150	0	0	884	0	15394	0	488	166	0	0	0	0	110	0	250	0	134	0	0	0	0	0	0	0	0	0	0	0	0	0	0	0	0	0	0	0	0	0	0	0	0	0	0	0	0	0	0	0	2420	0	0	0	0	0	0	0	0	0	2044	0	0	0	0	0	0	0	0	0	0	0	0	0	0	0	0	0	0	0	0	0	0	0	0	0	0	0	0	0	0	0	0	0	
108360	Frontal_Inf_Orb_R	0	0	160	2610	0	2820	168	5630	0	7826	0	1654	0	9500	0	0	0	1284	602	1156	0	510	338	770	0	196	0	704	0	7394	86	590	0	1590	0	0	0	378	0	0	0	0	0	0	0	0	0	0	0	0	0	0	0	0	0	552	0	0	0	0	0	0	0	0	0	0	0	0	0	0	0	378	0	2278	0	0	0	0	0	190	0	1450	0	3072	0	0	0	0	0	294	0	0	0	0	0	0	0	0	0	0	0	0	0	0	0	0	0	0	0	0	0	0	0	0	0	0	
197216	Rolandic_Oper_L	7610	0	5502	1218	346	330	560	0	114	0	7732	604	724	0	150	0	0	192	4868	828	0	0	190	190	0	0	0	0	17538	730	360	602	522	0	274	0	0	0	0	0	0	0	408	0	0	0	0	0	0	0	3108	0	108	0	0	0	10482	0	0	0	442	0	4100	0	102	0	520	0	448	0	5492	1472	644	0	0	0	0	0	4364	0	10106	0	1242	0	3372	0	0	0	1014	0	0	0	0	0	0	0	0	0	0	0	0	0	0	0	0	0	0	0	0	0	0	0	0	0	0	0	
156440	Rolandic_Oper_R	118	3138	128	8780	0	0	202	1652	0	0	0	8334	0	508	0	1284	192	0	224	5340	0	0	0	358	0	0	0	0	492	14872	94	284	0	2996	0	0	0	492	0	0	0	0	0	0	0	0	0	0	0	0	0	0	0	106	0	436	0	6764	0	0	0	0	0	2592	0	0	0	0	0	0	1838	1016	492	3638	0	494	0	0	0	3434	114	5540	0	2048	0	96	0	0	0	124	0	0	0	0	0	0	0	0	0	0	0	0	0	0	0	0	0	0	0	0	0	0	0	0	0	0	
766696	Supp_Motor_Area_L	22570	3310	76214	19406	422	282	16460	2092	154	0	1682	2232	4360	2230	398	602	4868	224	0	53256	0	0	8482	6528	0	0	0	0	17564	2110	8612	10390	9114	30588	1330	742	2920	700	108	318	0	0	222	0	0	0	0	94	0	0	1904	0	98	0	292	0	7216	0	0	0	748	0	412	0	114	0	326	98	12374	864	8238	1902	14874	864	5382	292	7188	246	2840	0	3346	0	224	0	1832	0	0	0	1090	0	0	0	0	0	0	0	0	0	0	0	0	0	0	0	0	0	0	0	0	0	0	0	0	0	0	0	
843728	Supp_Motor_Area_R	8908	16400	18728	64292	0	2586	3848	6276	0	148	1972	12706	1078	3932	96	1156	828	5340	53256	0	0	140	2394	10626	0	220	0	0	3348	12340	4172	17310	4300	55532	2426	4416	170	1806	0	296	0	0	92	1482	0	1466	0	284	0	840	354	834	0	128	0	460	1222	1462	0	0	280	0	0	500	0	90	154	2484	14958	20854	5734	20704	1458	7776	0	2470	806	9094	96	230	246	1280	166	648	0	1290	0	0	0	876	0	0	0	0	0	0	0	0	0	0	0	0	0	0	0	0	0	0	0	0	0	0	0	0	0	0	
66876	Olfactory_L	0	0	286	120	918	320	0	0	0	0	0	0	0	0	1370	0	0	0	0	0	0	5368	0	0	166	0	3002	802	2440	0	1856	1688	0	0	0	0	114	0	608	0	448	0	0	0	0	0	0	0	0	0	0	0	0	0	0	0	0	0	0	0	0	0	0	0	0	0	0	0	0	0	5368	4140	2816	884	0	0	0	150	0	0	0	0	574	0	0	0	0	0	0	0	0	0	0	0	0	0	0	0	0	0	0	0	0	0	0	0	0	0	0	0	0	0	0	0	0	0	
76380	Olfactory_R	0	0	0	434	0	860	0	0	0	124	0	0	0	0	0	510	0	0	0	140	5368	0	0	0	92	644	2726	2542	0	1262	1678	2368	0	0	0	0	0	0	0	0	0	214	0	0	0	0	0	0	0	0	0	0	0	0	0	0	0	0	0	0	0	0	0	0	0	0	0	0	0	0	7214	6744	3166	1578	110	142	0	274	0	0	0	0	0	0	0	0	0	0	0	0	0	0	0	0	0	0	0	0	0	0	0	0	0	0	0	0	0	0	0	0	0	0	0	0	0	0	
428340	Frontal_Sup_Medial_L	0	0	43108	15306	5932	644	16966	1470	312	0	670	494	4750	968	1088	338	190	0	8482	2394	0	0	0	26828	3762	1240	110	0	6896	358	27770	18870	8874	14064	0	0	0	0	0	0	0	0	0	0	0	0	0	0	0	0	0	0	0	0	0	0	0	0	0	0	0	0	0	0	0	0	0	0	0	0	358	230	1348	136	0	0	0	0	0	0	0	0	214	0	0	0	0	0	0	0	0	0	0	0	0	0	0	0	0	0	0	0	0	0	0	0	0	0	0	0	0	0	0	0	0	0	
420328	Frontal_Sup_Medial_R	0	0	10212	40788	370	4998	3806	2886	0	460	254	3298	1370	4652	150	770	190	358	6528	10626	0	0	26828	0	338	6100	0	1002	2046	3168	10312	34744	1318	21826	0	0	0	0	0	0	0	0	0	0	0	0	0	0	0	0	0	0	0	0	0	0	0	0	0	0	0	0	0	0	0	0	0	0	0	0	470	5742	164	4240	0	0	0	0	0	0	0	0	0	150	0	0	0	0	0	0	0	0	0	0	0	0	0	0	0	0	0	0	0	0	0	0	0	0	0	0	0	0	0	0	0	0	
56588	Frontal_Med_Orb_L	0	0	1852	100	7344	686	0	0	804	0	0	0	0	0	0	0	0	0	0	0	166	92	3762	338	0	2544	2684	304	0	0	6170	510	0	0	0	0	0	0	0	0	0	0	0	0	0	0	0	0	0	0	0	0	0	0	0	0	0	0	0	0	0	0	0	0	0	0	0	0	0	0	242	184	356	156	0	0	0	0	0	0	0	0	0	0	0	0	0	0	0	0	0	0	0	0	0	0	0	0	0	0	0	0	0	0	0	0	0	0	0	0	0	0	0	0	0	0	
106456	Frontal_Med_Orb_R	0	0	266	3976	564	9852	0	0	0	1460	0	0	0	0	0	196	0	0	0	220	0	644	1240	6100	2544	0	280	7016	0	0	2294	6660	0	214	0	0	0	0	0	0	0	0	0	0	0	0	0	0	0	0	0	0	0	0	0	0	0	0	0	0	0	0	0	0	0	0	0	0	0	0	0	5086	0	4616	0	0	0	0	0	0	0	0	0	0	0	0	0	0	0	0	0	0	0	0	0	0	0	0	0	0	0	0	0	0	0	0	0	0	0	0	0	0	0	0	0	0	
54196	Rectus_L	0	0	88	0	4850	166	0	0	902	0	0	0	0	0	884	0	0	0	0	0	3002	2726	110	0	2684	280	0	636	436	0	2982	1130	0	0	0	0	0	0	0	0	0	0	0	0	0	0	0	0	0	0	0	0	0	0	0	0	0	0	0	0	0	0	0	0	0	0	0	0	0	0	2588	1674	1744	216	0	0	0	0	0	0	0	0	0	0	0	0	0	0	0	0	0	0	0	0	0	0	0	0	0	0	0	0	0	0	0	0	0	0	0	0	0	0	0	0	0	0	
62272	Rectus_R	0	0	0	1084	168	7988	0	204	0	1356	0	0	0	0	0	704	0	0	0	0	802	2542	0	1002	304	7016	636	0	0	500	306	1600	0	0	0	0	0	0	0	0	0	0	0	0	0	0	0	0	0	0	0	0	0	0	0	0	0	0	0	0	0	0	0	0	0	0	0	0	0	0	756	2414	162	1592	0	0	0	0	0	0	0	0	0	0	0	0	0	0	0	0	0	0	0	0	0	0	0	0	0	0	0	0	0	0	0	0	0	0	0	0	0	0	0	0	0	0	
669948	Insula_L	3590	922	44944	3410	10238	438	20420	334	3566	0	16874	1216	31774	372	15394	0	17538	492	17564	3348	2440	0	6896	2046	0	0	436	0	0	1740	4960	1928	450	1070	1654	1104	7576	1000	1232	506	1182	0	792	0	0	0	0	164	0	0	5060	0	432	0	4450	0	3620	98	0	0	206	0	2214	110	94	0	866	208	390	0	9744	3326	22990	90	0	0	1296	122	9376	0	15178	0	5234	0	10122	0	0	0	10138	0	0	0	0	0	0	0	0	0	0	0	0	0	0	0	0	0	0	0	0	0	0	0	0	0	0	0	
400616	Insula_R	1216	2272	556	22754	0	1980	772	8152	0	2378	2878	32278	1004	14468	0	7394	730	14872	2110	12340	0	1262	358	3168	0	0	0	500	1740	0	668	5020	0	7756	0	0	130	2664	0	488	0	184	0	0	0	0	0	0	0	0	0	0	0	170	0	2942	280	2070	0	0	0	0	0	242	0	0	0	0	0	0	3680	3408	728	19720	0	392	150	276	0	3194	350	5036	0	2468	0	1270	0	0	0	1840	0	0	0	0	0	0	0	0	0	0	0	0	0	0	0	0	0	0	0	0	0	0	0	0	0	0	
384664	Cingulum_Ant_L	336	780	19888	8986	5500	402	8234	1840	812	0	1866	2086	1770	278	488	86	360	94	8612	4172	1856	1678	27770	10312	6170	2294	2982	306	4960	668	0	26800	9306	8596	0	0	0	88	0	0	0	0	0	0	0	0	0	0	0	0	0	0	0	0	0	0	574	0	0	0	0	0	0	0	0	0	0	0	0	0	5894	4068	9100	2114	0	0	0	0	0	0	0	0	206	0	0	0	0	0	0	0	0	0	0	0	0	0	0	0	0	0	0	0	0	0	0	0	0	0	0	0	0	0	0	0	0	0	
573516	Cingulum_Ant_R	164	1988	9734	39526	482	7796	2414	5514	0	314	784	8778	458	2848	166	590	602	284	10390	17310	1688	2368	18870	34744	510	6660	1130	1600	1928	5020	26800	0	3898	35564	0	0	0	198	0	0	0	0	0	0	0	0	0	0	0	0	218	0	0	0	0	160	0	0	0	0	0	0	0	0	0	0	0	0	0	0	3826	18940	2412	9658	0	186	0	0	0	0	128	0	110	0	0	0	0	0	0	0	0	0	0	0	0	0	0	0	0	0	0	0	0	0	0	0	0	0	0	0	0	0	0	0	0	0	
173532	Cingulum_Mid_L	540	0	6094	1268	110	0	2190	496	0	0	304	0	480	118	0	0	522	0	9114	4300	0	0	8874	1318	0	0	0	0	450	0	9306	3898	0	11658	3006	416	0	0	0	0	0	0	820	0	1486	152	0	0	918	0	4298	0	88	0	140	0	1078	0	724	0	1816	0	1070	0	748	0	3134	728	4538	282	0	0	0	0	0	0	0	0	0	0	146	0	0	0	138	0	0	0	0	0	0	0	0	0	0	0	0	0	0	0	0	0	0	0	0	0	0	0	0	0	0	0	0	0	0	0	
630460	Cingulum_Mid_R	1132	1360	9988	34008	94	1882	3506	6080	0	0	168	11414	924	4770	0	1590	0	2996	30588	55532	0	0	14064	21826	0	214	0	0	1070	7756	8596	35564	11658	0	2220	5076	0	0	0	0	0	0	0	2346	0	3428	0	398	0	726	262	608	0	0	0	0	0	2038	0	0	0	0	0	154	0	106	414	7956	6934	9282	462	4046	0	880	0	210	0	0	0	0	0	116	0	526	0	170	0	0	0	92	0	0	0	0	0	0	0	0	0	0	0	0	0	0	0	0	0	0	0	0	0	0	0	0	0	0	
148924	Cingulum_Post_L	2546	1188	1676	666	0	0	236	170	0	0	0	0	0	0	0	0	274	0	1330	2426	0	0	0	0	0	0	0	0	1654	0	0	0	3006	2220	0	8526	6408	3064	1612	1040	0	0	6096	0	1298	0	1972	516	360	0	1106	0	168	0	602	212	1084	138	0	0	192	0	1298	0	0	0	8506	1554	3808	1010	0	0	660	0	0	0	1262	544	1194	0	120	0	0	0	750	0	0	0	340	110	0	0	0	0	0	0	0	0	0	0	0	0	0	0	0	0	0	0	0	0	1520	0	0	0	0	0	
149000	Cingulum_Post_R	2246	2178	1688	1720	0	0	326	308	0	0	0	0	0	0	0	0	0	0	742	4416	0	0	0	0	0	0	0	0	1104	0	0	0	416	5076	8526	0	3832	5290	696	1378	0	0	0	2986	0	1320	396	3690	0	676	0	450	0	226	92	512	0	966	0	0	0	0	0	0	0	0	348	8926	1292	3158	0	0	856	96	0	0	2558	1836	1240	0	0	90	0	0	0	1186	0	0	0	878	0	0	0	0	0	0	0	0	0	0	0	0	0	0	0	0	0	0	0	0	780	0	0	0	0	0	
231568	Hippocampus_L	5354	760	7524	952	0	0	580	202	0	0	0	0	0	0	110	0	0	0	2920	170	114	0	0	0	0	0	0	0	7576	130	0	0	0	0	6408	3832	0	3070	9880	964	4962	0	2490	0	0	0	5282	324	0	0	184	0	0	0	14392	0	264	0	0	0	0	0	0	0	0	0	3038	734	534	0	260	0	7206	0	922	0	5866	928	2180	0	1796	0	472	0	1468	0	0	0	10402	0	0	0	0	0	0	0	100	0	0	0	0	0	0	0	0	0	0	0	0	0	1434	0	0	0	0	0	
279568	Hippocampus_R	1310	5794	1476	7528	0	0	194	3644	0	352	0	144	0	376	0	378	0	492	700	1806	0	0	0	0	0	0	0	0	1000	2664	88	198	0	0	3064	5290	3070	0	696	18284	0	8138	0	484	0	356	334	2962	0	352	0	114	0	820	156	26084	0	88	0	0	0	0	0	128	0	0	0	3614	0	194	182	902	780	10154	0	640	2662	4698	1068	92	0	840	0	840	0	2896	0	0	114	11028	0	0	0	0	0	0	0	216	0	0	0	0	0	0	0	0	0	0	0	0	300	0	0	0	0	0	
70948	ParaHippocampal_L	290	0	274	0	0	0	0	0	0	0	0	0	0	0	250	0	0	0	108	0	608	0	0	0	0	0	0	0	1232	0	0	0	0	0	1612	696	9880	696	0	138	1568	0	614	0	0	0	4094	148	0	0	146	0	0	0	6116	0	0	0	0	0	0	0	0	0	0	0	878	314	0	0	0	0	730	0	0	0	1104	176	0	0	134	0	548	0	0	0	178	0	2146	0	0	0	0	0	0	0	260	0	0	0	0	0	0	0	0	0	0	0	0	0	536	0	0	0	0	0	
137836	ParaHippocampal_R	208	932	626	968	0	0	0	778	0	0	0	0	0	0	0	0	0	0	318	296	0	0	0	0	0	0	0	0	506	488	0	0	0	0	1040	1378	964	18284	138	0	0	6180	0	310	0	0	0	3654	0	0	0	0	0	312	0	16818	0	0	0	0	0	0	0	0	0	0	0	1750	0	0	0	168	264	3750	0	330	480	1218	530	0	0	88	0	1412	0	318	0	644	0	2502	0	0	0	0	0	0	0	1096	0	0	0	0	0	0	0	0	0	0	0	0	170	0	0	0	0	0	
29052	Amygdala_L	92	0	0	0	0	0	0	0	0	0	0	0	0	0	134	0	0	0	0	0	448	0	0	0	0	0	0	0	1182	0	0	0	0	0	0	0	4962	0	1568	0	0	0	0	0	0	0	0	0	0	0	0	0	0	0	3702	0	0	0	0	0	0	0	0	0	0	0	0	0	0	0	0	0	522	0	0	0	168	0	0	0	112	0	418	0	0	0	98	0	1120	0	0	0	0	0	0	0	0	0	0	0	0	0	0	0	0	0	0	0	0	0	0	0	0	0	0	0	
50816	Amygdala_R	0	0	0	0	0	0	0	0	0	0	0	0	0	0	0	0	0	0	0	0	0	214	0	0	0	0	0	0	0	184	0	0	0	0	0	0	0	8138	0	6180	0	0	0	0	0	0	0	0	0	0	0	0	0	0	0	7204	0	0	0	0	0	0	0	0	0	0	0	0	0	0	0	0	0	750	0	0	0	0	0	0	0	0	0	1734	0	0	0	262	0	742	0	0	0	0	0	0	0	0	0	0	0	0	0	0	0	0	0	0	0	0	0	0	0	0	0	0	
384836	Calcarine_L	834	0	250	0	0	0	0	0	0	0	0	0	0	0	0	0	408	0	222	92	0	0	0	0	0	0	0	0	792	0	0	0	820	0	6096	0	2490	0	614	0	0	0	0	16208	19086	8672	16812	7662	17138	3810	33858	1692	6848	0	2832	212	2632	0	1118	104	3340	0	1134	0	578	0	22526	1278	2144	0	0	0	0	0	0	0	0	0	0	0	218	0	0	0	7016	0	0	0	1864	0	0	0	0	0	0	0	86	0	0	0	0	0	0	0	0	0	0	0	0	0	932	0	0	0	0	0	
454772	Calcarine_R	0	1380	0	92	0	0	0	0	0	0	0	0	0	0	0	0	0	0	0	1482	0	0	0	0	0	0	0	0	0	0	0	0	0	2346	0	2986	0	484	0	310	0	0	16208	0	3274	44496	3254	23282	1104	36848	828	25076	468	7260	0	5766	0	748	0	1644	0	312	0	960	0	1752	1428	25670	0	1686	0	0	0	0	0	0	0	0	0	0	0	810	0	0	0	12200	0	0	0	2992	0	120	0	0	0	0	0	0	0	120	0	0	0	0	0	0	0	0	0	0	0	0	0	0	0	0	
260292	Cuneus_L	488	0	0	0	0	0	0	0	0	0	0	0	0	0	0	0	0	0	0	0	0	0	0	0	0	0	0	0	0	0	0	0	1486	0	1298	0	0	0	0	0	0	0	19086	3274	0	6110	7206	200	33508	1380	19240	316	5766	0	2396	0	322	0	4086	266	162	0	0	0	0	0	20012	1172	2096	0	0	0	0	0	0	0	0	0	0	0	0	0	0	0	276	0	0	0	0	0	0	0	0	0	0	0	0	0	0	0	0	0	0	0	0	0	0	0	0	0	0	0	0	0	0	0	
449024	Cuneus_R	0	1066	0	88	0	0	0	0	0	0	0	0	0	0	0	0	0	0	0	1466	0	0	0	0	0	0	0	0	0	0	0	0	152	3428	0	1320	0	356	0	0	0	0	8672	44496	6110	0	650	7014	1540	54996	442	17744	302	3630	0	2808	0	2070	0	8352	0	558	0	1516	0	2198	4036	34684	106	2750	0	0	0	0	0	0	0	0	0	0	0	1916	0	0	0	7026	0	0	0	2922	0	0	0	0	0	0	0	0	0	98	0	0	0	0	0	0	0	0	0	0	0	0	0	0	0	0	
328780	Lingual_L	158	0	88	0	0	0	0	0	0	0	0	0	0	0	0	0	0	0	0	0	0	0	0	0	0	0	0	0	0	0	0	0	0	0	1972	396	5282	334	4094	0	0	0	16812	3254	7206	650	0	5492	12580	452	27706	208	13152	166	18910	742	140	0	450	0	492	0	0	0	0	0	6586	252	0	0	0	0	102	0	0	0	644	0	0	0	0	0	0	0	444	0	0	0	508	0	5722	1264	1628	354	144	0	5270	0	10592	1860	250	0	432	144	200	140	0	0	0	0	1706	2720	2338	0	140	214	
326908	Lingual_R	0	112	176	0	0	0	0	0	0	0	0	0	0	0	0	0	0	0	94	284	0	0	0	0	0	0	0	0	164	0	0	0	0	398	516	3690	324	2962	148	3654	0	0	7662	23282	200	7014	5492	0	172	8658	302	6938	88	7706	436	17528	0	132	0	0	0	0	0	0	0	0	252	8402	0	366	0	0	0	0	0	0	0	98	152	0	0	0	0	0	0	1538	0	0	0	1240	3702	6468	1174	1382	0	0	2134	3792	5638	11320	382	0	306	270	392	130	110	0	0	200	4492	7426	3602	162	192	0	
360996	Occipital_Sup_L	0	0	0	0	0	0	0	0	0	0	0	0	0	0	0	0	0	0	0	0	0	0	0	0	0	0	0	0	0	0	0	0	918	0	360	0	0	0	0	0	0	0	17138	1104	33508	1540	12580	172	0	182	45838	0	15980	0	11324	0	178	0	11402	0	3730	0	0	0	1572	0	20658	222	90	0	0	0	0	0	0	0	0	0	0	0	108	0	0	0	1670	0	0	0	224	0	0	0	0	0	0	0	0	0	0	0	0	0	0	0	0	0	0	0	0	0	0	0	0	0	0	0	
431268	Occipital_Sup_R	0	1096	0	86	0	0	0	0	0	0	0	0	0	0	0	0	0	0	0	840	0	0	0	0	0	0	0	0	0	0	0	0	0	726	0	676	0	352	0	0	0	0	3810	36848	1380	54996	452	8658	182	0	94	32336	92	4286	0	3330	0	1428	0	12306	0	1896	0	1608	0	11470	750	21692	0	952	0	0	0	0	0	0	0	0	0	0	0	1998	0	0	0	8210	0	0	0	2982	0	0	0	0	0	0	0	0	0	102	0	0	0	0	0	0	0	0	0	0	0	0	0	0	0	0	
723120	Occipital_Mid_L	2526	288	2858	342	198	188	958	0	0	0	1200	0	738	0	0	0	3108	0	1904	354	0	0	0	0	0	0	0	0	5060	0	0	218	4298	262	1106	0	184	0	146	0	0	0	33858	828	19240	442	27706	302	45838	94	0	0	37866	0	21984	0	6724	0	11954	0	29032	0	7296	0	21760	0	20250	0	4034	0	832	264	530	0	0	0	0	0	772	0	2262	0	0	0	30860	0	0	0	8694	0	508	174	246	0	0	0	0	0	752	188	0	0	0	0	0	0	0	0	0	0	0	106	228	0	0	0	
296432	Occipital_Mid_R	0	1046	0	0	0	0	0	0	0	0	0	0	0	0	0	0	0	0	0	834	0	0	0	0	0	0	0	0	0	0	0	0	0	608	0	450	0	114	0	0	0	0	1692	25076	316	17744	208	6938	0	32336	0	0	0	5630	0	2782	0	260	0	3134	0	1628	0	1260	0	12256	490	9030	0	566	0	0	0	0	0	0	0	0	0	0	0	672	0	0	0	18244	0	0	0	4902	0	0	0	0	0	0	0	0	0	0	0	0	0	0	0	0	0	0	0	0	0	0	0	0	0	0	
248332	Occipital_Inf_L	118	0	252	0	0	0	0	0	0	0	0	0	0	0	0	0	108	0	98	0	0	0	0	0	0	0	0	0	432	0	0	0	88	0	168	0	0	0	0	0	0	0	6848	468	5766	302	13152	88	15980	92	37866	0	0	0	18252	0	138	0	2970	0	1776	0	0	0	946	0	6526	0	220	0	0	0	0	0	0	0	0	0	134	0	86	0	0	0	5208	0	0	0	3752	0	678	0	0	0	0	0	322	0	1332	0	0	0	0	0	0	0	0	0	0	0	0	0	0	0	0	0	
111108	Occipital_Inf_R	0	246	0	88	0	0	0	0	0	0	0	0	0	0	0	0	0	106	0	128	0	0	0	0	0	0	0	0	0	170	0	0	0	0	0	226	0	820	0	312	0	0	0	7260	0	3630	166	7706	0	4286	0	5630	0	0	0	12056	0	0	0	0	0	0	0	0	0	0	0	1804	0	0	0	0	0	0	0	0	0	0	0	0	0	94	0	0	0	2648	0	0	0	5472	236	362	0	188	0	0	96	118	242	818	0	0	0	0	0	0	0	0	0	0	140	260	246	0	0	0	
403064	Fusiform_L	176	0	540	0	0	0	0	0	0	0	0	0	0	0	0	0	0	0	292	0	0	0	0	0	0	0	0	0	4450	0	0	0	140	0	602	92	14392	156	6116	0	3702	0	2832	0	2396	0	18910	436	11324	0	21984	0	18252	0	0	0	326	0	3672	0	1714	0	0	0	682	0	4454	0	120	0	0	0	1246	0	0	0	528	0	348	0	1832	0	3514	0	5382	0	3520	0	21152	0	13068	96	894	0	108	0	9492	0	19476	190	410	0	380	0	0	0	0	0	0	0	952	782	118	0	108	176	
383152	Fusiform_R	0	1374	0	1210	0	0	0	1322	0	426	0	0	0	428	0	552	0	436	0	460	0	0	0	0	0	0	0	0	0	2942	0	160	0	0	212	512	0	26084	0	16818	0	7204	212	5766	0	2808	742	17528	0	3330	0	2782	0	12056	0	0	0	92	0	0	0	0	0	102	0	0	0	1730	0	130	0	322	0	8068	0	282	0	816	0	96	0	678	0	5082	0	2248	0	3388	0	17732	1054	12760	252	1502	0	1016	516	6122	1062	15826	0	0	0	700	0	0	0	0	0	140	2428	980	1088	0	0	0	
258780	Postcentral_L	24184	684	10380	1016	0	0	4762	86	0	0	2782	240	378	0	0	0	10482	0	7216	1222	0	0	0	0	0	0	0	0	3620	280	574	0	1078	0	1084	0	264	0	0	0	0	0	2632	0	322	0	140	0	178	0	6724	0	138	0	326	0	0	0	4850	0	13640	0	10516	0	2262	0	2876	0	3878	0	1314	100	244	0	0	0	0	0	2538	0	4712	0	0	0	1364	0	0	0	304	0	0	0	0	0	0	0	0	0	0	0	0	0	0	0	0	0	0	0	0	0	0	0	0	0	0	0	
157584	Postcentral_R	0	12736	0	292	0	0	0	380	0	0	0	2244	0	0	0	0	0	6764	0	1462	0	0	0	0	0	0	0	0	98	2070	0	0	0	2038	138	966	0	88	0	0	0	0	0	748	0	2070	0	132	0	1428	0	260	0	0	0	92	0	0	0	4176	0	5060	0	12766	0	480	358	7790	158	7430	392	1010	316	1022	0	574	0	0	0	254	0	2634	0	0	0	228	0	0	0	138	0	0	0	0	0	0	0	0	0	0	0	0	0	0	0	0	0	0	0	0	0	0	0	0	0	0	
136596	Parietal_Sup_L	0	0	0	0	0	0	0	0	0	0	0	0	0	0	0	0	0	0	0	0	0	0	0	0	0	0	0	0	0	0	0	0	724	0	0	0	0	0	0	0	0	0	1118	0	4086	0	450	0	11402	0	11954	0	2970	0	3672	0	4850	0	0	0	11274	0	166	0	3538	0	10602	0	884	0	0	0	0	0	0	0	0	0	0	0	0	0	0	0	456	0	0	0	152	0	0	0	0	0	0	0	0	0	0	0	0	0	0	0	0	0	0	0	0	0	0	0	0	0	0	0	
107224	Parietal_Sup_R	0	0	0	0	0	0	0	0	0	0	0	0	0	0	0	0	0	0	0	0	0	0	0	0	0	0	0	0	0	0	0	0	0	0	0	0	0	0	0	0	0	0	104	1644	266	8352	0	0	0	12306	0	3134	0	0	0	0	0	4176	0	0	0	3910	0	1930	0	5846	1028	10192	0	376	0	0	0	0	0	0	0	0	0	0	0	196	0	0	0	152	0	0	0	0	0	0	0	0	0	0	0	0	0	0	0	0	0	0	0	0	0	0	0	0	0	0	0	0	0	0	
251336	Parietal_Inf_L	1276	148	1430	188	0	0	1336	0	0	0	478	0	356	0	0	0	442	0	748	280	0	0	0	0	0	0	0	0	206	0	0	0	1816	0	192	0	0	0	0	0	0	0	3340	0	162	0	492	0	3730	0	29032	0	1776	0	1714	0	13640	0	11274	0	0	0	11052	0	27346	0	2322	0	1578	0	188	0	0	0	0	0	0	0	0	0	496	0	0	0	6796	0	0	0	1834	0	0	0	0	0	0	0	0	0	0	0	0	0	0	0	0	0	0	0	0	0	0	0	0	0	0	0	
64096	Parietal_Inf_R	0	0	0	0	0	0	0	0	0	0	0	0	0	0	0	0	0	0	0	0	0	0	0	0	0	0	0	0	0	0	0	0	0	0	0	0	0	0	0	0	0	0	0	312	0	558	0	0	0	1896	0	1628	0	0	0	0	0	5060	0	3910	0	0	0	8876	0	7654	0	512	0	0	0	0	0	0	0	0	0	0	0	0	0	926	0	0	0	524	0	0	0	192	0	0	0	0	0	0	0	0	0	0	0	0	0	0	0	0	0	0	0	0	0	0	0	0	0	0	
128484	SupraMarginal_L	588	0	442	0	0	0	0	0	0	0	106	0	0	0	0	0	4100	0	412	0	0	0	0	0	0	0	0	0	2214	0	0	0	1070	0	1298	0	0	0	0	0	0	0	1134	0	0	0	0	0	0	0	7296	0	0	0	0	0	10516	0	166	0	11052	0	0	0	4710	0	1514	0	836	0	0	0	0	0	0	0	0	0	590	0	7694	0	0	0	7168	0	0	0	1336	0	0	0	0	0	0	0	0	0	0	0	0	0	0	0	0	0	0	0	0	0	0	0	0	0	0	0	
89724	SupraMarginal_R	0	776	0	262	0	0	0	170	0	0	0	0	0	0	0	0	0	2592	0	500	0	0	0	0	0	0	0	0	110	242	0	0	0	154	0	0	0	128	0	0	0	0	0	960	0	1516	0	0	0	1608	0	1260	0	0	0	102	0	12766	0	1930	0	8876	0	0	0	3000	0	1084	0	0	0	0	0	0	0	0	0	0	0	248	0	4390	0	0	94	1356	0	0	0	738	0	0	0	0	0	0	0	0	0	0	0	0	0	0	0	0	0	0	0	0	0	0	0	0	0	0	
160596	Angular_L	156	0	154	0	0	0	134	0	0	0	106	0	88	0	0	0	102	0	114	0	0	0	0	0	0	0	0	0	94	0	0	0	748	0	0	0	0	0	0	0	0	0	578	0	0	0	0	0	1572	0	21760	0	946	0	682	0	2262	0	3538	0	27346	0	4710	0	0	0	858	0	766	0	0	0	0	0	0	0	0	0	0	0	1324	0	0	0	10302	0	0	0	1958	0	0	0	0	0	0	0	0	0	0	0	0	0	0	0	0	0	0	0	0	0	0	0	0	0	0	0	
109084	Angular_R	0	100	0	0	0	0	0	0	0	0	0	0	0	0	0	0	0	0	0	90	0	0	0	0	0	0	0	0	0	0	0	0	0	106	0	0	0	0	0	0	0	0	0	1752	0	2198	0	0	0	11470	0	12256	0	0	0	0	0	480	0	5846	0	7654	0	3000	0	0	0	1564	0	0	0	0	0	0	0	0	0	0	0	0	0	2756	0	0	0	4776	0	0	0	494	0	0	0	0	0	0	0	0	0	0	0	0	0	0	0	0	0	0	0	0	0	0	0	0	0	0	
336052	Precuneus_L	1194	0	358	0	0	0	0	0	0	0	90	0	0	0	0	0	520	0	326	154	0	0	0	0	0	0	0	0	866	0	0	0	3134	414	8506	348	3038	0	878	0	0	0	22526	1428	20012	4036	6586	252	20658	750	20250	490	6526	0	4454	0	2876	358	10602	1028	2322	0	1514	0	858	0	0	7008	4288	728	0	0	0	0	0	0	0	0	88	0	304	0	0	0	5628	0	0	0	1732	0	0	0	0	0	0	0	98	0	0	0	0	0	0	0	0	0	0	0	0	0	800	0	0	0	0	0	
380624	Precuneus_R	104	1068	224	138	0	0	0	112	0	0	0	0	0	0	0	0	0	0	98	2484	0	0	0	0	0	0	0	0	208	0	0	0	728	7956	1554	8926	734	3614	314	1750	0	0	1278	25670	1172	34684	252	8402	222	21692	0	9030	0	1804	0	1730	0	7790	0	10192	0	512	0	1084	0	1564	7008	0	290	8006	0	0	86	0	0	0	226	100	264	0	0	2862	0	0	0	9804	0	0	0	3560	0	0	0	0	0	0	0	100	0	0	0	0	0	0	0	0	0	0	0	0	916	0	0	0	0	0	
219912	Paracentral_Lobule_L	17354	2644	1904	2080	0	0	278	0	0	0	312	0	206	0	0	0	448	0	12374	14958	0	0	0	0	0	0	0	0	390	0	0	0	4538	6934	3808	1292	534	0	0	0	0	0	2144	0	2096	106	0	0	90	0	4034	0	220	0	120	0	3878	158	884	0	1578	0	836	0	766	0	4288	290	0	7886	988	0	198	0	774	0	5600	0	100	0	110	0	0	0	1742	0	0	0	1016	0	0	0	0	0	0	0	0	0	0	0	0	0	0	0	0	0	0	0	0	0	0	0	0	0	0	0	
151532	Paracentral_Lobule_R	2702	4478	108	286	0	0	0	0	0	0	0	0	0	0	0	0	0	0	864	20854	0	0	0	0	0	0	0	0	0	0	0	0	282	9282	1010	3158	0	194	0	0	0	0	0	1686	0	2750	0	366	0	952	0	566	0	0	0	130	0	7430	0	376	0	0	0	0	0	0	728	8006	7886	0	0	0	0	0	0	0	106	0	0	0	0	740	0	0	0	428	0	0	0	398	0	0	0	0	0	0	0	0	0	0	0	0	0	0	0	0	0	0	0	0	0	0	0	0	0	0	
300016	Caudate_L	3296	1190	5966	4932	0	1330	302	442	0	0	7972	2384	224	0	0	0	5492	1838	8238	5734	5368	7214	358	470	242	0	2588	756	9744	3680	5894	3826	0	462	0	0	260	182	0	0	0	0	0	0	0	0	0	0	0	0	832	0	0	0	0	0	1314	392	0	0	188	0	0	0	0	0	0	0	988	0	0	21268	18730	6076	1856	1660	2624	314	230	0	1540	168	392	170	578	0	0	0	304	0	0	0	0	0	0	0	0	0	0	0	0	0	0	0	0	0	0	0	0	0	0	0	0	0	0	0	
407560	Caudate_R	418	3234	1164	25086	0	9256	140	2646	0	1052	2950	2178	0	390	0	378	1472	1016	1902	20704	4140	6744	230	5742	184	5086	1674	2414	3326	3408	4068	18940	0	4046	0	0	0	902	0	168	0	0	0	0	0	0	0	0	0	0	264	0	0	0	0	322	100	1010	0	0	0	0	0	0	0	0	0	0	0	0	21268	0	6200	23488	388	4274	342	9662	0	318	368	338	238	0	0	0	0	0	0	142	0	0	0	0	0	0	0	0	0	0	0	0	0	0	0	0	0	0	0	0	0	0	0	0	0	0	
325424	Putamen_L	2844	724	24790	1462	3838	0	958	168	1324	0	1640	98	610	0	2420	0	644	492	14874	1458	2816	3166	1348	164	356	0	1744	162	22990	728	9100	2412	0	0	660	856	7206	780	730	264	522	0	0	0	0	0	102	0	0	0	530	0	0	0	1246	0	244	316	0	0	0	0	0	0	0	0	0	86	198	0	18730	6200	0	3056	5496	498	3150	326	630	0	3100	0	1142	0	1676	0	0	0	1638	0	0	0	0	0	0	0	0	0	0	0	0	0	0	0	0	0	0	0	0	0	0	0	0	0	0	0	
327136	Putamen_R	106	1754	666	12154	0	6414	0	2944	0	2862	0	4444	0	2168	0	2278	0	3638	864	7776	884	1578	136	4240	156	4616	216	1592	90	19720	2114	9658	0	880	0	96	0	10154	0	3750	0	750	0	0	0	0	0	0	0	0	0	0	0	0	0	8068	0	1022	0	0	0	0	0	0	0	0	0	0	0	0	6076	23488	3056	0	94	4140	88	1794	0	828	0	1588	0	622	0	198	0	92	0	3716	0	0	0	0	0	0	0	0	0	0	0	0	0	0	0	0	0	0	0	0	0	0	0	0	0	0	
46420	Pallidum_L	1616	0	4804	0	0	0	0	0	0	0	0	0	0	0	0	0	0	0	5382	0	0	110	0	0	0	0	0	0	0	0	0	0	0	0	0	0	922	0	0	0	0	0	0	0	0	0	0	0	0	0	0	0	0	0	0	0	0	0	0	0	0	0	0	0	0	0	0	0	774	0	1856	388	5496	94	0	288	1480	0	0	0	0	0	0	0	0	0	0	0	0	0	0	0	0	0	0	0	0	0	0	0	0	0	0	0	0	0	0	0	0	0	0	0	0	0	0	0	
41388	Pallidum_R	0	454	92	1736	0	0	0	482	0	0	0	720	0	0	0	0	0	494	292	2470	0	142	0	0	0	0	0	0	0	392	0	186	0	210	0	0	0	640	0	330	0	0	0	0	0	0	0	0	0	0	0	0	0	0	0	282	0	574	0	0	0	0	0	0	0	0	0	0	0	0	1660	4274	498	4140	288	0	0	0	0	118	0	220	0	0	0	0	0	0	0	0	0	0	0	0	0	0	0	0	0	0	0	0	0	0	0	0	0	0	0	0	0	0	0	0	0	0	
155728	Thalamus_L	15324	1940	10224	2502	0	0	1718	302	0	0	0	0	0	0	0	0	0	0	7188	806	0	0	0	0	0	0	0	0	1296	150	0	0	0	0	1262	2558	5866	2662	1104	480	168	0	0	0	0	0	644	0	0	0	0	0	0	0	528	0	0	0	0	0	0	0	0	0	0	0	0	226	5600	106	2624	342	3150	88	1480	0	0	5448	800	0	358	0	0	0	366	0	0	0	554	0	0	0	0	0	0	0	0	0	0	0	0	0	0	0	0	0	0	0	0	0	0	0	0	0	0	0	
144148	Thalamus_R	1436	6740	754	20746	0	0	244	3198	0	0	0	0	0	0	0	0	0	0	246	9094	150	274	0	0	0	0	0	0	122	276	0	0	0	0	544	1836	928	4698	176	1218	0	0	0	0	0	0	0	98	0	0	0	0	0	0	0	816	0	0	0	0	0	0	0	0	0	0	0	100	0	0	314	9662	326	1794	0	0	5448	0	138	0	0	0	0	0	0	0	0	0	0	698	0	0	0	0	0	0	0	0	0	0	0	0	0	0	0	0	0	0	0	0	0	0	0	0	0	0	
95328	Heschl_L	1982	234	5808	188	0	0	0	0	0	0	288	0	0	0	0	0	4364	0	2840	96	0	0	0	0	0	0	0	0	9376	0	0	0	0	0	1194	1240	2180	1068	0	530	0	0	0	0	0	0	0	152	0	0	772	0	134	0	348	0	2538	0	0	0	0	0	590	0	0	0	88	264	100	0	230	0	630	0	0	0	800	138	0	0	3806	0	0	0	3494	0	0	0	2088	0	0	0	0	0	0	0	0	0	0	0	0	0	0	0	0	0	0	0	0	0	104	0	0	0	0	0	
30780	Heschl_R	0	302	0	180	0	0	0	92	0	0	0	106	0	0	0	190	0	3434	0	230	0	0	0	0	0	0	0	0	0	3194	0	0	0	0	0	0	0	92	0	0	0	0	0	0	0	0	0	0	0	0	0	0	0	0	0	96	0	254	0	0	0	0	0	248	0	0	0	0	0	0	0	318	0	828	0	118	0	0	0	0	0	5250	0	190	0	268	0	0	0	0	0	0	0	0	0	0	0	0	0	0	0	0	0	0	0	0	0	0	0	0	0	0	0	0	0	0	
234636	Temporal_Sup_L	3152	240	4794	356	120	0	122	0	0	0	2360	138	246	0	0	0	10106	114	3346	246	0	0	0	0	0	0	0	0	15178	350	0	128	146	0	120	0	1796	0	134	0	112	0	218	0	0	0	0	0	108	0	2262	0	86	0	1832	0	4712	0	0	0	496	0	7694	0	1324	0	304	0	110	0	1540	368	3100	0	0	0	358	0	3806	0	0	0	4728	0	27376	0	750	0	12842	0	0	0	0	0	0	0	0	0	0	0	0	0	0	0	0	0	0	0	0	0	0	0	0	0	0	0	
131332	Temporal_Sup_R	0	2086	0	1314	0	0	0	530	0	0	0	302	0	0	0	1450	0	5540	0	1280	0	0	0	0	0	0	0	0	0	5036	0	0	0	116	0	90	0	840	0	88	0	0	0	810	0	1916	0	0	0	1998	0	672	0	94	0	678	0	2634	0	196	0	926	0	4390	0	2756	0	2862	0	740	168	338	0	1588	0	220	0	0	0	5250	0	0	0	4072	0	10884	0	248	0	3554	0	0	0	0	0	0	0	0	0	0	0	0	0	0	0	0	0	0	0	0	0	0	0	0	0	0	
89264	Temporal_Pole_Sup_L	0	0	1108	132	1140	0	150	0	414	0	2460	0	492	0	2044	0	1242	0	224	166	574	0	214	0	0	0	0	0	5234	0	206	110	0	0	0	0	472	0	548	0	418	0	0	0	0	0	0	0	0	0	0	0	0	0	3514	0	0	0	0	0	0	0	0	0	0	0	0	0	0	0	392	238	1142	0	0	0	0	0	0	0	4728	0	0	0	6806	0	5222	0	5242	0	0	0	0	0	0	0	0	0	0	0	0	0	0	0	0	0	0	0	0	0	0	0	0	0	0	0	
69108	Temporal_Pole_Sup_R	0	0	0	944	0	0	0	266	0	90	0	1736	0	200	0	3072	0	2048	0	648	0	0	0	150	0	0	0	0	0	2468	0	0	0	526	0	0	0	840	0	1412	0	1734	0	0	0	0	0	0	0	0	0	0	0	0	0	5082	0	0	0	0	0	0	0	0	0	0	0	0	0	0	170	0	0	622	0	0	0	0	0	190	0	4072	0	0	0	1624	0	4028	0	2632	0	0	0	0	0	0	0	0	0	0	0	0	0	0	0	0	0	0	0	0	0	0	0	0	0	0	
395004	Temporal_Mid_L	1318	468	4932	100	0	0	0	0	0	0	126	0	0	0	0	0	3372	0	1832	0	0	0	0	0	0	0	0	0	10122	0	0	0	138	0	750	0	1468	0	0	0	0	0	7016	0	276	0	444	0	1670	0	30860	0	5208	0	5382	0	1364	0	456	0	6796	0	7168	94	10302	0	5628	0	1742	0	578	0	1676	0	0	0	366	0	3494	0	27376	0	6806	0	0	0	7652	0	40522	0	0	0	0	0	0	0	0	0	0	0	0	0	0	0	0	0	0	0	0	0	0	0	0	0	0	0	
243492	Temporal_Mid_R	0	2592	0	916	0	0	0	488	0	0	0	0	0	0	0	0	0	96	0	1290	0	0	0	0	0	0	0	0	0	1270	0	0	0	170	0	1186	0	2896	0	318	0	0	0	12200	0	7026	0	1538	0	8210	0	18244	0	2648	0	2248	0	228	0	152	0	524	0	1356	0	4776	0	9804	0	428	0	0	0	198	0	0	0	0	0	268	0	10884	0	1624	0	0	0	744	0	27424	0	0	0	0	0	0	0	0	0	0	0	0	0	0	0	0	0	0	0	0	0	0	0	0	0	0	
46560	Temporal_Pole_Mid_L	0	0	0	0	0	0	0	0	0	0	0	0	0	0	0	0	0	0	0	0	0	0	0	0	0	0	0	0	0	0	0	0	0	0	0	0	0	0	178	0	98	0	0	0	0	0	0	0	0	0	0	0	0	0	3520	0	0	0	0	0	0	0	0	0	0	0	0	0	0	0	0	0	0	0	0	0	0	0	0	0	750	0	5222	0	7652	0	0	0	5860	0	0	0	0	0	0	0	0	0	0	0	0	0	0	0	0	0	0	0	0	0	0	0	0	0	0	0	
21808	Temporal_Pole_Mid_R	0	0	0	0	0	0	0	0	0	0	0	0	0	0	0	0	0	0	0	0	0	0	0	0	0	0	0	0	0	0	0	0	0	0	0	0	0	0	0	644	0	262	0	0	0	0	0	0	0	0	0	0	0	0	0	3388	0	0	0	0	0	0	0	0	0	0	0	0	0	0	0	0	0	92	0	0	0	0	0	0	0	248	0	4028	0	744	0	0	0	1498	0	0	0	0	0	0	0	0	0	0	0	0	0	0	0	0	0	0	0	0	0	0	0	0	0	0	
294252	Temporal_Inf_L	652	234	3080	0	0	0	0	0	0	0	0	0	0	0	0	0	1014	0	1090	0	0	0	0	0	0	0	0	0	10138	0	0	0	0	0	340	0	10402	114	2146	0	1120	0	1864	0	0	0	508	0	224	0	8694	0	3752	0	21152	0	304	0	152	0	1834	0	1336	0	1958	0	1732	0	1016	0	304	0	1638	0	0	0	554	0	2088	0	12842	0	5242	0	40522	0	5860	0	0	0	1496	0	204	0	0	0	378	0	718	0	108	0	196	0	0	0	0	0	0	0	120	0	0	0	0	0	
222908	Temporal_Inf_R	0	1642	0	964	0	0	0	700	0	260	0	0	0	258	0	294	0	124	0	876	0	0	0	0	0	0	0	0	0	1840	0	0	0	92	110	878	0	11028	0	2502	0	742	0	2992	0	2922	0	1240	0	2982	0	4902	0	5472	0	17732	0	138	0	0	0	192	0	738	0	494	0	3560	0	398	0	142	0	3716	0	0	0	698	0	0	0	3554	0	2632	0	27424	0	1498	0	0	0	3682	0	204	0	0	0	0	0	648	0	0	0	1096	0	88	0	0	0	0	0	0	0	0	0	0	
339272	Cerebelum_Crus1_L	0	0	0	0	0	0	0	0	0	0	0	0	0	0	0	0	0	0	0	0	0	0	0	0	0	0	0	0	0	0	0	0	0	0	0	0	0	0	0	0	0	0	0	0	0	0	5722	3702	0	0	508	0	678	236	13068	1054	0	0	0	0	0	0	0	0	0	0	0	0	0	0	0	0	0	0	0	0	0	0	0	0	0	0	0	0	0	0	0	0	1496	0	0	2440	26886	766	904	0	17100	326	43298	4066	13496	0	16920	290	1306	110	334	0	0	100	3328	4776	5058	772	808	88	
319804	Cerebelum_Crus1_R	0	0	0	0	0	0	0	0	0	0	0	0	0	0	0	0	0	0	0	0	0	0	0	0	0	0	0	0	0	0	0	0	0	0	0	0	0	0	0	0	0	0	0	120	0	0	1264	6468	0	0	174	0	0	362	96	12760	0	0	0	0	0	0	0	0	0	0	0	0	0	0	0	0	0	0	0	0	0	0	0	0	0	0	0	0	0	0	0	0	0	3682	2440	0	2284	30588	0	1516	896	10108	2650	38174	366	1914	262	20172	744	4148	266	0	162	1274	5918	4294	5284	858	658	0	
322152	Cerebelum_Crus2_L	0	0	0	0	0	0	0	0	0	0	0	0	0	0	0	0	0	0	0	0	0	0	0	0	0	0	0	0	0	0	0	0	0	0	0	0	0	0	0	0	0	0	0	0	0	0	1628	1174	0	0	246	0	0	0	894	252	0	0	0	0	0	0	0	0	0	0	0	0	0	0	0	0	0	0	0	0	0	0	0	0	0	0	0	0	0	0	0	0	204	0	26886	2284	0	6364	170	0	2414	0	6880	2162	39978	4362	32800	3458	5608	1836	232	0	0	0	820	1564	7798	7700	3362	0	
226788	Cerebelum_Crus2_R	0	0	0	0	0	0	0	0	0	0	0	0	0	0	0	0	0	0	0	0	0	0	0	0	0	0	0	0	0	0	0	0	0	0	0	0	0	0	0	0	0	0	0	0	0	0	354	1382	0	0	0	0	0	188	0	1502	0	0	0	0	0	0	0	0	0	0	0	0	0	0	0	0	0	0	0	0	0	0	0	0	0	0	0	0	0	0	0	0	0	204	766	30588	6364	0	0	140	0	984	674	7484	2182	15172	854	27682	90	5200	0	0	0	0	334	1494	6296	2390	1070	0	
23332	Cerebelum_3_L	0	0	0	0	0	0	0	0	0	0	0	0	0	0	0	0	0	0	0	0	0	0	0	0	0	0	0	0	0	0	0	0	0	0	0	0	0	0	0	0	0	0	0	0	0	0	144	0	0	0	0	0	0	0	108	0	0	0	0	0	0	0	0	0	0	0	0	0	0	0	0	0	0	0	0	0	0	0	0	0	0	0	0	0	0	0	0	0	0	0	904	0	170	0	0	0	5634	0	1420	0	172	0	382	0	434	0	188	0	424	948	738	0	0	0	0	0	
40140	Cerebelum_3_R	0	0	0	0	0	0	0	0	0	0	0	0	0	0	0	0	0	0	0	0	0	0	0	0	0	0	0	0	0	0	0	0	0	0	0	0	0	0	0	0	0	0	0	0	0	0	0	0	0	0	0	0	0	0	0	1016	0	0	0	0	0	0	0	0	0	0	0	0	0	0	0	0	0	0	0	0	0	0	0	0	0	0	0	0	0	0	0	0	0	0	0	1516	0	140	0	0	198	4878	0	4972	0	0	0	178	0	552	0	0	786	3982	1326	134	150	118	124	0	
215172	Cerebelum_4_5_L	0	0	0	0	0	0	0	0	0	0	0	0	0	0	0	0	0	0	0	0	0	0	0	0	0	0	0	0	0	0	0	0	0	0	0	0	100	0	260	0	0	0	86	0	0	0	5270	2134	0	0	0	0	322	96	9492	516	0	0	0	0	0	0	0	0	0	0	98	0	0	0	0	0	0	0	0	0	0	0	0	0	0	0	0	0	0	0	0	0	378	0	17100	896	2414	0	5634	198	0	1344	29170	2226	2614	0	4210	0	2500	652	570	0	384	1222	11164	3888	0	250	1120	1278	
136976	Cerebelum_4_5_R	0	0	0	0	0	0	0	0	0	0	0	0	0	0	0	0	0	0	0	0	0	0	0	0	0	0	0	0	0	0	0	0	0	0	0	0	0	216	0	1096	0	0	0	0	0	0	0	3792	0	0	0	0	0	118	0	6122	0	0	0	0	0	0	0	0	0	0	0	100	0	0	0	0	0	0	0	0	0	0	0	0	0	0	0	0	0	0	0	0	0	0	326	10108	0	984	0	4878	1344	0	914	22202	0	0	0	1592	0	526	0	0	96	2308	10684	572	210	98	202	0	
334444	Cerebelum_6_L	0	0	0	0	0	0	0	0	0	0	0	0	0	0	0	0	0	0	0	0	0	0	0	0	0	0	0	0	0	0	0	0	0	0	0	0	0	0	0	0	0	0	0	0	0	0	10592	5638	0	0	752	0	1332	242	19476	1062	0	0	0	0	0	0	0	0	0	0	0	0	0	0	0	0	0	0	0	0	0	0	0	0	0	0	0	0	0	0	0	0	718	0	43298	2650	6880	674	1420	0	29170	914	0	5608	5612	0	7406	350	2218	208	712	0	0	160	6838	8704	3892	108	256	332	
318480	Cerebelum_6_R	0	0	0	0	0	0	0	0	0	0	0	0	0	0	0	0	0	0	0	0	0	0	0	0	0	0	0	0	0	0	0	0	0	0	0	0	0	0	0	0	0	0	0	120	0	98	1860	11320	0	102	188	0	0	818	190	15826	0	0	0	0	0	0	0	0	0	0	0	0	0	0	0	0	0	0	0	0	0	0	0	0	0	0	0	0	0	0	0	0	0	648	4066	38174	2162	7484	0	4972	2226	22202	5608	0	554	434	386	6522	1448	1512	516	0	258	2772	11248	8248	5802	788	688	0	
274280	Cerebelum_7b_L	0	0	0	0	0	0	0	0	0	0	0	0	0	0	0	0	0	0	0	0	0	0	0	0	0	0	0	0	0	0	0	0	0	0	0	0	0	0	0	0	0	0	0	0	0	0	250	382	0	0	0	0	0	0	410	0	0	0	0	0	0	0	0	0	0	0	0	0	0	0	0	0	0	0	0	0	0	0	0	0	0	0	0	0	0	0	0	0	108	0	13496	366	39978	2182	172	0	2614	0	5612	554	0	2892	38628	3108	7610	2004	292	0	0	0	690	860	3560	8388	2984	0	
95220	Cerebelum_7b_R	0	0	0	0	0	0	0	0	0	0	0	0	0	0	0	0	0	0	0	0	0	0	0	0	0	0	0	0	0	0	0	0	0	0	0	0	0	0	0	0	0	0	0	0	0	0	0	0	0	0	0	0	0	0	0	0	0	0	0	0	0	0	0	0	0	0	0	0	0	0	0	0	0	0	0	0	0	0	0	0	0	0	0	0	0	0	0	0	0	0	0	1914	4362	15172	0	0	0	0	0	434	2892	0	996	15526	0	2004	0	0	0	0	0	0	1076	3234	0	0	
294608	Cerebelum_8_L	0	0	0	0	0	0	0	0	0	0	0	0	0	0	0	0	0	0	0	0	0	0	0	0	0	0	0	0	0	0	0	0	0	0	0	0	0	0	0	0	0	0	0	0	0	0	432	306	0	0	0	0	0	0	380	0	0	0	0	0	0	0	0	0	0	0	0	0	0	0	0	0	0	0	0	0	0	0	0	0	0	0	0	0	0	0	0	0	196	0	16920	262	32800	854	382	0	4210	0	7406	386	38628	996	0	2336	17112	2604	1290	0	0	0	986	736	3778	9096	5110	98	
229396	Cerebelum_8_R	0	0	0	0	0	0	0	0	0	0	0	0	0	0	0	0	0	0	0	0	0	0	0	0	0	0	0	0	0	0	0	0	0	0	0	0	0	0	0	0	0	0	0	0	0	0	144	270	0	0	0	0	0	0	0	700	0	0	0	0	0	0	0	0	0	0	0	0	0	0	0	0	0	0	0	0	0	0	0	0	0	0	0	0	0	0	0	0	0	1096	290	20172	3458	27682	0	178	0	1592	350	6522	3108	15526	2336	0	360	18496	0	0	96	198	586	620	4326	4986	1606	0	
122612	Cerebelum_9_L	0	0	0	0	0	0	0	0	0	0	0	0	0	0	0	0	0	0	0	0	0	0	0	0	0	0	0	0	0	0	0	0	0	0	0	0	0	0	0	0	0	0	0	0	0	0	200	392	0	0	0	0	0	0	0	0	0	0	0	0	0	0	0	0	0	0	0	0	0	0	0	0	0	0	0	0	0	0	0	0	0	0	0	0	0	0	0	0	0	0	1306	744	5608	90	434	0	2500	0	2218	1448	7610	0	17112	360	0	1956	3612	0	0	0	1514	3036	2210	4448	3986	522	
122672	Cerebelum_9_R	0	0	0	0	0	0	0	0	0	0	0	0	0	0	0	0	0	0	0	0	0	0	0	0	0	0	0	0	0	0	0	0	0	0	0	0	0	0	0	0	0	0	0	0	0	0	140	130	0	0	0	0	0	0	0	0	0	0	0	0	0	0	0	0	0	0	0	0	0	0	0	0	0	0	0	0	0	0	0	0	0	0	0	0	0	0	0	0	0	88	110	4148	1836	5200	0	552	652	526	208	1512	2004	2004	2604	18496	1956	0	0	592	400	822	1240	2200	2850	5442	4836	788	
19124	Cerebelum_10_L	0	0	0	0	0	0	0	0	0	0	0	0	0	0	0	0	0	0	0	0	0	0	0	0	0	0	0	0	0	0	0	0	0	0	0	0	0	0	0	0	0	0	0	0	0	0	0	110	0	0	0	0	0	0	0	0	0	0	0	0	0	0	0	0	0	0	0	0	0	0	0	0	0	0	0	0	0	0	0	0	0	0	0	0	0	0	0	0	0	0	334	266	232	0	188	0	570	0	712	516	292	0	1290	0	3612	0	0	0	0	0	294	930	0	90	126	0	
1752	Cerebelum_10_R	0	0	0	0	0	0	0	0	0	0	0	0	0	0	0	0	0	0	0	0	0	0	0	0	0	0	0	0	0	0	0	0	0	0	0	0	0	0	0	0	0	0	0	0	0	0	0	0	0	0	0	0	0	0	0	0	0	0	0	0	0	0	0	0	0	0	0	0	0	0	0	0	0	0	0	0	0	0	0	0	0	0	0	0	0	0	0	0	0	0	0	0	0	0	0	0	0	0	0	0	0	0	0	0	0	592	0	0	0	0	0	0	102	92	90	0	
15388	Vermis_1_2	0	0	0	0	0	0	0	0	0	0	0	0	0	0	0	0	0	0	0	0	0	0	0	0	0	0	0	0	0	0	0	0	0	0	0	0	0	0	0	0	0	0	0	0	0	0	0	0	0	0	0	0	0	0	0	0	0	0	0	0	0	0	0	0	0	0	0	0	0	0	0	0	0	0	0	0	0	0	0	0	0	0	0	0	0	0	0	0	0	0	0	162	0	0	424	786	384	96	0	258	0	0	0	96	0	400	0	0	0	3432	1336	116	0	86	118	0	
44052	Vermis_3	0	0	0	0	0	0	0	0	0	0	0	0	0	0	0	0	0	0	0	0	0	0	0	0	0	0	0	0	0	0	0	0	0	0	0	0	0	0	0	0	0	0	0	0	0	0	0	200	0	0	0	0	0	0	0	140	0	0	0	0	0	0	0	0	0	0	0	0	0	0	0	0	0	0	0	0	0	0	0	0	0	0	0	0	0	0	0	0	0	0	100	1274	0	0	948	3982	1222	2308	160	2772	0	0	0	198	0	822	0	0	3432	0	3658	250	160	176	224	0	
176884	Vermis_4_5	0	0	0	0	0	0	0	0	0	0	0	0	0	0	0	0	0	0	0	0	0	0	0	0	0	0	0	0	0	0	0	0	0	0	1520	780	1434	300	536	170	0	0	932	0	0	0	1706	4492	0	0	0	0	0	140	952	2428	0	0	0	0	0	0	0	0	0	0	800	916	0	0	0	0	0	0	0	0	0	0	104	0	0	0	0	0	0	0	0	0	120	0	3328	5918	820	334	738	1326	11164	10684	6838	11248	690	0	986	586	1514	1240	294	0	1336	3658	0	4552	102	442	1550	1764	
143428	Vermis_6	0	0	0	0	0	0	0	0	0	0	0	0	0	0	0	0	0	0	0	0	0	0	0	0	0	0	0	0	0	0	0	0	0	0	0	0	0	0	0	0	0	0	0	0	0	0	2720	7426	0	0	106	0	0	260	782	980	0	0	0	0	0	0	0	0	0	0	0	0	0	0	0	0	0	0	0	0	0	0	0	0	0	0	0	0	0	0	0	0	0	0	4776	4294	1564	1494	0	134	3888	572	8704	8248	860	0	736	620	3036	2200	930	0	116	250	4552	0	5924	1952	3004	1586	
156544	Vermis_7	0	0	0	0	0	0	0	0	0	0	0	0	0	0	0	0	0	0	0	0	0	0	0	0	0	0	0	0	0	0	0	0	0	0	0	0	0	0	0	0	0	0	0	0	0	0	2338	3602	0	0	228	0	0	246	118	1088	0	0	0	0	0	0	0	0	0	0	0	0	0	0	0	0	0	0	0	0	0	0	0	0	0	0	0	0	0	0	0	0	0	0	5058	5284	7798	6296	0	150	0	210	3892	5802	3560	1076	3778	4326	2210	2850	0	102	0	160	102	5924	0	6950	5030	94	
134448	Vermis_8	0	0	0	0	0	0	0	0	0	0	0	0	0	0	0	0	0	0	0	0	0	0	0	0	0	0	0	0	0	0	0	0	0	0	0	0	0	0	0	0	0	0	0	0	0	0	0	162	0	0	0	0	0	0	0	0	0	0	0	0	0	0	0	0	0	0	0	0	0	0	0	0	0	0	0	0	0	0	0	0	0	0	0	0	0	0	0	0	0	0	772	858	7700	2390	0	118	250	98	108	788	8388	3234	9096	4986	4448	5442	90	92	86	176	442	1952	6950	0	8258	340	
93376	Vermis_9	0	0	0	0	0	0	0	0	0	0	0	0	0	0	0	0	0	0	0	0	0	0	0	0	0	0	0	0	0	0	0	0	0	0	0	0	0	0	0	0	0	0	0	0	0	0	140	192	0	0	0	0	0	0	108	0	0	0	0	0	0	0	0	0	0	0	0	0	0	0	0	0	0	0	0	0	0	0	0	0	0	0	0	0	0	0	0	0	0	0	808	658	3362	1070	0	124	1120	202	256	688	2984	0	5110	1606	3986	4836	126	90	118	224	1550	3004	5030	8258	0	1038	
16636	Vermis_10	0	0	0	0	0	0	0	0	0	0	0	0	0	0	0	0	0	0	0	0	0	0	0	0	0	0	0	0	0	0	0	0	0	0	0	0	0	0	0	0	0	0	0	0	0	0	214	0	0	0	0	0	0	0	176	0	0	0	0	0	0	0	0	0	0	0	0	0	0	0	0	0	0	0	0	0	0	0	0	0	0	0	0	0	0	0	0	0	0	0	88	0	0	0	0	0	1278	0	332	0	0	0	98	0	522	788	0	0	0	0	1764	1586	94	340	1038	0	
