data	data	661784	282152	933460	879040	200676	95068	382460	296880	127600	28092	184972	214344	291452	206868	191644	122640	205360	179044	684712	689380	84952	75868	247160	261840	24928	67632	43624	50456	615292	416536	254160	348544	159392	394668	154752	174784	277316	312036	141048	202856	38244	56300	347720	421076	291644	444392	298128	465928	305336	412628	568376	303260	270808	284300	495216	558276	314284	263192	138836	128376	264708	134308	102888	133316	201232	176876	367008	468592	399868	216196	267068	294000	250412	264240	85156	18676	176800	204704	55340	33928	243660	129300	88888	112612	363244	316820	26328	21932	380032	319320	718340	579168	514552	469928	51436	107656	416836	314984	610160	502540	348300	250260	466856	420476	245560	176656	30816	15896	56020	100920	412256	324976	328240	315840	163440	65188	
data	data	Precentral_L	Precentral_R	Frontal_Sup_L	Frontal_Sup_R	Frontal_Sup_Orb_L	Frontal_Sup_Orb_R	Frontal_Mid_L	Frontal_Mid_R	Frontal_Mid_Orb_L	Frontal_Mid_Orb_R	Frontal_Inf_Oper_L	Frontal_Inf_Oper_R	Frontal_Inf_Tri_L	Frontal_Inf_Tri_R	Frontal_Inf_Orb_L	Frontal_Inf_Orb_R	Rolandic_Oper_L	Rolandic_Oper_R	Supp_Motor_Area_L	Supp_Motor_Area_R	Olfactory_L	Olfactory_R	Frontal_Sup_Medial_L	Frontal_Sup_Medial_R	Frontal_Med_Orb_L	Frontal_Med_Orb_R	Rectus_L	Rectus_R	Insula_L	Insula_R	Cingulum_Ant_L	Cingulum_Ant_R	Cingulum_Mid_L	Cingulum_Mid_R	Cingulum_Post_L	Cingulum_Post_R	Hippocampus_L	Hippocampus_R	ParaHippocampal_L	ParaHippocampal_R	Amygdala_L	Amygdala_R	Calcarine_L	Calcarine_R	Cuneus_L	Cuneus_R	Lingual_L	Lingual_R	Occipital_Sup_L	Occipital_Sup_R	Occipital_Mid_L	Occipital_Mid_R	Occipital_Inf_L	Occipital_Inf_R	Fusiform_L	Fusiform_R	Postcentral_L	Postcentral_R	Parietal_Sup_L	Parietal_Sup_R	Parietal_Inf_L	Parietal_Inf_R	SupraMarginal_L	SupraMarginal_R	Angular_L	Angular_R	Precuneus_L	Precuneus_R	Paracentral_Lobule_L	Paracentral_Lobule_R	Caudate_L	Caudate_R	Putamen_L	Putamen_R	Pallidum_L	Pallidum_R	Thalamus_L	Thalamus_R	Heschl_L	Heschl_R	Temporal_Sup_L	Temporal_Sup_R	Temporal_Pole_Sup_L	Temporal_Pole_Sup_R	Temporal_Mid_L	Temporal_Mid_R	Temporal_Pole_Mid_L	Temporal_Pole_Mid_R	Temporal_Inf_L	Temporal_Inf_R	Cerebelum_Crus1_L	Cerebelum_Crus1_R	Cerebelum_Crus2_L	Cerebelum_Crus2_R	Cerebelum_3_L	Cerebelum_3_R	Cerebelum_4_5_L	Cerebelum_4_5_R	Cerebelum_6_L	Cerebelum_6_R	Cerebelum_7b_L	Cerebelum_7b_R	Cerebelum_8_L	Cerebelum_8_R	Cerebelum_9_L	Cerebelum_9_R	Cerebelum_10_L	Cerebelum_10_R	Vermis_1_2	Vermis_3	Vermis_4_5	Vermis_6	Vermis_7	Vermis_8	Vermis_9	Vermis_10	
661784	Precentral_L	0	978	39046	3038	946	0	12560	82	338	0	10312	0	3778	0	642	0	10980	0	39668	8872	0	0	594	0	0	0	0	0	20910	0	2538	418	736	2378	2752	1400	8438	524	1662	0	0	0	218	0	330	0	208	0	138	0	2982	0	1378	0	8384	0	34714	0	0	0	5202	0	3462	0	1356	0	614	0	38170	1126	5400	392	11854	0	6194	0	13606	1502	3026	0	4052	0	412	0	4356	0	0	0	7626	0	600	0	0	0	0	0	0	0	0	0	0	0	0	0	0	0	0	0	0	0	0	0	0	0	0	0	
282152	Precentral_R	978	0	416	11206	0	0	0	5080	0	0	0	4816	0	414	0	0	0	2814	1082	3684	0	0	0	322	0	0	0	0	0	3762	0	228	0	1700	1296	2426	110	6092	96	2556	0	0	0	672	0	1494	0	1468	0	1190	0	318	0	2378	0	7094	0	26192	0	700	0	3662	0	4452	0	1920	126	3862	1540	13286	226	3058	0	610	0	128	98	6110	0	920	0	1906	0	542	0	4348	0	0	0	3698	0	0	0	0	0	0	0	0	0	0	0	0	0	0	0	0	0	0	0	0	0	0	0	0	0	0	
933460	Frontal_Sup_L	39046	416	0	19232	16000	0	53208	306	7756	0	13508	0	22032	0	8160	0	13510	0	73002	16218	0	0	36966	998	830	0	0	0	36352	0	16340	2848	8008	3984	148	166	4000	154	996	0	0	0	0	0	0	0	0	0	0	0	98	0	0	0	892	0	8586	0	0	0	0	0	360	0	84	0	0	0	12744	0	13498	866	13786	90	6318	0	5114	1674	846	0	3380	0	1946	0	302	0	0	0	1872	0	90	0	0	0	0	0	0	0	0	0	0	0	0	0	0	0	0	0	0	0	0	0	0	0	0	0	
879040	Frontal_Sup_R	3038	11206	19232	0	296	5142	4374	34492	104	2710	294	15068	190	17482	86	10104	232	10878	22022	64420	80	174	6028	35526	0	2480	0	236	2106	29612	4660	30486	698	14992	184	230	452	5012	100	1568	0	0	0	150	0	0	0	252	0	0	0	0	0	134	84	1682	224	1354	0	0	0	98	0	268	0	0	0	268	2576	188	12134	22164	1556	15940	398	1002	2134	13246	0	356	156	558	0	6078	0	110	0	0	128	288	0	0	0	0	0	0	0	0	0	0	0	0	0	0	0	0	0	0	0	0	0	0	0	0	0	0	
200676	Frontal_Sup_Orb_L	946	0	16000	296	0	138	6964	0	16862	0	518	0	6576	0	16030	0	94	0	666	82	1654	718	3362	0	2044	0	3970	174	13014	0	2426	130	102	0	0	0	88	0	0	0	80	0	0	0	0	0	0	0	0	0	0	0	0	0	278	0	124	0	0	0	0	0	0	0	0	0	0	0	0	0	1954	526	3882	196	94	0	0	0	0	0	98	0	252	0	0	0	0	0	0	0	0	0	0	0	0	0	0	0	0	0	0	0	0	0	0	0	0	0	0	0	0	0	0	0	0	0	
95068	Frontal_Sup_Orb_R	0	0	0	5142	138	0	0	2116	0	3060	0	0	0	508	94	2970	0	0	0	208	494	1850	568	3778	0	6630	240	7664	0	1794	166	3172	0	110	0	0	0	196	0	78	0	146	0	0	0	0	0	0	0	0	0	0	0	0	0	0	0	0	0	0	0	0	0	0	0	0	0	0	0	0	498	2586	172	3156	0	0	0	0	0	0	0	0	0	0	0	0	0	0	0	0	0	0	0	0	0	0	0	0	0	0	0	0	0	0	0	0	0	0	0	0	0	0	0	0	0	0	
382460	Frontal_Mid_L	12560	0	53208	4374	6964	0	0	1050	5296	0	7912	0	32326	0	7014	0	1538	0	5282	1652	0	0	15226	174	0	0	0	0	15230	0	10164	3440	992	0	0	0	108	0	0	0	0	0	0	0	0	0	0	0	0	0	0	0	142	0	622	0	990	0	0	0	0	0	0	0	0	0	0	0	356	0	1976	0	956	0	454	0	198	0	0	0	410	0	520	0	0	0	0	0	0	0	96	0	0	0	0	0	0	0	0	0	0	0	0	0	0	0	0	0	0	0	0	0	0	0	0	0	
296880	Frontal_Mid_R	82	5080	306	34492	0	2116	1050	0	0	3244	0	11420	0	22404	0	8564	0	4350	1754	5042	0	0	122	8302	0	0	0	0	0	17940	1520	7972	106	2606	0	0	0	254	0	90	0	0	0	0	0	0	0	0	0	0	0	0	0	0	0	232	0	816	0	0	0	270	0	546	0	0	0	0	0	0	86	2478	0	1876	0	0	0	382	0	172	0	154	0	2440	0	78	0	0	0	94	0	0	0	0	0	0	0	0	0	0	0	0	0	0	0	0	0	0	0	0	0	0	0	0	0	0	
127600	Frontal_Mid_Orb_L	338	0	7756	104	16862	0	5296	0	0	0	266	0	6440	0	13312	0	0	0	194	0	770	0	176	0	398	0	1270	0	7410	0	154	0	0	0	0	0	0	0	0	0	0	0	0	0	0	0	0	0	0	0	0	0	0	0	160	0	0	0	0	0	0	0	0	0	0	0	0	0	0	0	532	0	2138	0	0	0	0	0	0	0	0	0	224	0	0	0	0	0	0	0	0	0	0	0	0	0	0	0	0	0	0	0	0	0	0	0	0	0	0	0	0	0	0	0	0	0	
28092	Frontal_Mid_Orb_R	0	0	0	2710	0	3060	0	3244	0	0	0	0	0	138	0	3426	0	0	0	128	0	0	0	0	0	0	0	196	0	256	0	0	0	0	0	0	0	0	0	0	0	0	0	0	0	0	0	0	0	0	0	0	0	0	0	0	0	0	0	0	0	0	0	0	0	0	0	0	0	0	0	0	0	888	0	0	0	0	0	0	0	0	0	0	0	0	0	0	0	0	0	0	0	0	0	0	0	0	0	0	0	0	0	0	0	0	0	0	0	0	0	0	0	0	0	0	
184972	Frontal_Inf_Oper_L	10312	0	13508	294	518	0	7912	0	266	0	0	0	9640	0	1570	0	10188	0	2608	0	0	0	264	0	0	0	0	0	16546	0	956	208	0	0	0	0	336	0	0	0	0	0	0	0	0	0	0	0	0	0	0	0	0	0	0	0	4854	0	0	0	0	0	100	0	0	0	0	0	664	0	654	0	1720	0	1360	0	0	0	152	0	4200	0	3488	0	168	0	0	0	0	0	0	0	0	0	0	0	0	0	0	0	0	0	0	0	0	0	0	0	0	0	0	0	0	0	0	0	
214344	Frontal_Inf_Oper_R	0	4816	0	15068	0	0	0	11420	0	0	0	0	0	6914	0	440	0	14528	606	4968	0	0	0	1688	0	0	0	0	0	26776	0	1406	0	210	0	0	0	208	0	96	0	0	0	0	0	0	0	0	0	0	0	0	0	114	0	276	0	2602	0	0	0	330	0	284	0	96	0	0	0	0	0	304	0	3248	0	140	0	192	0	230	0	350	0	9694	0	0	0	0	0	168	0	0	0	0	0	0	0	0	0	0	0	0	0	0	0	0	0	0	0	0	0	0	0	0	0	0	
291452	Frontal_Inf_Tri_L	3778	0	22032	190	6576	0	32326	0	6440	0	9640	0	0	0	15484	0	1050	0	1408	0	0	0	7588	82	0	0	0	0	24772	0	3572	196	1150	0	0	0	136	0	0	0	0	0	0	0	0	0	0	0	0	0	0	0	0	0	370	0	744	0	0	0	0	0	0	0	0	0	0	0	136	0	1868	0	1944	0	996	0	0	0	0	0	1394	0	1854	0	0	0	0	0	0	0	0	0	0	0	0	0	0	0	0	0	0	0	0	0	0	0	0	0	0	0	0	0	0	0	0	0	
206868	Frontal_Inf_Tri_R	0	414	0	17482	0	508	0	22404	0	138	0	6914	0	0	0	7392	0	158	2586	7374	0	0	242	2668	0	0	0	0	0	20530	88	4618	802	4130	0	0	0	100	0	0	0	0	0	0	0	0	0	0	0	0	0	0	0	0	0	0	0	392	0	0	0	0	0	298	0	0	0	0	0	0	0	2404	0	1416	0	0	0	234	0	0	0	0	0	142	0	0	0	0	0	0	0	0	0	0	0	0	0	0	0	0	0	0	0	0	0	0	0	0	0	0	0	0	0	0	0	0	
191644	Frontal_Inf_Orb_L	642	0	8160	86	16030	94	7014	0	13312	0	1570	0	15484	0	0	0	100	0	262	0	2562	478	920	0	298	0	1138	116	16462	0	1098	274	300	0	0	0	540	0	458	0	480	0	0	0	0	0	0	0	0	0	0	0	0	0	168	0	106	0	0	0	0	0	0	0	0	0	0	0	0	0	1806	354	3700	130	330	0	0	0	0	0	0	0	1350	0	0	0	0	0	0	0	0	0	0	0	0	0	0	0	0	0	0	0	0	0	0	0	0	0	0	0	0	0	0	0	0	0	
122640	Frontal_Inf_Orb_R	0	0	0	10104	0	2970	0	8564	0	3426	0	440	0	7392	0	0	0	0	376	1486	0	928	0	2008	0	0	0	728	0	10742	0	2846	320	1464	0	0	0	1108	0	684	0	388	0	0	0	0	0	0	0	0	0	0	0	0	0	522	0	0	0	0	0	0	0	0	0	0	0	0	0	0	0	1264	0	3398	0	0	0	0	0	0	0	0	0	162	0	0	0	0	0	0	0	0	0	0	0	0	0	0	0	0	0	0	0	0	0	0	0	0	0	0	0	0	0	0	0	0	
205360	Rolandic_Oper_L	10980	0	13510	232	94	0	1538	0	0	0	10188	0	1050	0	100	0	0	0	5224	0	0	0	0	0	0	0	0	0	17806	0	0	0	0	0	0	0	362	0	0	0	0	0	0	0	0	0	0	0	410	0	1308	0	312	0	656	0	13368	0	612	0	1002	0	2188	0	886	0	182	0	2806	0	186	0	282	0	216	0	0	0	2918	0	10224	0	2584	0	822	0	0	0	634	0	0	0	0	0	0	0	0	0	0	0	0	0	0	0	0	0	0	0	0	0	0	0	0	0	0	0	
179044	Rolandic_Oper_R	0	2814	0	10878	0	0	0	4350	0	0	0	14528	0	158	0	0	0	0	0	6312	0	0	0	0	0	0	0	0	0	20596	0	0	0	0	0	0	0	226	0	86	0	0	0	0	0	0	0	0	0	0	0	0	0	428	0	658	0	2732	0	0	0	194	0	2432	0	100	0	132	0	238	0	116	0	2718	0	972	0	418	0	2564	0	4398	0	10392	0	562	0	0	0	520	0	0	0	0	0	0	0	0	0	0	0	0	0	0	0	0	0	0	0	0	0	0	0	0	0	0	
684712	Supp_Motor_Area_L	39668	1082	73002	22022	666	0	5282	1754	194	0	2608	606	1408	2586	262	376	5224	0	0	42378	0	0	4128	1618	84	0	0	0	12150	1752	7600	3546	11984	22270	1390	716	3042	90	488	0	86	0	0	0	0	0	116	0	0	0	0	0	0	0	374	0	4148	108	0	0	0	0	290	0	0	0	0	138	25942	254	10278	1424	10446	182	5934	0	7364	1920	498	0	1474	0	316	0	140	0	0	0	948	0	0	0	0	0	0	0	0	0	0	0	0	0	0	0	0	0	0	0	0	0	0	0	0	0	0	0	
689380	Supp_Motor_Area_R	8872	3684	16218	64420	82	208	1652	5042	0	128	0	4968	0	7374	0	1486	0	6312	42378	0	0	0	834	6520	0	0	0	0	336	11708	702	12130	4038	41950	2368	5028	224	3242	0	1796	0	0	0	644	0	434	0	730	0	276	0	0	0	464	0	1894	100	2050	0	0	0	0	0	124	0	0	238	2234	16182	12976	5672	20342	436	12266	236	1648	1448	7078	0	742	0	1038	0	1066	0	246	0	0	0	426	0	0	0	0	0	0	0	0	0	0	0	0	0	0	0	0	0	0	0	0	0	0	0	0	0	0	
84952	Olfactory_L	0	0	0	80	1654	494	0	0	770	0	0	0	0	0	2562	0	0	0	0	0	0	4792	0	0	278	140	2726	722	3612	0	2786	2122	0	0	0	0	1286	0	782	0	1594	0	0	0	0	0	0	0	0	0	0	0	0	0	108	0	0	0	0	0	0	0	0	0	0	0	0	0	0	0	6454	4046	2548	2144	0	0	0	0	0	0	0	0	776	0	0	0	0	0	0	0	0	0	0	0	0	0	0	0	0	0	0	0	0	0	0	0	0	0	0	0	0	0	0	0	0	0	
75868	Olfactory_R	0	0	0	174	718	1850	0	0	0	0	0	0	0	0	478	928	0	0	0	0	4792	0	0	80	98	638	1964	2564	78	1196	1588	1688	0	0	0	0	0	484	0	140	0	566	0	0	0	0	0	0	0	0	0	0	0	0	0	0	0	0	0	0	0	0	0	0	0	0	0	0	0	0	5842	6398	2686	2664	212	0	0	0	0	0	0	0	0	108	0	0	0	0	0	0	0	0	0	0	0	0	0	0	0	0	0	0	0	0	0	0	0	0	0	0	0	0	0	0	0	0	
247160	Frontal_Sup_Medial_L	594	0	36966	6028	3362	568	15226	122	176	0	264	0	7588	242	920	0	0	0	4128	834	0	0	0	11238	1208	664	0	0	6220	0	14032	4278	3180	2702	0	0	0	0	0	0	0	0	0	0	0	0	0	0	0	0	0	0	0	0	96	0	0	0	0	0	0	0	0	0	0	0	0	0	0	0	1188	0	1664	0	92	0	0	0	0	0	0	0	0	0	0	0	0	0	0	0	0	0	0	0	0	0	0	0	0	0	0	0	0	0	0	0	0	0	0	0	0	0	0	0	0	0	
261840	Frontal_Sup_Medial_R	0	322	998	35526	0	3778	174	8302	0	0	0	1688	82	2668	0	2008	0	0	1618	6520	0	80	11238	0	482	5346	0	252	156	4284	2140	22214	216	8190	0	0	0	94	0	0	0	0	0	0	0	0	0	0	0	0	0	0	0	0	0	0	0	230	0	0	0	98	0	218	0	0	0	0	0	0	0	6780	0	4956	0	0	0	262	0	0	0	0	0	0	0	0	0	0	0	0	0	0	0	0	0	0	0	0	0	0	0	0	0	0	0	0	0	0	0	0	0	0	0	0	0	0	
24928	Frontal_Med_Orb_L	0	0	830	0	2044	0	0	0	398	0	0	0	0	0	298	0	0	0	84	0	278	98	1208	482	0	236	1130	0	406	0	2912	726	0	0	0	0	0	0	0	0	0	0	0	0	0	0	0	0	0	0	0	0	0	0	0	0	0	0	0	0	0	0	0	0	0	0	0	0	0	0	258	164	818	94	0	0	0	0	0	0	0	0	0	0	0	0	0	0	0	0	0	0	0	0	0	0	0	0	0	0	0	0	0	0	0	0	0	0	0	0	0	0	0	0	0	0	
67632	Frontal_Med_Orb_R	0	0	0	2480	0	6630	0	0	0	0	0	0	0	0	0	0	0	0	0	0	140	638	664	5346	236	0	0	5398	78	0	446	5736	0	0	0	0	0	0	0	0	0	0	0	0	0	0	0	0	0	0	0	0	0	0	0	0	0	0	0	0	0	0	0	0	0	0	0	0	0	0	128	3252	96	2548	0	0	0	0	0	0	0	0	0	0	0	0	0	0	0	0	0	0	0	0	0	0	0	0	0	0	0	0	0	0	0	0	0	0	0	0	0	0	0	0	0	0	
43624	Rectus_L	0	0	0	0	3970	240	0	0	1270	0	0	0	0	0	1138	0	0	0	0	0	2726	1964	0	0	1130	0	0	420	600	0	2468	1052	0	0	0	0	0	0	0	0	0	0	0	0	0	0	0	0	0	0	0	0	0	0	0	0	0	0	0	0	0	0	0	0	0	0	0	0	0	0	2618	1228	528	460	0	0	0	0	0	0	0	0	0	0	0	0	0	0	0	0	0	0	0	0	0	0	0	0	0	0	0	0	0	0	0	0	0	0	0	0	0	0	0	0	0	0	
50456	Rectus_R	0	0	0	236	174	7664	0	0	0	196	0	0	0	0	116	728	0	0	0	0	722	2564	0	252	0	5398	420	0	0	578	164	1760	0	0	0	0	0	0	0	0	0	0	0	0	0	0	0	0	0	0	0	0	0	0	0	0	0	0	0	0	0	0	0	0	0	0	0	0	0	0	678	2236	236	1106	0	0	0	0	0	0	0	0	0	0	0	0	0	0	0	0	0	0	0	0	0	0	0	0	0	0	0	0	0	0	0	0	0	0	0	0	0	0	0	0	0	0	
615292	Insula_L	20910	0	36352	2106	13014	0	15230	0	7410	0	16546	0	24772	0	16462	0	17806	0	12150	336	3612	78	6220	156	406	78	600	0	0	0	5354	1008	874	0	564	528	11844	398	2542	0	2060	0	0	0	0	0	0	0	732	0	2190	0	966	0	7204	0	7580	0	1994	0	2654	0	714	0	1762	0	512	0	4426	0	5960	214	12590	166	1834	0	1448	554	5650	0	11100	0	5460	0	3380	0	80	0	8374	0	686	0	0	0	0	0	0	0	0	0	0	0	0	0	0	0	0	0	0	0	0	0	0	0	0	0	
416536	Insula_R	0	3762	0	29612	0	1794	0	17940	0	256	0	26776	0	20530	0	10742	0	20596	1752	11708	0	1196	0	4284	0	0	0	578	0	0	0	4472	236	1438	90	130	0	3648	0	1920	0	1324	0	0	0	120	0	164	0	128	0	0	0	454	0	2700	0	2076	0	0	0	258	0	490	0	128	0	402	0	0	0	1682	0	15234	0	406	0	1464	0	2840	0	3652	0	9608	0	766	0	0	0	912	0	0	0	0	0	0	0	0	0	0	0	0	0	0	0	0	0	0	0	0	0	0	0	0	0	0	
254160	Cingulum_Ant_L	2538	0	16340	4660	2426	166	10164	1520	154	0	956	0	3572	88	1098	0	0	0	7600	702	2786	1588	14032	2140	2912	446	2468	164	5354	0	0	13982	9470	1196	658	0	0	0	0	0	0	0	0	0	0	0	0	0	0	0	0	0	0	0	238	0	148	0	0	0	0	0	0	0	0	0	0	0	0	0	6460	2180	7342	1370	162	0	0	0	0	0	0	0	0	0	0	0	0	0	0	0	0	0	0	0	0	0	0	0	0	0	0	0	0	0	0	0	0	0	0	0	0	0	0	0	0	0	
348544	Cingulum_Ant_R	418	228	2848	30486	130	3172	3440	7972	0	0	208	1406	196	4618	274	2846	0	0	3546	12130	2122	1688	4278	22214	726	5736	1052	1760	1008	4472	13982	0	1440	15414	0	0	0	122	0	0	0	0	0	0	0	0	0	0	0	0	0	0	0	0	0	0	0	192	0	0	0	92	0	190	0	0	0	0	0	0	2110	12084	1972	7450	0	0	0	250	0	0	0	0	0	0	0	0	0	0	0	0	0	0	0	0	0	0	0	0	0	0	0	0	0	0	0	0	0	0	0	0	0	0	0	0	0	0	
159392	Cingulum_Mid_L	736	0	8008	698	102	0	992	106	0	0	0	0	1150	802	300	320	0	0	11984	4038	0	0	3180	216	0	0	0	0	874	236	9470	1440	0	11786	3754	1182	84	0	0	0	0	0	1552	180	2802	408	306	94	280	108	232	0	0	0	128	0	0	0	78	0	0	0	0	0	0	0	5160	2628	3632	258	88	0	86	0	0	0	0	0	0	0	0	0	0	0	0	0	0	0	104	114	0	0	0	0	0	0	0	0	0	0	0	0	0	0	0	0	0	0	0	0	0	0	0	0	0	0	
394668	Cingulum_Mid_R	2378	1700	3984	14992	0	110	0	2606	0	0	0	210	0	4130	0	1464	0	0	22270	41950	0	0	2702	8190	0	0	0	0	0	1438	1196	15414	11786	0	3434	8632	0	126	0	0	0	0	0	3102	146	1916	0	994	0	862	0	110	0	846	0	858	0	2098	0	0	0	0	0	194	0	0	2390	9816	8350	14942	0	320	0	0	0	0	0	92	0	0	0	0	0	0	0	682	0	0	0	904	0	0	0	0	0	0	0	0	0	0	0	0	0	0	0	0	0	0	0	0	0	0	0	0	0	0	
154752	Cingulum_Post_L	2752	1296	148	184	0	0	0	0	0	0	0	0	0	0	0	0	0	0	1390	2368	0	0	0	0	0	0	0	0	564	90	658	0	3754	3434	0	12092	6428	5734	3888	238	0	0	2086	142	1222	0	302	460	226	0	238	0	230	0	4252	296	770	374	0	0	0	0	0	0	0	0	4158	2424	3280	2050	0	0	0	0	0	0	730	4866	456	0	210	0	0	0	726	0	0	0	2626	0	234	0	0	0	0	0	0	0	0	0	0	0	0	0	0	0	0	0	0	0	0	0	0	0	0	0	
174784	Cingulum_Post_R	1400	2426	166	230	0	0	0	0	0	0	0	0	0	0	0	0	0	0	716	5028	0	0	0	0	0	0	0	0	528	130	0	0	1182	8632	12092	0	5554	7858	2658	1008	0	0	0	850	156	884	0	1918	0	124	0	0	0	494	1988	2096	330	1798	0	0	0	0	0	0	0	0	1170	9142	1320	5140	0	0	0	0	0	0	998	5514	448	0	206	0	0	0	464	82	0	0	2196	378	0	0	0	0	0	0	0	88	0	0	0	0	0	0	0	0	0	0	0	0	0	0	0	0	0	0	
277316	Hippocampus_L	8438	110	4000	452	88	0	108	0	0	0	336	0	136	0	540	0	362	0	3042	224	1286	0	0	0	0	0	0	0	11844	0	0	0	84	0	6428	5554	0	4916	16932	88	6836	0	456	0	0	0	1294	302	0	0	366	0	208	0	12604	146	344	0	0	0	0	0	0	0	0	0	1364	952	2986	0	728	94	5590	0	562	0	8036	6904	2454	0	2554	0	1284	0	2406	0	84	0	14044	0	248	0	0	0	0	0	514	0	330	0	0	0	0	0	0	0	0	0	0	0	0	0	0	0	0	0	
312036	Hippocampus_R	524	6092	154	5012	0	196	0	254	0	0	0	208	0	100	0	1108	0	226	90	3242	0	484	0	94	0	0	0	0	398	3648	0	122	0	126	5734	7858	4916	0	2342	28712	0	9158	0	1236	0	0	0	6342	0	0	0	0	0	1194	1816	27606	0	508	0	0	0	0	0	0	0	0	0	3956	138	372	0	364	0	8754	0	346	656	7176	434	412	204	1612	0	490	456	1090	0	0	1980	7062	0	0	0	0	100	0	0	832	0	0	0	0	0	0	0	0	0	0	0	0	84	0	0	0	0	0	
141048	ParaHippocampal_L	1662	96	996	100	0	0	0	0	0	0	0	0	0	0	458	0	0	0	488	0	782	0	0	0	0	0	0	0	2542	0	0	0	0	0	3888	2658	16932	2342	0	194	1814	0	634	0	0	0	1806	626	0	0	204	0	194	0	8940	82	0	0	0	0	0	0	0	0	0	0	1522	952	906	0	140	0	1010	0	0	0	4674	3212	306	0	182	0	816	0	288	0	224	0	6384	0	276	0	0	0	662	198	822	0	318	0	0	0	0	0	0	0	0	0	0	194	0	0	0	0	0	0	
202856	ParaHippocampal_R	0	2556	0	1568	0	78	0	90	0	0	0	96	0	0	0	684	0	86	0	1796	0	140	0	0	0	0	0	0	0	1920	0	0	0	0	238	1008	88	28712	194	0	0	6460	0	1410	0	0	0	8170	0	0	0	0	0	1464	0	24962	0	538	0	0	0	0	0	0	0	0	0	2160	0	282	0	192	0	4406	0	330	0	746	0	240	0	976	0	732	0	782	0	300	0	4474	0	604	0	0	0	210	0	1918	0	630	0	0	0	0	0	0	0	0	0	0	188	0	0	0	0	0	
38244	Amygdala_L	0	0	0	0	80	0	0	0	0	0	0	0	0	0	480	0	0	0	86	0	1594	0	0	0	0	0	0	0	2060	0	0	0	0	0	0	0	6836	0	1814	0	0	0	0	0	0	0	0	0	0	0	0	0	0	0	2984	0	0	0	0	0	0	0	0	0	0	0	0	0	0	0	360	0	226	0	0	0	106	0	0	0	0	0	934	0	0	0	122	0	1440	0	0	0	0	0	0	0	0	0	0	0	0	0	0	0	0	0	0	0	0	0	0	0	0	0	0	0	
56300	Amygdala_R	0	0	0	0	0	146	0	0	0	0	0	0	0	0	0	388	0	0	0	0	0	566	0	0	0	0	0	0	0	1324	0	0	0	0	0	0	0	9158	0	6460	0	0	0	0	0	0	0	0	0	0	0	0	0	0	0	5702	0	0	0	0	0	0	0	0	0	0	0	0	0	0	0	0	0	1534	0	0	0	0	0	0	0	0	0	1992	0	98	0	88	0	694	0	0	0	0	0	0	0	0	0	0	0	0	0	0	0	0	0	0	0	0	0	0	0	0	0	0	
347720	Calcarine_L	218	0	0	0	0	0	0	0	0	0	0	0	0	0	0	0	0	0	0	0	0	0	0	0	0	0	0	0	0	0	0	0	1552	0	2086	0	456	0	634	0	0	0	0	11836	24676	7424	13440	3342	20046	4976	30360	1296	15366	408	7452	142	0	0	1332	0	134	0	0	0	188	0	17506	1170	958	0	0	0	0	0	0	0	0	0	0	0	0	0	0	0	3256	0	0	0	2540	112	182	0	0	0	0	0	222	0	246	0	0	0	0	0	0	0	0	0	0	0	222	82	0	0	0	0	
421076	Calcarine_R	0	672	0	150	0	0	0	0	0	0	0	0	0	0	0	0	0	0	0	644	0	0	0	0	0	0	0	0	0	0	0	0	180	3102	142	850	0	1236	0	1410	0	0	11836	0	8578	31932	1604	26762	982	24442	328	10890	106	14850	0	17814	0	1808	0	884	0	290	0	0	0	530	5806	22768	0	2070	0	0	0	0	0	0	0	0	0	0	0	0	0	0	0	5726	0	0	0	11580	0	0	0	0	0	0	0	286	0	190	0	0	0	0	0	0	0	0	0	0	90	0	0	0	0	0	
291644	Cuneus_L	330	0	0	0	0	0	0	0	0	0	0	0	0	0	0	0	0	0	0	0	0	0	0	0	0	0	0	0	0	0	0	0	2802	146	1222	156	0	0	0	0	0	0	24676	8578	0	10834	2792	2140	29242	4152	17722	730	7068	196	1272	312	0	0	4182	0	232	0	0	0	206	0	21796	1996	1114	0	0	0	0	0	0	0	0	0	0	0	0	0	0	0	1504	0	0	0	422	0	0	0	0	0	0	0	0	0	0	0	0	0	0	0	0	0	0	0	0	0	0	0	0	0	0	0	
444392	Cuneus_R	0	1494	0	0	0	0	0	0	0	0	0	0	0	0	0	0	0	0	0	434	0	0	0	0	0	0	0	0	0	120	0	0	408	1916	0	884	0	0	0	0	0	0	7424	31932	10834	0	392	8898	2398	52384	792	18118	242	6784	0	3980	0	3950	140	5608	0	1094	0	0	0	1496	11984	36958	0	3758	0	0	0	0	0	0	0	0	0	0	0	0	0	0	0	3766	0	0	0	4008	0	0	0	0	0	0	0	0	0	0	0	0	0	0	0	0	0	0	0	0	0	0	0	0	0	0	
298128	Lingual_L	208	0	0	0	0	0	0	0	0	0	0	0	0	0	0	0	0	0	116	0	0	0	0	0	0	0	0	0	0	0	0	0	306	0	302	0	1294	0	1806	0	0	0	13440	1604	2792	392	0	2268	4930	338	11880	86	9748	0	19764	0	0	0	160	0	0	0	0	0	0	0	3518	0	550	0	0	0	0	0	0	0	414	94	0	0	0	0	0	0	232	0	0	0	1236	0	16548	266	2586	120	298	0	19660	172	22458	424	370	0	1330	0	638	0	0	0	0	0	3028	2862	522	194	110	0	
465928	Lingual_R	0	1468	0	252	0	0	0	0	0	0	0	0	0	0	0	0	0	0	0	730	0	0	0	0	0	0	0	0	0	164	0	0	94	994	460	1918	302	6342	626	8170	0	0	3342	26762	2140	8898	2268	0	358	8102	212	4156	82	8208	590	29924	0	576	0	0	0	0	0	0	0	0	1696	10316	0	586	0	132	0	154	0	0	0	256	0	0	0	346	0	0	0	652	0	0	0	2654	7540	14556	3082	1658	260	700	914	13648	8770	17902	0	84	230	348	230	102	0	0	82	246	11478	14650	1786	392	232	144	
305336	Occipital_Sup_L	138	0	0	0	0	0	0	0	0	0	0	0	0	0	0	0	410	0	0	0	0	0	0	0	0	0	0	0	732	0	0	0	280	0	226	0	0	0	0	0	0	0	20046	982	29242	2398	4930	358	0	578	41668	214	10346	0	1644	0	444	0	11014	0	2868	0	0	0	2684	0	18958	744	254	0	0	0	0	0	0	0	0	0	0	0	120	0	0	0	1170	82	0	0	138	0	0	0	0	0	0	0	0	0	0	0	0	0	0	0	0	0	0	0	0	0	0	0	0	0	0	0	
412628	Occipital_Sup_R	0	1190	0	0	0	0	0	0	0	0	0	0	0	0	0	0	0	0	0	276	0	0	0	0	0	0	0	0	0	128	0	0	108	862	0	124	0	0	0	0	0	0	4976	24442	4152	52384	338	8102	578	0	274	29404	0	7284	0	2948	0	3466	0	9334	0	1272	0	0	0	5206	7058	31174	0	2862	0	0	0	0	0	0	0	0	0	0	0	0	0	0	0	4472	0	0	0	3900	0	0	0	0	0	0	0	0	0	0	0	0	0	0	0	0	0	0	0	0	0	0	0	0	0	0	
568376	Occipital_Mid_L	2982	0	98	0	0	0	0	0	0	0	0	0	0	0	0	0	1308	0	0	0	0	0	0	0	0	0	0	0	2190	0	0	0	232	0	238	0	366	0	204	0	0	0	30360	328	17722	792	11880	212	41668	274	0	122	39896	0	14810	0	2792	0	13210	0	16550	0	296	0	24722	0	18072	484	4348	0	0	0	0	0	0	0	498	290	112	0	4172	0	0	0	26698	0	0	0	5514	0	278	0	0	0	0	0	0	0	364	0	0	0	0	0	0	0	0	0	0	0	0	106	0	0	0	0	
303260	Occipital_Mid_R	0	318	0	0	0	0	0	0	0	0	0	0	0	0	0	0	0	0	0	0	0	0	0	0	0	0	0	0	0	0	0	0	0	110	0	0	0	0	0	0	0	0	1296	10890	730	18118	86	4156	214	29404	122	0	0	15800	0	2440	0	564	0	4100	0	698	0	496	0	12712	3436	10718	0	442	0	0	0	0	0	0	0	0	0	0	0	1204	0	0	0	22306	0	0	0	11106	0	0	0	0	0	0	0	0	0	164	0	0	0	0	0	0	0	0	0	0	0	0	0	0	0	0	
270808	Occipital_Inf_L	1378	0	0	0	0	0	142	0	0	0	0	0	0	0	0	0	312	0	0	0	0	0	0	0	0	0	0	0	966	0	0	0	0	0	230	0	208	0	194	0	0	0	15366	106	7068	242	9748	82	10346	0	39896	0	0	0	19892	0	484	0	1250	0	1630	0	0	0	1402	0	7166	86	646	0	0	0	0	0	0	0	0	0	112	0	496	0	0	0	6264	0	0	0	7088	0	1534	0	270	0	0	0	176	0	542	0	0	0	0	0	0	0	0	0	0	0	82	0	0	0	0	0	
284300	Occipital_Inf_R	0	2378	0	134	0	0	0	0	0	0	0	114	0	0	0	0	0	428	0	464	0	0	0	0	0	0	0	0	0	454	0	0	0	846	0	494	0	1194	0	1464	0	0	408	14850	196	6784	0	8208	0	7284	0	15800	0	0	0	21270	0	1696	0	0	0	172	0	468	0	1904	930	7532	0	1378	0	0	0	98	0	0	0	0	0	172	0	528	0	0	0	11174	0	0	0	24610	922	650	580	118	0	0	0	962	940	1920	0	0	0	0	0	0	0	0	0	0	960	1468	198	0	0	0	
495216	Fusiform_L	8384	0	892	84	278	0	622	0	160	0	0	0	370	0	168	0	656	0	374	0	108	0	96	0	0	0	0	0	7204	0	238	0	128	0	4252	1988	12604	1816	8940	0	2984	0	7452	0	1272	0	19764	590	1644	0	14810	0	19892	0	0	0	3628	0	208	0	908	0	144	0	668	0	4656	694	3028	0	246	0	780	0	0	0	2070	1618	1652	0	1956	0	1332	0	6934	0	666	0	30382	0	24552	0	1500	0	106	0	12362	0	25362	98	228	0	412	0	150	0	0	0	0	0	1884	1420	194	0	0	0	
558276	Fusiform_R	0	7094	0	1682	0	0	0	232	0	0	0	276	0	0	0	522	0	658	0	1894	0	0	0	0	0	0	0	0	0	2700	0	0	0	858	296	2096	146	27606	82	24962	0	5702	142	17814	312	3980	0	29924	0	2948	0	2440	0	21270	0	0	0	2612	0	0	0	198	0	344	0	478	564	10378	0	2142	0	162	0	3994	0	176	0	742	0	632	0	2320	0	4550	0	4600	0	2720	0	25640	2058	16418	1356	1142	0	216	118	9142	2090	18800	0	178	80	534	0	84	0	0	0	0	4196	3834	832	172	0	0	
314284	Postcentral_L	34714	0	8586	224	124	0	990	0	0	0	4854	0	744	0	106	0	13368	0	4148	100	0	0	0	0	0	0	0	0	7580	0	148	0	0	0	770	330	344	0	0	0	0	0	0	0	0	0	0	0	444	0	2792	0	484	0	3628	0	0	0	6286	0	20556	0	11026	0	2660	0	3706	0	12584	98	754	0	274	0	102	0	0	0	2046	0	6378	0	0	0	3330	0	0	0	2668	0	196	0	0	0	0	0	0	0	0	0	0	0	0	0	0	0	0	0	0	0	0	0	0	0	0	0	
263192	Postcentral_R	0	26192	0	1354	0	0	0	816	0	0	0	2602	0	392	0	0	0	2732	108	2050	0	0	0	230	0	0	0	0	0	2076	0	192	0	2098	374	1798	0	508	0	538	0	0	0	1808	0	3950	0	576	0	3466	0	564	0	1696	0	2612	0	0	0	5858	0	10192	0	15730	0	2842	264	10612	0	17318	0	0	0	416	0	110	0	144	0	202	0	1136	0	126	0	5304	0	0	0	2610	0	0	0	0	0	0	0	0	0	0	0	0	0	0	0	0	0	0	0	0	0	0	0	0	0	0	
138836	Parietal_Sup_L	0	0	0	0	0	0	0	0	0	0	0	0	0	0	0	0	612	0	0	0	0	0	0	0	0	0	0	0	1994	0	0	0	78	0	0	0	0	0	0	0	0	0	1332	0	4182	140	160	0	11014	0	13210	0	1250	0	208	0	6286	0	0	0	11390	0	0	0	4762	0	11936	114	406	0	0	0	0	0	0	0	0	0	0	0	0	0	0	0	344	0	0	0	0	0	0	0	0	0	0	0	0	0	0	0	0	0	0	0	0	0	0	0	0	0	0	0	0	0	0	0	
128376	Parietal_Sup_R	0	700	0	0	0	0	0	0	0	0	0	0	0	0	0	0	0	0	0	0	0	0	0	0	0	0	0	0	0	0	0	0	0	0	0	0	0	0	0	0	0	0	0	884	0	5608	0	0	0	9334	0	4100	0	0	0	0	0	5858	0	0	0	9052	0	3402	0	9204	292	11544	0	1488	0	0	0	0	0	0	0	0	0	0	0	1028	0	0	0	1694	0	0	0	0	0	0	0	0	0	0	0	0	0	0	0	0	0	0	0	0	0	0	0	0	0	0	0	0	0	0	
264708	Parietal_Inf_L	5202	0	0	0	0	0	0	0	0	0	0	0	0	0	0	0	1002	0	0	0	0	0	0	0	0	0	0	0	2654	0	0	0	0	0	0	0	0	0	0	0	0	0	134	0	232	0	0	0	2868	0	16550	0	1630	0	908	0	20556	0	11390	0	0	0	12066	0	27800	0	3890	0	6554	0	0	0	0	0	0	0	0	0	84	0	4554	0	0	0	11284	0	0	0	2996	0	0	0	0	0	0	0	0	0	0	0	0	0	0	0	0	0	0	0	0	0	0	0	0	0	0	0	
134308	Parietal_Inf_R	0	3662	0	98	0	0	0	270	0	0	0	330	0	0	0	0	0	194	0	0	0	0	0	98	0	0	0	0	0	258	0	92	0	0	0	0	0	0	0	0	0	0	0	290	0	1094	0	0	0	1272	0	698	0	172	0	198	0	10192	0	9052	0	0	0	14528	0	14242	0	2374	0	544	0	0	0	0	0	0	0	0	0	0	0	2396	0	0	0	4860	0	0	0	240	0	0	0	0	0	0	0	0	0	0	0	0	0	0	0	0	0	0	0	0	0	0	0	0	0	0	
102888	SupraMarginal_L	3462	0	360	0	0	0	0	0	0	0	100	0	0	0	0	0	2188	0	290	0	0	0	0	0	0	0	0	0	714	0	0	0	0	0	0	0	0	0	0	0	0	0	0	0	0	0	0	0	0	0	296	0	0	0	144	0	11026	0	0	0	12066	0	0	0	3928	0	0	0	3902	0	0	0	0	0	0	0	0	0	158	0	7110	0	0	0	4816	0	0	0	884	0	0	0	0	0	0	0	0	0	0	0	0	0	0	0	0	0	0	0	0	0	0	0	0	0	0	0	
133316	SupraMarginal_R	0	4452	0	268	0	0	0	546	0	0	0	284	0	298	0	0	0	2432	0	124	0	0	0	218	0	0	0	0	0	490	0	190	0	194	0	0	0	0	0	0	0	0	0	0	0	0	0	0	0	0	0	496	0	468	0	344	0	15730	0	3402	0	14528	0	0	0	8248	0	0	0	1080	0	0	0	0	0	0	0	0	0	144	0	5576	0	0	0	6588	0	0	0	558	0	0	0	0	0	0	0	0	0	0	0	0	0	0	0	0	0	0	0	0	0	0	0	0	0	0	
201232	Angular_L	1356	0	84	0	0	0	0	0	0	0	0	0	0	0	0	0	886	0	0	0	0	0	0	0	0	0	0	0	1762	0	0	0	0	0	0	0	0	0	0	0	0	0	188	0	206	0	0	0	2684	0	24722	0	1402	0	668	0	2660	0	4762	0	27800	0	3928	0	0	0	1470	0	3352	0	0	0	0	0	0	0	0	0	0	0	4402	0	0	0	14914	0	0	0	3370	0	0	0	0	0	0	0	0	0	0	0	0	0	0	0	0	0	0	0	0	0	0	0	0	0	0	0	
176876	Angular_R	0	1920	0	0	0	0	0	0	0	0	0	96	0	0	0	0	0	100	0	0	0	0	0	0	0	0	0	0	0	128	0	0	0	0	0	0	0	0	0	0	0	0	0	530	0	1496	0	0	0	5206	0	12712	0	1904	0	478	0	2842	0	9204	0	14242	0	8248	0	0	0	2572	0	856	0	0	0	0	0	0	0	0	0	0	0	7954	0	0	0	15968	0	0	0	1982	0	0	0	0	0	0	0	0	0	0	0	0	0	0	0	0	0	0	0	0	0	0	0	0	0	0	
367008	Precuneus_L	614	126	0	0	0	0	0	0	0	0	0	0	0	0	0	0	182	0	0	238	0	0	0	0	0	0	0	0	512	0	0	0	5160	2390	4158	1170	1364	0	1522	0	0	0	17506	5806	21796	11984	3518	1696	18958	7058	18072	3436	7166	930	4656	564	3706	264	11936	292	3890	0	0	0	1470	0	0	12418	2454	388	0	0	0	0	0	0	0	0	0	0	0	0	0	0	1594	774	0	0	2092	628	198	0	0	0	0	0	526	0	292	0	0	0	0	0	0	0	0	0	0	0	0	0	0	0	0	0	
468592	Precuneus_R	0	3862	0	268	0	0	0	0	0	0	0	0	0	0	0	0	0	132	138	2234	0	0	0	0	0	0	0	0	0	402	0	0	2628	9816	2424	9142	952	3956	952	2160	0	0	1170	22768	1996	36958	0	10316	744	31174	484	10718	86	7532	694	10378	0	10612	114	11544	0	2374	0	0	0	2572	12418	0	188	9870	0	0	0	0	0	0	254	148	0	0	0	120	0	0	0	2636	0	0	310	6400	0	0	0	0	0	0	0	412	0	82	0	0	0	0	0	0	0	0	0	0	158	0	0	0	0	0	
399868	Paracentral_Lobule_L	38170	1540	12744	2576	0	0	356	0	0	0	664	0	136	0	0	0	2806	0	25942	16182	0	0	0	0	0	0	0	0	4426	0	0	0	3632	8350	3280	1320	2986	138	906	0	0	0	958	0	1114	0	550	0	254	0	4348	0	646	0	3028	0	12584	0	406	0	6554	0	3902	0	3352	0	2454	188	0	4178	2092	708	1874	0	746	0	13702	1790	246	0	994	0	0	0	3790	0	0	0	3322	0	0	0	0	0	0	0	0	0	0	0	0	0	0	0	0	0	0	0	0	0	0	0	0	0	0	0	
216196	Paracentral_Lobule_R	1126	13286	0	188	0	0	0	0	0	0	0	0	0	0	0	0	0	238	254	12976	0	0	0	0	0	0	0	0	0	0	0	0	258	14942	2050	5140	0	372	0	282	0	0	0	2070	0	3758	0	586	0	2862	0	442	0	1378	0	2142	98	17318	0	1488	0	544	0	1080	0	856	388	9870	4178	0	0	92	0	0	0	0	0	120	0	0	0	414	0	0	0	4690	0	0	0	2612	0	0	0	0	0	0	0	0	0	0	0	0	0	0	0	0	0	0	0	0	0	0	0	0	0	0	
267068	Caudate_L	5400	226	13498	12134	1954	498	1976	86	532	0	654	0	1868	0	1806	0	186	0	10278	5672	6454	5842	1188	0	258	128	2618	678	5960	0	6460	2110	88	0	0	0	728	0	140	0	360	0	0	0	0	0	0	0	0	0	0	0	0	0	246	0	754	0	0	0	0	0	0	0	0	0	0	0	2092	0	0	8388	12642	3506	3386	208	10378	1510	84	0	230	0	126	0	0	0	0	0	204	0	0	0	0	0	0	0	0	0	0	0	0	0	0	0	0	0	0	0	0	0	0	0	0	0	0	0	
294000	Caudate_R	392	3058	866	22164	526	2586	0	2478	0	0	0	304	0	2404	354	1264	0	116	1424	20342	4046	6398	0	6780	164	3252	1228	2236	214	1682	2180	12084	0	320	0	0	94	364	0	192	0	0	0	0	0	0	0	132	0	0	0	0	0	0	0	162	0	0	0	0	0	0	0	0	0	0	0	0	708	92	8388	0	3298	15322	256	1294	286	17464	0	0	0	86	0	0	0	0	0	0	0	0	0	0	0	0	0	0	0	0	0	0	0	0	0	0	0	0	0	0	0	0	0	0	0	0	0	0	
250412	Putamen_L	11854	0	13786	1556	3882	172	956	0	2138	0	1720	0	1944	0	3700	0	282	0	10446	436	2548	2686	1664	0	818	96	528	236	12590	0	7342	1972	86	0	0	0	5590	0	1010	0	226	0	0	0	0	0	0	0	0	0	0	0	0	0	780	0	274	0	0	0	0	0	0	0	0	0	0	0	1874	0	12642	3298	0	2366	10052	0	1380	0	0	0	322	0	468	0	208	0	0	0	1278	0	0	0	0	0	0	0	0	0	0	0	0	0	0	0	0	0	0	0	0	0	0	0	0	0	0	0	
264240	Putamen_R	0	610	90	15940	196	3156	0	1876	0	888	0	3248	0	1416	130	3398	0	2718	182	12266	2144	2664	0	4956	94	2548	460	1106	166	15234	1370	7450	0	0	0	0	0	8754	0	4406	0	1534	0	0	0	0	0	154	0	0	0	0	0	98	0	3994	0	416	0	0	0	0	0	0	0	0	0	0	0	0	3506	15322	2366	0	158	2458	0	2942	0	104	0	324	0	556	0	0	0	0	0	722	0	0	0	0	0	0	0	0	0	0	0	0	0	0	0	0	0	0	0	0	0	0	0	0	0	0	
85156	Pallidum_L	6194	0	6318	398	94	0	454	0	0	0	1360	0	996	0	330	0	216	0	5934	236	0	212	92	0	0	0	0	0	1834	0	162	0	0	0	0	0	562	0	0	0	0	0	0	0	0	0	0	0	0	0	0	0	0	0	0	0	102	0	0	0	0	0	0	0	0	0	0	0	746	0	3386	256	10052	158	0	0	2202	0	0	0	140	0	144	0	0	0	0	0	0	0	0	0	0	0	0	0	0	0	0	0	0	0	0	0	0	0	0	0	0	0	0	0	0	0	0	0	
18676	Pallidum_R	0	128	0	1002	0	0	0	0	0	0	0	140	0	0	0	0	0	972	0	1648	0	0	0	0	0	0	0	0	0	406	0	0	0	0	0	0	0	346	0	330	0	0	0	0	0	0	0	0	0	0	0	0	0	0	0	176	0	110	0	0	0	0	0	0	0	0	0	0	0	0	208	1294	0	2458	0	0	0	0	0	0	0	120	0	0	0	0	0	0	0	0	0	0	0	0	0	0	0	0	0	0	0	0	0	0	0	0	0	0	0	0	0	0	0	0	0	0	
176800	Thalamus_L	13606	98	5114	2134	0	0	198	0	0	0	0	0	0	0	0	0	0	0	7364	1448	0	0	0	0	0	0	0	0	1448	0	0	0	0	0	730	998	8036	656	4674	0	106	0	0	0	0	0	414	0	0	0	498	0	0	0	2070	0	0	0	0	0	0	0	0	0	0	0	0	254	13702	0	10378	286	1380	0	2202	0	0	7254	138	0	196	0	0	0	142	0	0	0	2876	0	0	0	0	0	0	0	0	0	0	0	0	0	0	0	0	0	0	0	0	0	0	0	0	0	0	0	
204704	Thalamus_R	1502	6110	1674	13246	0	0	0	382	0	0	0	192	0	234	0	0	0	418	1920	7078	0	0	0	262	0	0	0	0	554	1464	0	250	0	92	4866	5514	6904	7176	3212	746	0	0	0	0	0	0	94	256	0	0	290	0	0	0	1618	742	0	144	0	0	0	0	0	0	0	0	0	148	1790	120	1510	17464	0	2942	0	0	7254	0	428	108	206	162	0	0	470	0	0	0	2642	168	0	0	0	0	0	0	0	0	0	0	0	0	0	0	0	0	0	0	0	0	0	0	0	0	0	0	
55340	Heschl_L	3026	0	846	0	0	0	0	0	0	0	152	0	0	0	0	0	2918	0	498	0	0	0	0	0	0	0	0	0	5650	0	0	0	0	0	456	448	2454	434	306	0	0	0	0	0	0	0	0	0	0	0	112	0	112	0	1652	0	2046	0	0	0	84	0	158	0	0	0	0	0	246	0	84	0	0	0	0	0	138	428	0	0	2518	0	0	0	930	0	0	0	1974	0	0	0	0	0	0	0	0	0	0	0	0	0	0	0	0	0	0	0	0	0	0	0	0	0	0	0	
33928	Heschl_R	0	920	0	356	0	0	0	172	0	0	0	230	0	0	0	0	0	2564	0	742	0	0	0	0	0	0	0	0	0	2840	0	0	0	0	0	0	0	412	0	240	0	0	0	0	0	0	0	0	0	0	0	0	0	172	0	632	0	202	0	0	0	0	0	144	0	0	0	0	0	0	0	0	0	104	0	0	0	108	0	0	0	5472	0	0	0	1170	0	0	0	484	0	0	0	0	0	0	0	0	0	0	0	0	0	0	0	0	0	0	0	0	0	0	0	0	0	0	
243660	Temporal_Sup_L	4052	0	3380	156	98	0	410	0	0	0	4200	0	1394	0	0	0	10224	0	1474	0	0	0	0	0	0	0	0	0	11100	0	0	0	0	0	210	206	2554	204	182	0	0	0	0	0	0	0	0	0	120	0	4172	0	496	0	1956	0	6378	0	0	0	4554	0	7110	0	4402	0	0	0	994	0	230	0	322	0	140	0	196	206	2518	0	0	0	5698	0	29360	0	0	0	13134	0	0	0	0	0	0	0	0	0	0	0	0	0	0	0	0	0	0	0	0	0	0	0	0	0	0	0	
129300	Temporal_Sup_R	0	1906	0	558	0	0	0	154	0	0	0	350	0	0	0	0	0	4398	0	1038	0	0	0	0	0	0	0	0	0	3652	0	0	0	0	0	0	0	1612	0	976	0	0	0	0	0	0	0	346	0	0	0	1204	0	528	0	2320	0	1136	0	1028	0	2396	0	5576	0	7954	0	120	0	414	0	86	0	324	0	120	0	162	0	5472	0	0	0	1714	0	16568	0	240	0	2298	0	0	0	0	0	0	0	0	0	0	0	0	0	0	0	0	0	0	0	0	0	0	0	0	0	0	
88888	Temporal_Pole_Sup_L	412	0	1946	0	252	0	520	0	224	0	3488	0	1854	0	1350	0	2584	0	316	0	776	0	0	0	0	0	0	0	5460	0	0	0	0	0	0	0	1284	0	816	0	934	0	0	0	0	0	0	0	0	0	0	0	0	0	1332	0	0	0	0	0	0	0	0	0	0	0	0	0	0	0	126	0	468	0	144	0	0	0	0	0	5698	0	0	0	6342	0	3284	0	4834	0	0	0	0	0	0	0	0	0	0	0	0	0	0	0	0	0	0	0	0	0	0	0	0	0	0	0	
112612	Temporal_Pole_Sup_R	0	542	0	6078	0	0	0	2440	0	0	0	9694	0	142	0	162	0	10392	0	1066	0	108	0	0	0	0	0	0	0	9608	0	0	0	0	0	0	0	490	0	732	0	1992	0	0	0	0	0	0	0	0	0	0	0	0	0	4550	0	126	0	0	0	0	0	0	0	0	0	0	0	0	0	0	0	556	0	0	0	0	0	0	0	1714	0	0	0	1272	0	3136	0	1506	0	0	0	0	0	0	0	0	0	0	0	0	0	0	0	0	0	0	0	0	0	0	0	0	0	0	
363244	Temporal_Mid_L	4356	0	302	0	0	0	0	0	0	0	168	0	0	0	0	0	822	0	140	0	0	0	0	0	0	0	0	0	3380	0	0	0	0	0	726	464	2406	456	288	0	0	0	3256	0	1504	0	232	0	1170	0	26698	0	6264	0	6934	0	3330	0	344	0	11284	0	4816	0	14914	0	1594	0	3790	0	0	0	208	0	0	0	142	470	930	0	29360	0	6342	0	0	0	4400	0	40132	0	0	0	0	0	0	0	0	0	0	0	0	0	0	0	0	0	0	0	0	0	0	0	0	0	0	0	
316820	Temporal_Mid_R	0	4348	0	110	0	0	0	78	0	0	0	0	0	0	0	0	0	562	0	246	0	0	0	0	0	0	0	0	0	766	0	0	0	682	0	82	0	1090	0	782	0	98	0	5726	0	3766	0	652	82	4472	0	22306	0	11174	0	4600	0	5304	0	1694	0	4860	0	6588	0	15968	774	2636	0	4690	0	0	0	0	0	0	0	0	0	1170	0	16568	0	1272	0	0	0	2488	0	32776	0	0	0	0	0	0	0	0	0	0	0	0	0	0	0	0	0	0	0	0	0	0	0	0	0	0	
26328	Temporal_Pole_Mid_L	0	0	0	0	0	0	0	0	0	0	0	0	0	0	0	0	0	0	0	0	0	0	0	0	0	0	0	0	80	0	0	0	0	0	0	0	84	0	224	0	122	0	0	0	0	0	0	0	0	0	0	0	0	0	666	0	0	0	0	0	0	0	0	0	0	0	0	0	0	0	0	0	0	0	0	0	0	0	0	0	0	0	3284	0	4400	0	0	0	4304	0	0	0	0	0	0	0	0	0	0	0	0	0	0	0	0	0	0	0	0	0	0	0	0	0	0	0	
21932	Temporal_Pole_Mid_R	0	0	0	0	0	0	0	0	0	0	0	0	0	0	0	0	0	0	0	0	0	0	0	0	0	0	0	0	0	0	0	0	0	0	0	0	0	0	0	300	0	88	0	0	0	0	0	0	0	0	0	0	0	0	0	2720	0	0	0	0	0	0	0	0	0	0	0	0	0	0	0	0	0	0	0	0	0	0	0	0	0	240	0	3136	0	2488	0	0	0	1994	0	0	0	0	0	0	0	0	0	0	0	0	0	0	0	0	0	0	0	0	0	0	0	0	0	0	
380032	Temporal_Inf_L	7626	0	1872	128	0	0	0	0	0	0	0	0	0	0	0	0	634	0	948	0	0	0	0	0	0	0	0	0	8374	0	0	0	104	0	2626	2196	14044	1980	6384	0	1440	0	2540	0	422	0	1236	0	138	0	5514	0	7088	0	30382	0	2668	0	0	0	2996	0	884	0	3370	0	2092	310	3322	0	204	0	1278	0	0	0	2876	2642	1974	0	13134	0	4834	0	40132	0	4304	0	0	0	4290	0	160	0	128	0	686	0	1972	0	0	0	84	0	0	0	0	0	0	0	0	0	0	0	0	0	
319320	Temporal_Inf_R	0	3698	0	288	0	0	0	94	0	0	0	168	0	0	0	0	0	520	0	426	0	0	0	0	0	0	0	0	0	912	0	0	114	904	0	378	0	7062	0	4474	0	694	112	11580	0	4008	0	2654	0	3900	0	11106	0	24610	0	25640	0	2610	0	0	0	240	0	558	0	1982	628	6400	0	2612	0	0	0	722	0	0	0	168	0	484	0	2298	0	1506	0	32776	0	1994	0	0	0	930	0	0	0	0	0	134	0	276	0	0	0	0	0	0	0	0	0	0	0	0	0	0	0	0	
718340	Cerebelum_Crus1_L	600	0	90	0	0	0	96	0	0	0	0	0	0	0	0	0	0	0	0	0	0	0	0	0	0	0	0	0	686	0	0	0	0	0	234	0	248	0	276	0	0	0	182	0	0	0	16548	7540	0	0	278	0	1534	922	24552	2058	196	0	0	0	0	0	0	0	0	0	198	0	0	0	0	0	0	0	0	0	0	0	0	0	0	0	0	0	0	0	0	0	4290	0	0	6810	50738	4786	2084	1352	38030	2772	76256	7916	13812	696	22058	2198	9056	224	1218	0	982	1916	16748	21486	9974	4268	2128	1134	
579168	Cerebelum_Crus1_R	0	0	0	0	0	0	0	0	0	0	0	0	0	0	0	0	0	0	0	0	0	0	0	0	0	0	0	0	0	0	0	0	0	0	0	0	0	0	0	604	0	0	0	0	0	0	266	14556	0	0	0	0	0	650	0	16418	0	0	0	0	0	0	0	0	0	0	0	0	0	0	0	0	0	0	0	0	0	0	0	0	0	0	0	0	0	0	0	0	0	930	6810	0	4594	45036	0	3548	1816	31334	6040	65144	956	12948	900	24672	274	5086	0	356	530	1658	16226	15482	9808	1982	676	284	
514552	Cerebelum_Crus2_L	0	0	0	0	0	0	0	0	0	0	0	0	0	0	0	0	0	0	0	0	0	0	0	0	0	0	0	0	0	0	0	0	0	0	0	0	0	0	0	0	0	0	0	0	0	0	2586	3082	0	0	0	0	270	580	1500	1356	0	0	0	0	0	0	0	0	0	0	0	0	0	0	0	0	0	0	0	0	0	0	0	0	0	0	0	0	0	0	0	0	160	0	50738	4594	0	14214	806	504	8398	1376	17534	4368	43260	4668	40734	4274	8604	244	2106	0	250	438	4590	9156	16418	9380	766	322	
469928	Cerebelum_Crus2_R	0	0	0	0	0	0	0	0	0	0	0	0	0	0	0	0	0	0	0	0	0	0	0	0	0	0	0	0	0	0	0	0	0	0	0	0	0	0	0	0	0	0	0	0	0	0	120	1658	0	0	0	0	0	118	0	1142	0	0	0	0	0	0	0	0	0	0	0	0	0	0	0	0	0	0	0	0	0	0	0	0	0	0	0	0	0	0	0	0	0	0	4786	45036	14214	0	94	1822	1360	5984	2904	16494	10204	31222	7300	39622	838	7580	0	994	384	1330	4434	5086	18832	10208	996	202	
51436	Cerebelum_3_L	0	0	0	0	0	0	0	0	0	0	0	0	0	0	0	0	0	0	0	0	0	0	0	0	0	0	0	0	0	0	0	0	0	0	0	0	0	100	662	0	0	0	0	0	0	0	298	260	0	0	0	0	0	0	106	0	0	0	0	0	0	0	0	0	0	0	0	0	0	0	0	0	0	0	0	0	0	0	0	0	0	0	0	0	0	0	0	0	128	0	2084	0	806	94	0	610	6214	0	2290	88	0	0	1062	220	1922	112	0	0	1212	2536	2030	0	1018	1064	802	0	
107656	Cerebelum_3_R	0	0	0	0	0	0	0	0	0	0	0	0	0	0	0	0	0	0	0	0	0	0	0	0	0	0	0	0	0	0	0	0	0	0	0	0	0	0	198	210	0	0	0	0	0	0	0	700	0	0	0	0	0	0	0	216	0	0	0	0	0	0	0	0	0	0	0	0	0	0	0	0	0	0	0	0	0	0	0	0	0	0	0	0	0	0	0	0	0	0	1352	3548	504	1822	610	0	1712	5528	1458	5232	252	760	2006	3110	1934	1860	0	0	1570	4204	4314	240	2552	4002	3506	428	
416836	Cerebelum_4_5_L	0	0	0	0	0	0	0	0	0	0	0	0	0	0	0	0	0	0	0	0	0	0	0	0	0	0	0	0	0	0	0	0	0	0	0	0	514	0	822	0	0	0	222	0	0	0	19660	914	0	0	0	0	176	0	12362	118	0	0	0	0	0	0	0	0	0	0	526	0	0	0	0	0	0	0	0	0	0	0	0	0	0	0	0	0	0	0	0	0	686	0	38030	1816	8398	1360	6214	1712	0	858	44806	2368	3426	278	8470	2214	10922	336	278	0	1560	3208	17514	6086	4488	4348	2752	976	
314984	Cerebelum_4_5_R	0	0	0	0	0	0	0	0	0	0	0	0	0	0	0	0	0	0	0	0	0	0	0	0	0	0	0	0	0	0	0	0	0	0	0	88	0	832	0	1918	0	0	0	286	0	0	172	13648	0	0	0	0	0	962	0	9142	0	0	0	0	0	0	0	0	0	0	0	412	0	0	0	0	0	0	0	0	0	0	0	0	0	0	0	0	0	0	0	0	0	134	2772	31334	1376	5984	0	5528	858	0	2858	39082	116	1564	356	5188	372	1624	0	140	286	1716	17700	6318	1418	1634	1260	414	
610160	Cerebelum_6_L	0	0	0	0	0	0	0	0	0	0	0	0	0	0	0	0	0	0	0	0	0	0	0	0	0	0	0	0	0	0	0	0	0	0	0	0	330	0	318	0	0	0	246	0	0	0	22458	8770	0	0	364	0	542	940	25362	2090	0	0	0	0	0	0	0	0	0	0	292	0	0	0	0	0	0	0	0	0	0	0	0	0	0	0	0	0	0	0	0	0	1972	0	76256	6040	17534	2904	2290	1458	44806	2858	0	7910	2448	476	6684	1958	7346	178	358	0	1024	2030	19282	22832	7180	3856	2404	1284	
502540	Cerebelum_6_R	0	0	0	0	0	0	0	0	0	0	0	0	0	0	0	0	0	0	0	0	0	0	0	0	0	0	0	0	0	0	0	0	0	0	0	0	0	0	0	630	0	0	0	190	0	0	424	17902	0	0	0	164	0	1920	98	18800	0	0	0	0	0	0	0	0	0	0	0	82	0	0	0	0	0	0	0	0	0	0	0	0	0	0	0	0	0	0	0	0	0	276	7916	65144	4368	16494	88	5232	2368	39082	7910	0	412	2920	690	8674	340	1042	0	316	648	2268	20118	16914	5696	1270	574	300	
348300	Cerebelum_7b_L	0	0	0	0	0	0	0	0	0	0	0	0	0	0	0	0	0	0	0	0	0	0	0	0	0	0	0	0	0	0	0	0	0	0	0	0	0	0	0	0	0	0	0	0	0	0	370	0	0	0	0	0	0	0	228	0	0	0	0	0	0	0	0	0	0	0	0	0	0	0	0	0	0	0	0	0	0	0	0	0	0	0	0	0	0	0	0	0	0	0	13812	956	43260	10204	0	252	3426	116	2448	412	0	5432	46762	6528	10618	676	2454	0	88	320	822	246	10614	12664	1006	436	
250260	Cerebelum_7b_R	0	0	0	0	0	0	0	0	0	0	0	0	0	0	0	0	0	0	0	0	0	0	0	0	0	0	0	0	0	0	0	0	0	0	0	0	0	0	0	0	0	0	0	0	0	0	0	84	0	0	0	0	0	0	0	178	0	0	0	0	0	0	0	0	0	0	0	0	0	0	0	0	0	0	0	0	0	0	0	0	0	0	0	0	0	0	0	0	0	0	696	12948	4668	31222	0	760	278	1564	476	2920	5432	0	5110	35940	292	8458	0	1126	116	592	770	148	3998	6684	508	162	
466856	Cerebelum_8_L	0	0	0	0	0	0	0	0	0	0	0	0	0	0	0	0	0	0	0	0	0	0	0	0	0	0	0	0	0	0	0	0	0	0	0	0	0	0	0	0	0	0	0	0	0	0	1330	230	0	0	0	0	0	0	412	80	0	0	0	0	0	0	0	0	0	0	0	0	0	0	0	0	0	0	0	0	0	0	0	0	0	0	0	0	0	0	0	0	84	0	22058	900	40734	7300	1062	2006	8470	356	6684	690	46762	5110	0	8950	28404	2738	3970	92	978	1454	4226	712	12028	17628	6586	1394	
420476	Cerebelum_8_R	0	0	0	0	0	0	0	0	0	0	0	0	0	0	0	0	0	0	0	0	0	0	0	0	0	0	0	0	0	0	0	0	0	0	0	0	0	0	0	0	0	0	0	0	0	0	0	348	0	0	0	0	0	0	0	534	0	0	0	0	0	0	0	0	0	0	0	0	0	0	0	0	0	0	0	0	0	0	0	0	0	0	0	0	0	0	0	0	0	0	2198	24672	4274	39622	220	3110	2214	5188	1958	8674	6528	35940	8950	0	3094	25244	302	2108	686	2422	3988	538	7480	13918	4704	1324	
245560	Cerebelum_9_L	0	0	0	0	0	0	0	0	0	0	0	0	0	0	0	0	0	0	0	0	0	0	0	0	0	0	0	0	0	0	0	0	0	0	0	0	0	0	0	0	0	0	0	0	0	0	638	230	0	0	0	0	0	0	150	0	0	0	0	0	0	0	0	0	0	0	0	0	0	0	0	0	0	0	0	0	0	0	0	0	0	0	0	0	0	0	0	0	0	0	9056	274	8604	838	1922	1934	10922	372	7346	340	10618	292	28404	3094	0	2850	4112	0	1096	1496	4316	940	5326	7834	7654	2122	
176656	Cerebelum_9_R	0	0	0	0	0	0	0	0	0	0	0	0	0	0	0	0	0	0	0	0	0	0	0	0	0	0	0	0	0	0	0	0	0	0	0	0	0	0	0	0	0	0	0	0	0	0	0	102	0	0	0	0	0	0	0	84	0	0	0	0	0	0	0	0	0	0	0	0	0	0	0	0	0	0	0	0	0	0	0	0	0	0	0	0	0	0	0	0	0	0	224	5086	244	7580	112	1860	336	1624	178	1042	676	8458	2738	25244	2850	0	78	2402	1320	1338	1642	154	2004	8008	9644	3300	
30816	Cerebelum_10_L	0	0	0	0	0	0	0	0	0	0	0	0	0	0	0	0	0	0	0	0	0	0	0	0	0	0	0	0	0	0	0	0	0	0	0	0	0	0	0	0	0	0	0	0	0	0	0	0	0	0	0	0	0	0	0	0	0	0	0	0	0	0	0	0	0	0	0	0	0	0	0	0	0	0	0	0	0	0	0	0	0	0	0	0	0	0	0	0	0	0	1218	0	2106	0	0	0	278	0	358	0	2454	0	3970	302	4112	78	0	0	0	0	0	0	0	434	98	0	
15896	Cerebelum_10_R	0	0	0	0	0	0	0	0	0	0	0	0	0	0	0	0	0	0	0	0	0	0	0	0	0	0	0	0	0	0	0	0	0	0	0	0	0	0	0	0	0	0	0	0	0	0	0	0	0	0	0	0	0	0	0	0	0	0	0	0	0	0	0	0	0	0	0	0	0	0	0	0	0	0	0	0	0	0	0	0	0	0	0	0	0	0	0	0	0	0	0	356	0	994	0	0	0	140	0	316	0	1126	92	2108	0	2402	0	0	0	0	0	0	132	282	0	0	
56020	Vermis_1_2	0	0	0	0	0	0	0	0	0	0	0	0	0	0	0	0	0	0	0	0	0	0	0	0	0	0	0	0	0	0	0	0	0	0	0	0	0	0	0	0	0	0	0	0	0	0	0	82	0	0	0	0	0	0	0	0	0	0	0	0	0	0	0	0	0	0	0	0	0	0	0	0	0	0	0	0	0	0	0	0	0	0	0	0	0	0	0	0	0	0	982	530	250	384	1212	1570	1560	286	1024	648	88	116	978	686	1096	1320	0	0	0	5504	2304	742	1550	2148	2168	782	
100920	Vermis_3	0	0	0	0	0	0	0	0	0	0	0	0	0	0	0	0	0	0	0	0	0	0	0	0	0	0	0	0	0	0	0	0	0	0	0	0	0	0	194	0	0	0	0	0	0	0	0	246	0	0	0	0	0	0	0	0	0	0	0	0	0	0	0	0	0	0	0	0	0	0	0	0	0	0	0	0	0	0	0	0	0	0	0	0	0	0	0	0	0	0	1916	1658	438	1330	2536	4204	3208	1716	2030	2268	320	592	1454	2422	1496	1338	0	0	5504	0	5508	1102	2634	3512	2304	530	
412256	Vermis_4_5	0	0	0	0	0	0	0	0	0	0	0	0	0	0	0	0	0	0	0	0	0	0	0	0	0	0	0	0	0	0	0	0	0	0	0	0	0	84	0	188	0	0	222	90	0	0	3028	11478	0	0	0	0	82	960	1884	4196	0	0	0	0	0	0	0	0	0	0	0	158	0	0	0	0	0	0	0	0	0	0	0	0	0	0	0	0	0	0	0	0	0	0	16748	16226	4590	4434	2030	4314	17514	17700	19282	20118	822	770	4226	3988	4316	1642	0	0	2304	5508	0	15740	7060	7338	5070	2018	
324976	Vermis_6	0	0	0	0	0	0	0	0	0	0	0	0	0	0	0	0	0	0	0	0	0	0	0	0	0	0	0	0	0	0	0	0	0	0	0	0	0	0	0	0	0	0	82	0	0	0	2862	14650	0	0	106	0	0	1468	1420	3834	0	0	0	0	0	0	0	0	0	0	0	0	0	0	0	0	0	0	0	0	0	0	0	0	0	0	0	0	0	0	0	0	0	0	21486	15482	9156	5086	0	240	6086	6318	22832	16914	246	148	712	538	940	154	0	0	742	1102	15740	0	8246	1444	1294	3160	
328240	Vermis_7	0	0	0	0	0	0	0	0	0	0	0	0	0	0	0	0	0	0	0	0	0	0	0	0	0	0	0	0	0	0	0	0	0	0	0	0	0	0	0	0	0	0	0	0	0	0	522	1786	0	0	0	0	0	198	194	832	0	0	0	0	0	0	0	0	0	0	0	0	0	0	0	0	0	0	0	0	0	0	0	0	0	0	0	0	0	0	0	0	0	0	9974	9808	16418	18832	1018	2552	4488	1418	7180	5696	10614	3998	12028	7480	5326	2004	0	132	1550	2634	7060	8246	0	15278	5420	1434	
315840	Vermis_8	0	0	0	0	0	0	0	0	0	0	0	0	0	0	0	0	0	0	0	0	0	0	0	0	0	0	0	0	0	0	0	0	0	0	0	0	0	0	0	0	0	0	0	0	0	0	194	392	0	0	0	0	0	0	0	172	0	0	0	0	0	0	0	0	0	0	0	0	0	0	0	0	0	0	0	0	0	0	0	0	0	0	0	0	0	0	0	0	0	0	4268	1982	9380	10208	1064	4002	4348	1634	3856	1270	12664	6684	17628	13918	7834	8008	434	282	2148	3512	7338	1444	15278	0	13296	4682	
163440	Vermis_9	0	0	0	0	0	0	0	0	0	0	0	0	0	0	0	0	0	0	0	0	0	0	0	0	0	0	0	0	0	0	0	0	0	0	0	0	0	0	0	0	0	0	0	0	0	0	110	232	0	0	0	0	0	0	0	0	0	0	0	0	0	0	0	0	0	0	0	0	0	0	0	0	0	0	0	0	0	0	0	0	0	0	0	0	0	0	0	0	0	0	2128	676	766	996	802	3506	2752	1260	2404	574	1006	508	6586	4704	7654	9644	98	0	2168	2304	5070	1294	5420	13296	0	5762	
65188	Vermis_10	0	0	0	0	0	0	0	0	0	0	0	0	0	0	0	0	0	0	0	0	0	0	0	0	0	0	0	0	0	0	0	0	0	0	0	0	0	0	0	0	0	0	0	0	0	0	0	144	0	0	0	0	0	0	0	0	0	0	0	0	0	0	0	0	0	0	0	0	0	0	0	0	0	0	0	0	0	0	0	0	0	0	0	0	0	0	0	0	0	0	1134	284	322	202	0	428	976	414	1284	300	436	162	1394	1324	2122	3300	0	0	782	530	2018	3160	1434	4682	5762	0	
