data	data	373696	141720	1.24127e+06	1.14012e+06	171416	124220	648372	278540	77652	25940	293176	214976	234488	272860	217756	139424	309908	111100	830876	1.00846e+06	79212	97400	420144	441412	63540	102056	80036	73436	724616	433416	394784	641324	172604	581700	254048	291708	406328	390628	68492	199620	54732	56936	167708	337780	147068	342496	177236	285100	203824	378084	524072	264668	143168	72528	295956	308004	263648	124936	147508	67464	207812	132612	141844	146704	148832	115344	322912	404924	176204	185464	395936	456268	387216	389168	42048	50036	261792	286576	83444	25244	277300	102132	118652	39708	429828	204964	45908	26212	268600	218996	432536	357280	302864	225028	30336	34320	256152	171616	434040	363412	225344	133424	298720	286944	149512	202452	25116	18808	21052	55420	271384	271264	186096	138708	144300	22104	
data	data	Precentral_L	Precentral_R	Frontal_Sup_L	Frontal_Sup_R	Frontal_Sup_Orb_L	Frontal_Sup_Orb_R	Frontal_Mid_L	Frontal_Mid_R	Frontal_Mid_Orb_L	Frontal_Mid_Orb_R	Frontal_Inf_Oper_L	Frontal_Inf_Oper_R	Frontal_Inf_Tri_L	Frontal_Inf_Tri_R	Frontal_Inf_Orb_L	Frontal_Inf_Orb_R	Rolandic_Oper_L	Rolandic_Oper_R	Supp_Motor_Area_L	Supp_Motor_Area_R	Olfactory_L	Olfactory_R	Frontal_Sup_Medial_L	Frontal_Sup_Medial_R	Frontal_Med_Orb_L	Frontal_Med_Orb_R	Rectus_L	Rectus_R	Insula_L	Insula_R	Cingulum_Ant_L	Cingulum_Ant_R	Cingulum_Mid_L	Cingulum_Mid_R	Cingulum_Post_L	Cingulum_Post_R	Hippocampus_L	Hippocampus_R	ParaHippocampal_L	ParaHippocampal_R	Amygdala_L	Amygdala_R	Calcarine_L	Calcarine_R	Cuneus_L	Cuneus_R	Lingual_L	Lingual_R	Occipital_Sup_L	Occipital_Sup_R	Occipital_Mid_L	Occipital_Mid_R	Occipital_Inf_L	Occipital_Inf_R	Fusiform_L	Fusiform_R	Postcentral_L	Postcentral_R	Parietal_Sup_L	Parietal_Sup_R	Parietal_Inf_L	Parietal_Inf_R	SupraMarginal_L	SupraMarginal_R	Angular_L	Angular_R	Precuneus_L	Precuneus_R	Paracentral_Lobule_L	Paracentral_Lobule_R	Caudate_L	Caudate_R	Putamen_L	Putamen_R	Pallidum_L	Pallidum_R	Thalamus_L	Thalamus_R	Heschl_L	Heschl_R	Temporal_Sup_L	Temporal_Sup_R	Temporal_Pole_Sup_L	Temporal_Pole_Sup_R	Temporal_Mid_L	Temporal_Mid_R	Temporal_Pole_Mid_L	Temporal_Pole_Mid_R	Temporal_Inf_L	Temporal_Inf_R	Cerebelum_Crus1_L	Cerebelum_Crus1_R	Cerebelum_Crus2_L	Cerebelum_Crus2_R	Cerebelum_3_L	Cerebelum_3_R	Cerebelum_4_5_L	Cerebelum_4_5_R	Cerebelum_6_L	Cerebelum_6_R	Cerebelum_7b_L	Cerebelum_7b_R	Cerebelum_8_L	Cerebelum_8_R	Cerebelum_9_L	Cerebelum_9_R	Cerebelum_10_L	Cerebelum_10_R	Vermis_1_2	Vermis_3	Vermis_4_5	Vermis_6	Vermis_7	Vermis_8	Vermis_9	Vermis_10	
373696	Precentral_L	0	354	8950	3634	0	0	28136	148	0	0	13256	286	2338	288	0	0	10924	228	5364	4136	0	0	0	0	0	0	0	0	13826	336	0	0	796	782	6310	4288	7606	3912	0	920	0	0	0	0	196	0	0	516	550	0	4072	0	562	0	190	0	25178	0	1908	0	2218	0	732	0	602	0	2204	182	11226	0	1802	326	2672	0	222	0	4092	2520	3822	0	1256	0	0	0	2434	0	0	0	548	0	0	0	0	0	0	0	0	0	0	0	0	0	0	0	0	0	0	0	0	0	0	0	0	0	0	0	
141720	Precentral_R	354	0	3180	8274	0	0	436	12994	0	0	0	2972	0	116	0	0	0	980	3118	5460	0	0	0	0	0	0	0	0	0	998	174	0	0	2004	606	1058	420	2016	0	314	0	0	0	966	0	402	0	118	0	384	0	702	0	0	0	854	0	5262	0	0	0	350	0	442	0	0	0	2382	0	3308	582	1250	232	3850	0	590	392	1876	0	0	0	126	0	0	0	570	0	0	0	748	0	0	0	0	0	0	0	0	0	0	0	0	0	0	0	0	0	0	0	0	0	0	0	0	0	0	
1.24127e+06	Frontal_Sup_L	8950	3180	0	27128	14874	0	77632	4422	3908	0	21416	2850	19354	1914	13234	198	16558	992	94448	36218	0	0	43908	8248	2898	112	1412	0	48882	1032	20396	11736	4848	17238	2312	2194	9306	1790	488	484	0	0	0	0	0	0	0	252	0	0	0	0	0	0	686	0	2432	0	0	0	0	0	0	0	0	0	542	0	1778	0	22224	4252	28714	752	2880	0	22694	2054	604	0	2984	0	1690	0	300	0	0	0	1118	0	0	0	0	0	0	0	0	0	120	0	0	0	0	0	0	0	0	0	0	0	0	0	0	0	0	0	
1.14012e+06	Frontal_Sup_R	3634	8274	27128	0	126	6076	8812	36198	0	640	242	10746	136	19084	0	8726	168	3914	27934	109956	0	0	12840	43940	0	2874	0	258	1076	24206	8076	35456	4352	28514	2898	5012	2026	9016	0	2038	0	118	0	116	0	0	0	208	0	0	0	0	0	0	0	998	334	120	0	0	0	0	0	0	0	0	0	752	2064	180	11474	30368	1494	24888	352	5986	5020	30398	0	164	168	206	0	0	0	0	0	0	0	274	0	0	0	0	0	0	0	0	0	0	0	0	0	0	0	0	0	0	0	0	0	0	0	0	0	0	
171416	Frontal_Sup_Orb_L	0	0	14874	126	0	0	1392	0	10578	0	646	0	1214	0	12118	0	0	0	1042	116	1488	0	4240	0	4942	220	8016	130	10178	0	4386	166	0	0	0	0	0	0	0	0	294	0	0	0	0	0	0	0	0	0	0	0	0	0	0	0	0	0	0	0	0	0	0	0	0	0	0	0	0	0	2070	176	6196	0	0	0	0	0	0	0	256	0	844	0	0	0	0	0	0	0	0	0	0	0	0	0	0	0	0	0	0	0	0	0	0	0	0	0	0	0	0	0	0	0	0	0	
124220	Frontal_Sup_Orb_R	0	0	0	6076	0	0	0	742	0	3558	0	196	0	1256	0	5874	0	0	0	234	350	1760	0	4282	530	10404	130	9368	0	4378	436	4818	0	0	0	0	0	0	0	0	0	136	0	0	0	0	0	0	0	0	0	0	0	0	0	0	0	0	0	0	0	0	0	0	0	0	0	0	0	0	318	3026	176	4062	0	0	0	0	0	0	0	0	0	0	0	0	0	0	0	0	0	0	0	0	0	0	0	0	0	0	0	0	0	0	0	0	0	0	0	0	0	0	0	0	0	0	
648372	Frontal_Mid_L	28136	436	77632	8812	1392	0	0	658	2786	0	18250	870	26214	1214	10748	112	14724	346	8082	6952	0	0	14040	3344	0	0	0	0	24192	866	5094	4404	1488	5078	6004	5284	7342	4668	0	1412	0	0	0	0	0	0	0	894	0	0	176	0	0	0	322	0	6698	0	154	0	0	0	0	0	0	0	952	114	562	0	4074	1630	2880	336	0	0	7842	3634	1116	0	974	0	618	0	118	0	0	0	512	0	0	0	0	0	0	0	0	0	0	0	0	0	0	0	0	0	0	0	0	0	0	0	0	0	0	0	
278540	Frontal_Mid_R	148	12994	4422	36198	0	742	658	0	0	1912	0	8044	0	14696	0	5312	0	798	4662	5048	0	0	1192	3874	0	158	0	0	170	6628	564	3926	0	2666	426	596	302	2108	0	500	0	0	0	0	0	0	0	0	0	0	0	0	0	0	0	0	0	146	0	0	0	0	0	0	0	0	0	166	0	0	934	3448	334	10172	0	2386	350	2590	0	0	0	0	0	0	0	0	0	0	0	0	0	0	0	0	0	0	0	0	0	0	0	0	0	0	0	0	0	0	0	0	0	0	0	0	0	0	
77652	Frontal_Mid_Orb_L	0	0	3908	0	10578	0	2786	0	0	0	0	0	1216	0	13284	0	0	0	0	0	118	0	208	0	204	0	1406	0	3090	0	220	0	0	0	0	0	0	0	0	0	0	0	0	0	0	0	0	0	0	0	0	0	0	0	0	0	0	0	0	0	0	0	0	0	0	0	0	0	0	0	300	0	1006	0	0	0	0	0	0	0	0	0	502	0	0	0	0	0	0	0	0	0	0	0	0	0	0	0	0	0	0	0	0	0	0	0	0	0	0	0	0	0	0	0	0	0	
25940	Frontal_Mid_Orb_R	0	0	0	640	0	3558	0	1912	0	0	0	0	0	404	0	5852	0	0	0	0	0	0	0	0	0	0	0	294	0	310	0	0	0	0	0	0	0	0	0	0	0	0	0	0	0	0	0	0	0	0	0	0	0	0	0	0	0	0	0	0	0	0	0	0	0	0	0	0	0	0	0	0	0	0	0	0	0	0	0	0	0	0	0	0	0	0	0	0	0	0	0	0	0	0	0	0	0	0	0	0	0	0	0	0	0	0	0	0	0	0	0	0	0	0	0	0	
293176	Frontal_Inf_Oper_L	13256	0	21416	242	646	0	18250	0	0	0	0	514	14792	430	434	0	18498	0	10232	242	0	0	710	0	0	0	0	0	26752	0	1518	296	0	0	170	0	3642	0	0	0	0	0	0	0	0	0	0	0	0	0	176	0	0	0	506	0	5396	0	0	0	0	0	0	0	0	0	176	0	0	0	1024	390	2538	0	0	0	0	0	660	0	430	0	2024	0	0	0	0	0	1020	0	0	0	0	0	0	0	0	0	208	0	0	0	0	0	0	0	0	0	0	0	0	0	0	0	0	0	
214976	Frontal_Inf_Oper_R	286	2972	2850	10746	0	196	870	8044	0	0	514	0	0	18206	0	0	126	3390	2316	7224	0	0	626	3004	0	0	0	0	590	11160	2354	9246	0	1598	0	0	0	634	0	446	0	0	0	0	0	0	0	0	0	0	0	0	0	0	0	276	0	518	0	0	0	0	0	0	0	0	0	0	0	0	3378	9356	674	5566	0	162	0	160	0	0	0	0	0	0	0	0	0	0	0	0	0	0	0	0	0	0	0	0	0	0	0	0	0	0	0	0	0	0	0	0	0	0	0	0	0	0	
234488	Frontal_Inf_Tri_L	2338	0	19354	136	1214	0	26214	0	1216	0	14792	0	0	0	16234	0	2308	0	3488	130	0	0	894	0	0	0	0	0	24888	0	1434	196	0	0	0	0	374	0	0	0	0	0	0	0	0	0	0	0	0	0	0	0	0	0	0	0	458	0	0	0	0	0	0	0	0	0	0	0	0	0	148	0	464	0	0	0	0	0	0	0	0	0	964	0	0	0	0	0	0	0	0	0	0	0	0	0	0	0	0	0	0	0	0	0	0	0	0	0	0	0	0	0	0	0	0	0	
272860	Frontal_Inf_Tri_R	288	116	1914	19084	0	1256	1214	14696	0	404	430	18206	0	0	0	9830	0	0	1050	5260	0	0	1966	11738	0	220	0	0	512	21836	1662	11130	142	4352	0	0	0	324	0	260	0	0	0	0	0	0	0	0	0	0	0	0	0	0	0	204	0	0	0	0	0	0	0	0	0	0	0	0	0	0	2018	3466	184	2668	0	0	0	0	0	0	0	0	0	0	0	0	0	0	0	0	0	0	0	0	0	0	0	0	0	0	0	0	0	0	0	0	0	0	0	0	0	0	0	0	0	0	
217756	Frontal_Inf_Orb_L	0	0	13234	0	12118	0	10748	0	13284	0	434	0	16234	0	0	0	0	0	676	112	2276	134	1206	0	476	0	2172	0	21928	0	1014	0	0	0	0	0	212	0	0	0	792	0	0	0	0	0	0	0	0	0	0	0	0	0	0	0	0	0	0	0	0	0	0	0	0	0	0	0	0	0	2232	180	5990	0	0	0	0	0	0	0	178	0	3248	0	0	0	0	0	0	0	0	0	0	0	0	0	0	0	0	0	0	0	0	0	0	0	0	0	0	0	0	0	0	0	0	0	
139424	Frontal_Inf_Orb_R	0	0	198	8726	0	5874	112	5312	0	5852	0	0	0	9830	0	0	0	0	260	334	0	1230	674	7054	0	412	0	862	0	14560	0	3400	0	1440	0	0	0	0	0	182	0	0	0	0	0	0	0	0	0	0	0	0	0	0	0	244	0	0	0	0	0	0	0	0	0	0	0	0	0	0	0	652	0	1734	0	0	0	0	0	0	0	0	0	628	0	0	0	0	0	142	0	0	0	0	0	0	0	0	0	0	0	0	0	0	0	0	0	0	0	0	0	0	0	0	0	0	
309908	Rolandic_Oper_L	10924	0	16558	168	0	0	14724	0	0	0	18498	126	2308	0	0	0	0	0	8422	196	0	0	198	0	0	0	0	0	30260	0	244	0	0	0	610	264	4840	244	0	0	0	0	158	0	0	0	0	0	718	0	4606	0	198	0	634	0	11096	0	2022	0	1320	0	3646	0	138	0	1974	0	702	0	594	138	2050	0	0	0	202	0	3264	0	5580	0	1370	0	4050	0	0	0	1670	0	0	0	0	0	0	0	0	0	240	0	0	0	0	0	0	0	0	0	0	0	0	0	0	0	0	0	
111100	Rolandic_Oper_R	228	980	992	3914	0	0	346	798	0	0	0	3390	0	0	0	0	0	0	1214	2842	0	0	184	0	0	0	0	0	150	10532	368	1262	0	0	380	962	334	1480	0	334	0	0	0	190	0	0	0	0	0	182	0	0	0	0	0	814	0	2268	0	158	0	422	0	3106	0	134	0	594	0	0	1960	2254	768	3624	0	142	302	1260	0	3118	0	2298	0	676	0	176	0	0	0	414	0	0	0	0	0	0	0	0	0	0	0	0	0	0	0	0	0	0	0	0	0	0	0	0	0	0	
830876	Supp_Motor_Area_L	5364	3118	94448	27934	1042	0	8082	4662	0	0	10232	2316	3488	1050	676	260	8422	1214	0	50414	0	0	11892	5730	0	0	0	0	22098	2212	6652	10482	12764	23404	1700	1288	7524	1236	634	384	0	0	0	0	188	0	0	196	0	0	0	0	0	0	534	0	912	0	0	0	0	0	0	0	0	0	398	210	6514	0	16752	4584	27198	2248	5394	118	14150	1174	292	0	2398	0	228	0	384	0	0	0	844	0	0	0	0	0	0	0	0	0	0	0	0	0	0	0	0	0	0	0	0	0	0	0	0	0	0	0	
1.00846e+06	Supp_Motor_Area_R	4136	5460	36218	109956	116	234	6952	5048	0	0	242	7224	130	5260	112	334	196	2842	50414	0	0	0	6256	11754	0	0	0	0	1044	6322	7054	17622	8722	52474	2110	10970	1340	4138	0	1108	0	0	0	3460	0	2446	0	656	0	1480	0	2494	0	586	0	1128	688	858	0	0	0	214	0	404	0	126	410	11280	4006	19054	12790	26706	1982	9380	752	2234	4622	27550	0	0	160	360	0	0	0	1600	0	0	0	656	0	0	0	0	0	0	0	0	0	0	0	0	0	0	0	0	0	0	0	0	358	0	0	0	0	0	
79212	Olfactory_L	0	0	0	0	1488	350	0	0	118	0	0	0	0	0	2276	0	0	0	0	0	0	4892	0	0	798	340	2186	788	3062	342	3070	2224	0	0	0	0	272	0	248	0	1482	252	0	0	0	0	0	0	0	0	0	0	0	0	0	0	0	0	0	0	0	0	0	0	0	0	0	0	0	0	6864	3140	3426	1010	0	0	0	0	0	0	494	0	484	0	0	0	0	0	0	0	0	0	0	0	0	0	0	0	0	0	0	0	0	0	0	0	0	0	0	0	0	0	0	0	0	0	
97400	Olfactory_R	0	0	0	0	0	1760	0	0	0	0	0	0	0	0	134	1230	0	0	0	0	4892	0	0	0	238	1134	952	3194	524	2958	2396	2912	0	0	0	0	0	0	0	256	770	902	0	0	0	0	0	0	0	0	0	0	0	0	0	0	0	0	0	0	0	0	0	0	0	0	0	0	0	0	8118	8652	4052	2826	238	0	0	0	0	0	426	0	0	136	0	0	0	0	0	0	0	0	0	0	0	0	0	0	0	0	0	0	0	0	0	0	0	0	0	0	0	0	0	0	0	0	
420144	Frontal_Sup_Medial_L	0	0	43908	12840	4240	0	14040	1192	208	0	710	626	894	1966	1206	674	198	184	11892	6256	0	0	0	25374	3712	552	1528	0	3326	1838	23740	18460	3856	16942	0	0	0	0	0	0	0	0	0	0	0	0	0	0	0	0	0	0	0	0	0	0	0	0	0	0	0	0	0	0	0	0	0	0	0	0	3872	1674	3238	782	0	0	0	0	0	0	0	0	144	0	0	0	0	0	0	0	0	0	0	0	0	0	0	0	0	0	0	0	0	0	0	0	0	0	0	0	0	0	0	0	0	0	
441412	Frontal_Sup_Medial_R	0	0	8248	43940	0	4282	3344	3874	0	0	0	3004	0	11738	0	7054	0	0	5730	11754	0	0	25374	0	442	4520	0	358	0	13366	7518	33124	780	23752	0	0	0	0	0	0	0	0	0	0	0	0	0	0	0	0	0	0	0	0	0	0	0	0	0	0	0	0	0	0	0	0	0	0	0	0	1322	3234	258	3568	0	0	0	122	0	0	0	0	0	0	0	0	0	0	0	0	0	0	0	0	0	0	0	0	0	0	0	0	0	0	0	0	0	0	0	0	0	0	0	0	0	0	
63540	Frontal_Med_Orb_L	0	0	2898	0	4942	530	0	0	204	0	0	0	0	0	476	0	0	0	0	0	798	238	3712	442	0	2402	4270	472	258	0	6326	872	0	0	0	0	0	0	0	0	0	0	0	0	0	0	0	0	0	0	0	0	0	0	0	0	0	0	0	0	0	0	0	0	0	0	0	0	0	0	1642	280	822	186	0	0	0	0	0	0	0	0	0	0	0	0	0	0	0	0	0	0	0	0	0	0	0	0	0	0	0	0	0	0	0	0	0	0	0	0	0	0	0	0	0	0	
102056	Frontal_Med_Orb_R	0	0	112	2874	220	10404	0	158	0	0	0	0	0	220	0	412	0	0	0	0	340	1134	552	4520	2402	0	514	9418	0	906	2130	6280	0	0	0	0	0	0	0	0	0	0	0	0	0	0	0	0	0	0	0	0	0	0	0	0	0	0	0	0	0	0	0	0	0	0	0	0	0	0	416	3756	210	4050	0	0	0	0	0	0	0	0	0	0	0	0	0	0	0	0	0	0	0	0	0	0	0	0	0	0	0	0	0	0	0	0	0	0	0	0	0	0	0	0	0	0	
80036	Rectus_L	0	0	1412	0	8016	130	0	0	1406	0	0	0	0	0	2172	0	0	0	0	0	2186	952	1528	0	4270	514	0	732	1322	0	6120	1218	0	0	0	0	0	0	0	0	0	0	0	0	0	0	0	0	0	0	0	0	0	0	0	0	0	0	0	0	0	0	0	0	0	0	0	0	0	0	3948	554	3180	358	0	0	0	0	0	0	0	0	0	0	0	0	0	0	0	0	0	0	0	0	0	0	0	0	0	0	0	0	0	0	0	0	0	0	0	0	0	0	0	0	0	0	
73436	Rectus_R	0	0	0	258	130	9368	0	0	0	294	0	0	0	0	0	862	0	0	0	0	788	3194	0	358	472	9418	732	0	0	916	708	3030	0	0	0	0	0	0	0	0	0	294	0	0	0	0	0	0	0	0	0	0	0	0	0	0	0	0	0	0	0	0	0	0	0	0	0	0	0	0	876	2770	540	1710	0	0	0	0	0	0	0	0	0	0	0	0	0	0	0	0	0	0	0	0	0	0	0	0	0	0	0	0	0	0	0	0	0	0	0	0	0	0	0	0	0	0	
724616	Insula_L	13826	0	48882	1076	10178	0	24192	170	3090	0	26752	590	24888	512	21928	0	30260	150	22098	1044	3062	524	3326	0	258	0	1322	0	0	236	3892	598	0	0	3972	2190	18270	2086	1534	222	3328	0	0	0	0	0	0	178	0	0	1202	0	110	0	3460	0	7848	0	434	0	546	0	4134	0	0	0	2196	264	264	0	4488	1450	22174	148	0	0	2204	1058	6778	0	13974	0	6632	0	2832	0	114	0	5094	0	0	0	0	0	0	0	0	0	270	0	0	0	0	0	0	0	0	0	0	0	0	0	0	0	0	0	
433416	Insula_R	336	998	1032	24206	0	4378	866	6628	0	310	0	11160	0	21836	0	14560	0	10532	2212	6322	342	2958	1838	13366	0	906	0	916	236	0	1230	18776	122	3742	1008	2220	908	5926	0	2556	0	2258	0	0	0	0	0	0	0	0	0	0	0	0	0	1824	0	214	0	0	0	0	0	300	0	0	0	1184	0	146	1074	11422	546	24526	0	184	662	2812	0	1904	0	2432	0	842	0	1052	0	184	0	716	0	0	0	0	0	0	0	0	0	0	0	0	0	0	0	0	0	0	0	0	0	0	0	0	0	0	
394784	Cingulum_Ant_L	0	174	20396	8076	4386	436	5094	564	220	0	1518	2354	1434	1662	1014	0	244	368	6652	7054	3070	2396	23740	7518	6326	2130	6120	708	3892	1230	0	27760	7398	9506	0	0	0	0	0	0	0	0	0	0	0	0	0	0	0	0	0	0	0	0	0	0	0	0	0	0	0	0	0	0	0	0	0	0	0	0	16262	8148	6990	2386	0	0	0	0	0	0	0	0	166	0	0	0	0	0	0	0	0	0	0	0	0	0	0	0	0	0	0	0	0	0	0	0	0	0	0	0	0	0	0	0	0	0	
641324	Cingulum_Ant_R	0	0	11736	35456	166	4818	4404	3926	0	0	296	9246	196	11130	0	3400	0	1262	10482	17622	2224	2912	18460	33124	872	6280	1218	3030	598	18776	27760	0	4258	27950	0	0	0	708	0	488	0	0	0	0	0	0	0	0	0	0	0	0	0	0	0	330	0	0	0	0	0	0	0	0	0	0	0	0	0	0	7856	30956	1774	16948	0	0	0	0	0	0	0	0	0	0	0	0	0	0	0	0	0	0	0	0	0	0	0	0	0	0	0	0	0	0	0	0	0	0	0	0	0	0	0	0	0	0	
172604	Cingulum_Mid_L	796	0	4848	4352	0	0	1488	0	0	0	0	0	0	142	0	0	0	0	12764	8722	0	0	3856	780	0	0	0	0	0	122	7398	4258	0	14130	3296	214	0	0	0	0	0	0	298	0	650	204	0	0	1416	146	858	0	0	0	0	0	370	0	292	0	0	0	0	0	0	0	4216	1038	6404	618	1674	0	164	0	484	0	132	0	0	0	0	0	0	0	172	0	0	0	0	0	0	0	0	0	0	0	0	0	0	0	0	0	0	0	0	0	0	0	0	0	0	0	0	0	0	0	
581700	Cingulum_Mid_R	782	2004	17238	28514	0	0	5078	2666	0	0	0	1598	0	4352	0	1440	0	0	23404	52474	0	0	16942	23752	0	0	0	0	0	3742	9506	27950	14130	0	1040	7960	0	168	0	0	0	0	0	3016	0	3204	0	476	0	716	0	1426	0	0	0	0	0	232	0	0	0	0	0	0	0	0	780	13038	1766	11782	5412	1972	336	562	0	0	0	0	0	0	0	0	0	0	0	948	0	0	0	114	0	0	0	0	0	0	0	0	0	0	0	0	0	0	0	0	0	0	0	0	330	0	0	0	0	0	
254048	Cingulum_Post_L	6310	606	2312	2898	0	0	6004	426	0	0	170	0	0	0	0	0	610	380	1700	2110	0	0	0	0	0	0	0	0	3972	1008	0	0	3296	1040	0	15640	17032	12092	948	3010	0	0	3004	0	220	0	1208	2364	0	0	934	0	132	0	194	0	1008	0	0	0	0	0	0	0	0	0	9362	1836	1218	190	384	0	1002	486	406	0	9326	7720	1354	0	1208	0	0	0	1788	0	0	0	116	0	0	0	0	0	0	0	0	0	0	0	0	0	0	0	0	0	0	0	0	0	0	0	0	0	0	0	
291708	Cingulum_Post_R	4288	1058	2194	5012	0	0	5284	596	0	0	0	0	0	0	0	0	264	962	1288	10970	0	0	0	0	0	0	0	0	2190	2220	0	0	214	7960	15640	0	10962	16318	0	3274	0	0	0	2200	0	196	0	5266	0	0	0	178	0	176	126	1386	648	0	0	0	0	0	0	266	0	0	912	10822	1116	3980	0	0	830	1718	0	0	10752	11028	558	0	906	0	0	0	876	162	0	0	112	352	0	0	0	0	0	0	0	0	0	0	0	0	0	0	0	0	0	0	0	0	594	0	0	0	0	0	
406328	Hippocampus_L	7606	420	9306	2026	0	0	7342	302	0	0	3642	0	374	0	212	0	4840	334	7524	1340	272	0	0	0	0	0	0	0	18270	908	0	0	0	0	17032	10962	0	10324	10502	2450	7184	0	2570	0	0	0	2084	2282	0	0	582	0	176	0	11800	0	2260	0	0	0	0	0	0	0	0	0	7584	1378	126	0	342	0	10748	354	666	0	9146	5198	3308	0	5434	0	1204	0	3014	0	210	0	8900	0	190	0	0	0	0	0	0	0	436	0	0	0	0	0	0	0	0	0	0	0	0	0	0	0	0	0	
390628	Hippocampus_R	3912	2016	1790	9016	0	0	4668	2108	0	0	0	634	0	324	0	0	244	1480	1236	4138	0	0	0	0	0	0	0	0	2086	5926	0	708	0	168	12092	16318	10324	0	134	26368	0	7272	0	1730	0	0	0	5532	0	0	0	0	0	0	124	22536	616	160	0	0	0	0	0	158	0	0	392	5894	258	306	0	648	802	11274	0	1362	9034	9590	534	382	842	326	0	966	814	1290	0	154	110	5110	0	0	0	0	0	0	0	710	0	226	0	0	0	0	0	0	0	0	0	0	472	0	0	0	0	0	
68492	ParaHippocampal_L	0	0	488	0	0	0	0	0	0	0	0	0	0	0	0	0	0	0	634	0	248	0	0	0	0	0	0	0	1534	0	0	0	0	0	948	0	10502	134	0	0	2488	0	832	0	0	0	2838	310	0	0	144	0	134	0	5592	0	0	0	0	0	0	0	0	0	0	0	1832	0	0	0	0	0	1452	0	0	0	258	0	0	0	674	0	1038	0	112	0	884	0	960	0	0	0	0	0	0	0	0	0	0	0	0	0	0	0	0	0	0	0	0	210	0	0	0	0	0	0	
199620	ParaHippocampal_R	920	314	484	2038	0	0	1412	500	0	0	0	446	0	260	0	182	0	334	384	1108	0	256	0	0	0	0	0	0	222	2556	0	488	0	0	3010	3274	2450	26368	0	0	0	5456	0	156	0	0	0	5102	0	0	0	0	0	0	0	18054	0	0	0	0	0	0	0	0	0	0	0	478	0	0	0	388	212	6678	0	1230	2388	3024	0	142	0	124	0	1742	0	976	0	1184	0	2874	0	0	0	0	0	144	0	1742	0	290	0	0	0	0	0	0	0	0	0	0	420	0	0	0	0	0	
54732	Amygdala_L	0	0	0	0	294	0	0	0	0	0	0	0	0	0	792	0	0	0	0	0	1482	770	0	0	0	0	0	0	3328	0	0	0	0	0	0	0	7184	0	2488	0	0	0	0	0	0	0	0	0	0	0	0	0	0	0	3640	0	0	0	0	0	0	0	0	0	0	0	0	0	0	0	1094	760	1460	172	0	0	0	0	0	0	1640	0	768	0	140	0	214	0	1140	0	0	0	0	0	0	0	0	0	0	0	0	0	0	0	0	0	0	0	0	0	0	0	0	0	0	0	
56936	Amygdala_R	0	0	0	118	0	136	0	0	0	0	0	0	0	0	0	0	0	0	0	0	252	902	0	0	0	0	0	294	0	2258	0	0	0	0	0	0	0	7272	0	5456	0	0	0	0	0	0	0	0	0	0	0	0	0	0	0	5784	0	0	0	0	0	0	0	0	0	0	0	0	0	0	260	464	246	1838	0	0	0	0	0	0	0	0	0	1728	0	0	0	328	0	1132	0	0	0	0	0	0	0	0	0	0	0	0	0	0	0	0	0	0	0	0	0	0	0	0	0	0	
167708	Calcarine_L	0	0	0	0	0	0	0	0	0	0	0	0	0	0	0	0	158	0	0	0	0	0	0	0	0	0	0	0	0	0	0	0	298	0	3004	0	2570	0	832	0	0	0	0	4668	9102	3906	7512	1014	10112	1086	16968	194	2520	0	728	0	338	0	126	0	0	0	0	0	216	0	10598	424	872	0	0	0	0	0	0	0	0	0	1062	0	1216	0	0	0	4330	0	0	0	0	0	0	0	0	0	0	0	0	0	0	0	0	0	0	0	0	0	0	0	0	0	0	0	0	0	0	0	
337780	Calcarine_R	0	966	0	116	0	0	0	0	0	0	0	0	0	0	0	0	0	190	0	3460	0	0	0	0	0	0	0	0	0	0	0	0	0	3016	0	2200	0	1730	0	156	0	0	4668	0	4978	30422	1802	19592	0	24406	0	17124	0	6612	0	8258	0	116	0	0	0	326	0	856	0	502	1180	21550	0	3666	0	0	0	0	0	0	0	0	0	140	0	354	0	0	0	6480	0	0	0	3808	0	0	0	0	0	0	0	0	0	0	0	0	0	0	0	0	0	0	0	0	216	0	0	0	0	0	
147068	Cuneus_L	196	0	0	0	0	0	0	0	0	0	0	0	0	0	0	0	0	0	188	0	0	0	0	0	0	0	0	0	0	0	0	0	650	0	220	0	0	0	0	0	0	0	9102	4978	0	7320	1214	580	15286	2630	11534	242	1240	0	0	142	202	0	400	0	0	0	0	0	0	0	8714	470	5392	0	0	0	0	0	0	0	0	0	386	0	704	0	0	0	1744	0	0	0	0	0	0	0	0	0	0	0	0	0	0	0	0	0	0	0	0	0	0	0	0	0	0	0	0	0	0	0	
342496	Cuneus_R	0	402	0	0	0	0	0	0	0	0	0	0	0	0	0	0	0	0	0	2446	0	0	0	0	0	0	0	0	0	0	0	0	204	3204	0	196	0	0	0	0	0	0	3906	30422	7320	0	1074	7488	220	44918	0	16808	0	1966	0	2512	0	1688	0	1128	0	552	0	558	0	798	2654	25316	0	7100	0	0	0	0	0	0	0	0	0	0	0	1494	0	0	0	2982	0	0	0	3892	0	0	0	0	0	0	0	0	0	0	0	0	0	0	0	0	0	0	0	0	0	0	0	0	0	0	
177236	Lingual_L	0	0	0	0	0	0	0	0	0	0	0	0	0	0	0	0	0	0	0	0	0	0	0	0	0	0	0	0	0	0	0	0	0	0	1208	0	2084	0	2838	0	0	0	7512	1802	1214	1074	0	3032	1840	1154	13604	522	10426	0	12506	0	0	0	0	0	0	0	0	0	0	0	2620	322	0	0	0	0	0	0	0	0	0	0	0	0	0	0	0	0	0	0	0	0	0	0	3828	122	150	0	0	0	5870	424	6952	646	0	0	0	110	0	246	0	0	0	136	3696	1904	160	120	302	194	
285100	Lingual_R	516	118	252	208	0	0	894	0	0	0	0	0	0	0	0	0	0	0	196	656	0	0	0	0	0	0	0	0	178	0	0	0	0	476	2364	5266	2282	5532	310	5102	0	0	1014	19592	580	7488	3032	0	0	7008	0	3994	0	4104	528	17258	0	0	0	0	0	0	0	122	0	0	290	9740	0	514	0	0	154	0	0	0	1612	1526	0	0	0	0	0	0	0	782	0	0	0	854	2626	2348	310	0	0	110	1006	6122	4474	6202	0	0	0	560	0	434	0	0	0	130	5302	6076	1434	444	430	0	
203824	Occipital_Sup_L	550	0	0	0	0	0	0	0	0	0	0	0	0	0	0	0	718	0	0	0	0	0	0	0	0	0	0	0	0	0	0	0	1416	0	0	0	0	0	0	0	0	0	10112	0	15286	220	1840	0	0	0	32020	0	2014	0	174	0	918	0	5966	0	952	0	206	0	1254	0	19478	160	4226	0	0	0	0	0	0	0	0	0	268	0	1090	0	0	0	3044	0	0	0	0	0	0	0	0	0	0	0	0	0	0	0	0	0	0	0	0	0	0	0	0	0	0	0	0	0	0	0	
378084	Occipital_Sup_R	0	384	0	0	0	0	0	0	0	0	0	0	0	0	0	0	0	182	0	1480	0	0	0	0	0	0	0	0	0	0	0	0	146	716	0	0	0	0	0	0	0	0	1086	24406	2630	44918	1154	7008	0	0	0	28612	0	2062	0	2908	0	2720	0	3534	0	3054	0	1776	0	7618	1686	21960	0	6652	0	0	0	0	0	0	0	0	0	0	0	6286	0	0	0	5874	0	0	0	10190	0	0	0	0	0	0	0	0	0	0	0	0	0	0	0	0	0	0	0	0	0	0	0	0	0	0	
524072	Occipital_Mid_L	4072	0	0	0	0	0	176	0	0	0	176	0	0	0	0	0	4606	0	0	0	0	0	0	0	0	0	0	0	1202	0	0	0	858	0	934	0	582	0	144	0	0	0	16968	0	11534	0	13604	0	32020	0	0	0	27972	0	8750	0	5368	0	15232	0	12200	0	1756	0	16934	0	23206	204	9864	0	0	0	0	0	0	0	0	0	3382	0	7960	0	0	0	34550	0	0	0	4990	0	2792	0	0	0	0	0	0	0	0	0	0	0	0	0	0	0	0	0	0	0	0	0	0	0	0	0	
264668	Occipital_Mid_R	0	702	0	0	0	0	0	0	0	0	0	0	0	0	0	0	0	0	0	2494	0	0	0	0	0	0	0	0	0	0	0	0	0	1426	0	178	0	0	0	0	0	0	194	17124	242	16808	522	3994	0	28612	0	0	0	5546	0	2962	0	1348	0	666	0	3598	0	432	0	7744	300	10544	0	5922	0	0	0	0	0	0	0	0	0	0	0	1220	0	0	0	12720	0	0	0	7036	0	0	0	0	0	0	0	0	0	0	0	0	0	0	0	0	0	0	0	0	0	0	0	0	0	0	
143168	Occipital_Inf_L	562	0	0	0	0	0	0	0	0	0	0	0	0	0	0	0	198	0	0	0	0	0	0	0	0	0	0	0	110	0	0	0	0	0	132	0	176	0	134	0	0	0	2520	0	1240	0	10426	0	2014	0	27972	0	0	0	12080	0	160	0	158	0	120	0	0	0	260	0	1882	0	504	0	0	0	0	0	0	0	0	0	506	0	1040	0	0	0	3176	0	0	0	3342	0	2872	0	0	0	0	0	0	0	0	0	0	0	0	0	0	0	0	0	0	0	0	0	0	0	0	0	
72528	Occipital_Inf_R	0	0	0	0	0	0	0	0	0	0	0	0	0	0	0	0	0	0	0	586	0	0	0	0	0	0	0	0	0	0	0	0	0	0	0	176	0	0	0	0	0	0	0	6612	0	1966	0	4104	0	2062	0	5546	0	0	0	6790	0	0	0	0	0	328	0	440	0	644	0	896	0	568	0	0	0	0	0	0	0	0	0	0	0	130	0	0	0	1924	0	0	0	3492	0	0	0	0	0	0	0	0	0	0	0	0	0	0	0	0	0	0	0	0	0	0	0	0	0	0	
295956	Fusiform_L	190	0	686	0	0	0	322	0	0	0	506	0	0	0	0	0	634	0	534	0	0	0	0	0	0	0	0	0	3460	0	0	0	0	0	194	126	11800	124	5592	0	3640	0	728	0	0	0	12506	528	174	0	8750	0	12080	0	0	0	0	0	0	0	0	0	0	0	0	0	804	0	0	0	0	0	1230	0	0	0	172	0	334	0	5816	0	2854	0	4524	0	1744	0	17434	0	15150	0	434	0	134	220	9042	354	15178	620	0	0	0	0	278	844	0	0	0	210	4302	2420	0	0	846	460	
308004	Fusiform_R	0	854	0	998	0	0	0	0	0	0	0	276	0	204	0	244	0	814	0	1128	0	0	0	0	0	0	0	0	0	1824	0	330	0	0	0	1386	0	22536	0	18054	0	5784	0	8258	142	2512	0	17258	0	2908	0	2962	0	6790	0	0	0	242	0	0	0	0	0	408	0	0	0	2274	0	350	0	270	0	3562	0	790	0	210	0	504	0	550	0	3440	0	4676	0	1706	0	14140	598	5584	0	0	0	170	234	4766	734	7528	0	0	0	158	0	342	0	0	0	0	2246	1688	888	336	346	0	
263648	Postcentral_L	25178	0	2432	334	0	0	6698	0	0	0	5396	0	458	0	0	0	11096	0	912	688	0	0	0	0	0	0	0	0	7848	0	0	0	370	0	1008	648	2260	616	0	0	0	0	338	0	202	0	0	0	918	0	5368	0	160	0	0	0	0	0	8532	0	19780	0	9612	0	958	0	5754	0	4610	0	386	0	748	0	0	0	1120	222	2884	0	2378	0	0	0	1500	0	0	0	412	0	0	0	0	0	0	0	0	0	0	0	0	0	0	0	0	0	0	0	0	0	0	0	0	0	0	0	
124936	Postcentral_R	0	5262	0	120	0	0	0	146	0	0	0	518	0	0	0	0	0	2268	0	858	0	0	0	0	0	0	0	0	0	214	0	0	0	232	0	0	0	160	0	0	0	0	0	116	0	1688	0	0	0	2720	0	1348	0	0	0	242	0	0	0	7180	0	11446	0	15348	0	216	0	5134	0	3028	0	416	0	190	0	0	0	148	0	404	0	466	0	0	0	0	0	0	0	2600	0	0	0	0	0	0	0	0	0	0	0	0	0	0	0	0	0	0	0	0	0	0	0	0	0	0	
147508	Parietal_Sup_L	1908	0	0	0	0	0	154	0	0	0	0	0	0	0	0	0	2022	0	0	0	0	0	0	0	0	0	0	0	434	0	0	0	292	0	0	0	0	0	0	0	0	0	126	0	400	0	0	0	5966	0	15232	0	158	0	0	0	8532	0	0	0	12774	0	902	0	3284	0	15006	250	4360	0	0	0	0	0	0	0	0	0	0	0	462	0	0	0	1354	0	0	0	138	0	0	0	0	0	0	0	0	0	0	0	0	0	0	0	0	0	0	0	0	0	0	0	0	0	0	0	
67464	Parietal_Sup_R	0	0	0	0	0	0	0	0	0	0	0	0	0	0	0	0	0	158	0	0	0	0	0	0	0	0	0	0	0	0	0	0	0	0	0	0	0	0	0	0	0	0	0	0	0	1128	0	0	0	3534	0	666	0	0	0	0	0	7180	0	0	0	5854	0	4452	0	2606	176	6974	0	472	0	0	0	0	0	0	0	0	0	0	0	214	0	0	0	0	0	0	0	318	0	0	0	0	0	0	0	0	0	0	0	0	0	0	0	0	0	0	0	0	0	0	0	0	0	0	
207812	Parietal_Inf_L	2218	0	0	0	0	0	0	0	0	0	0	0	0	0	0	0	1320	0	0	0	0	0	0	0	0	0	0	0	546	0	0	0	0	0	0	0	0	0	0	0	0	0	0	0	0	0	0	0	952	0	12200	0	120	0	0	0	19780	0	12774	0	0	0	13506	0	19078	0	4240	0	2398	0	0	0	0	0	0	0	0	0	0	0	1952	0	0	0	8522	0	0	0	4300	0	0	0	0	0	0	0	0	0	0	0	0	0	0	0	0	0	0	0	0	0	0	0	0	0	0	0	
132612	Parietal_Inf_R	0	350	0	0	0	0	0	0	0	0	0	0	0	0	0	0	0	422	0	214	0	0	0	0	0	0	0	0	0	0	0	0	0	0	0	0	0	0	0	0	0	0	0	326	0	552	0	0	0	3054	0	3598	0	328	0	0	0	11446	0	5854	0	0	0	19802	0	14042	0	828	0	266	0	0	0	0	0	0	0	0	0	0	0	1656	0	0	0	1968	0	0	0	1600	0	0	0	0	0	0	0	0	0	0	0	0	0	0	0	0	0	0	0	0	0	0	0	0	0	0	
141844	SupraMarginal_L	732	0	0	0	0	0	0	0	0	0	0	0	0	0	0	0	3646	0	0	0	0	0	0	0	0	0	0	0	4134	0	0	0	0	0	0	0	0	0	0	0	0	0	0	0	0	0	0	0	206	0	1756	0	0	0	0	0	9612	0	902	0	13506	0	0	0	8666	0	718	0	580	0	0	0	0	0	0	0	0	0	430	0	8694	0	0	0	12656	0	0	0	4684	0	0	0	0	0	0	0	0	0	0	0	0	0	0	0	0	0	0	0	0	0	0	0	0	0	0	0	
146704	SupraMarginal_R	0	442	0	0	0	0	0	0	0	0	0	0	0	0	0	0	0	3106	0	404	0	0	0	0	0	0	0	0	0	300	0	0	0	0	0	266	0	158	0	0	0	0	0	856	0	558	0	122	0	1776	0	432	0	440	0	408	0	15348	0	4452	0	19802	0	0	0	9764	0	1060	0	416	0	0	0	0	0	0	0	0	0	800	0	5206	0	0	0	4888	0	0	0	2348	0	0	0	0	0	0	0	0	0	0	0	0	0	0	0	0	0	0	0	0	0	0	0	0	0	0	
148832	Angular_L	602	0	0	0	0	0	0	0	0	0	0	0	0	0	0	0	138	0	0	0	0	0	0	0	0	0	0	0	0	0	0	0	0	0	0	0	0	0	0	0	0	0	216	0	0	0	0	0	1254	0	16934	0	260	0	0	0	958	0	3284	0	19078	0	8666	0	0	0	1738	0	716	0	0	0	0	0	0	0	0	0	0	0	2268	0	0	0	14128	0	0	0	4176	0	0	0	0	0	0	0	0	0	0	0	0	0	0	0	0	0	0	0	0	0	0	0	0	0	0	0	
115344	Angular_R	0	0	0	0	0	0	0	0	0	0	0	0	0	0	0	0	0	134	0	126	0	0	0	0	0	0	0	0	0	0	0	0	0	0	0	0	0	0	0	0	0	0	0	502	0	798	0	0	0	7618	0	7744	0	644	0	0	0	216	0	2606	0	14042	0	9764	0	0	0	1382	0	314	0	0	0	0	0	0	0	0	0	0	0	3514	0	0	0	5582	0	0	0	2686	0	0	0	0	0	0	0	0	0	0	0	0	0	0	0	0	0	0	0	0	0	0	0	0	0	0	
322912	Precuneus_L	2204	0	542	0	0	0	952	0	0	0	176	0	0	0	0	0	1974	0	398	410	0	0	0	0	0	0	0	0	2196	0	0	0	4216	780	9362	912	7584	392	1832	0	0	0	10598	1180	8714	2654	2620	290	19478	1686	23206	300	1882	0	804	0	5754	0	15006	176	4240	0	718	0	1738	0	0	4730	10552	322	0	0	0	0	0	0	0	0	1502	0	1892	0	0	0	6694	216	0	0	280	0	294	0	0	0	0	0	0	0	0	0	0	0	0	0	0	0	0	0	0	0	0	0	0	0	0	0	
404924	Precuneus_R	182	2382	0	752	0	0	114	166	0	0	0	0	0	0	0	0	0	594	210	11280	0	0	0	0	0	0	0	0	264	1184	0	0	1038	13038	1836	10822	1378	5894	0	478	0	0	424	21550	470	25316	322	9740	160	21960	204	10544	0	896	0	2274	0	5134	250	6974	0	828	0	1060	0	1382	4730	0	152	18460	0	0	0	1156	0	0	0	1516	0	0	110	2084	0	0	0	3938	0	0	0	7950	0	0	0	0	0	0	0	0	0	0	0	0	0	0	0	0	0	0	0	0	1266	0	0	0	0	0	
176204	Paracentral_Lobule_L	11226	0	1778	2064	0	0	562	0	0	0	0	0	0	0	0	0	702	0	6514	4006	0	0	0	0	0	0	0	0	264	0	0	0	6404	1766	1218	1116	126	258	0	0	0	0	872	0	5392	0	0	0	4226	0	9864	0	504	0	0	0	4610	0	4360	0	2398	0	580	0	716	0	10552	152	0	270	256	150	0	0	0	0	552	408	242	0	780	0	0	0	2764	0	0	0	450	0	0	0	0	0	0	0	0	0	0	0	0	0	0	0	0	0	0	0	0	0	0	0	0	0	0	0	
185464	Paracentral_Lobule_R	0	3308	0	180	0	0	0	0	0	0	0	0	0	0	0	0	0	0	0	19054	0	0	0	0	0	0	0	0	0	146	0	0	618	11782	190	3980	0	306	0	0	0	0	0	3666	0	7100	0	514	0	6652	0	5922	0	568	0	350	0	3028	0	472	0	266	0	416	0	314	322	18460	270	0	0	0	0	0	0	0	0	0	0	0	0	504	0	0	0	2148	0	0	0	1850	0	0	0	0	0	0	0	0	0	0	0	0	0	0	0	0	0	0	0	0	346	0	0	0	0	0	
395936	Caudate_L	1802	582	22224	11474	2070	318	4074	934	300	0	1024	3378	148	2018	2232	0	594	1960	16752	12790	6864	8118	3872	1322	1642	416	3948	876	4488	1074	16262	7856	1674	5412	384	0	342	0	0	0	1094	260	0	0	0	0	0	0	0	0	0	0	0	0	0	0	386	0	0	0	0	0	0	0	0	0	0	0	256	0	0	16404	20366	3482	1380	0	3716	274	0	130	694	0	188	114	0	0	0	0	0	0	0	0	0	0	0	0	0	0	0	0	0	0	0	0	0	0	0	0	0	0	0	0	0	0	0	0	
456268	Caudate_R	326	1250	4252	30368	176	3026	1630	3448	0	0	390	9356	0	3466	180	652	138	2254	4584	26706	3140	8652	1674	3234	280	3756	554	2770	1450	11422	8148	30956	0	1972	0	0	0	648	0	388	760	464	0	0	0	0	0	0	0	0	0	0	0	0	0	270	0	416	0	0	0	0	0	0	0	0	0	0	150	0	16404	0	4916	21490	256	3114	540	7668	0	0	440	0	0	0	0	0	0	0	0	0	0	0	0	0	0	0	0	0	0	0	0	0	0	0	0	0	0	0	0	0	0	0	0	0	0	0	
387216	Putamen_L	2672	232	28714	1494	6196	176	2880	334	1006	0	2538	674	464	184	5990	0	2050	768	27198	1982	3426	4052	3238	258	822	210	3180	540	22174	546	6990	1774	164	336	1002	830	10748	802	1452	212	1460	246	0	0	0	0	0	154	0	0	0	0	0	0	1230	0	748	0	0	0	0	0	0	0	0	0	0	0	0	0	20366	4916	0	1324	5590	0	2804	636	0	0	3412	0	604	0	506	0	0	0	1304	0	0	0	0	0	0	0	0	0	0	0	0	0	0	0	0	0	0	0	0	0	0	0	0	0	0	0	
389168	Putamen_R	0	3850	752	24888	0	4062	336	10172	0	0	0	5566	0	2668	0	1734	0	3624	2248	9380	1010	2826	782	3568	186	4050	358	1710	148	24526	2386	16948	0	562	486	1718	354	11274	0	6678	172	1838	0	0	0	0	0	0	0	0	0	0	0	0	0	3562	0	190	0	0	0	0	0	0	0	0	0	1156	0	0	3482	21490	1324	0	140	6586	412	4032	0	0	112	348	0	458	0	164	0	0	0	268	0	0	0	0	0	0	0	0	0	0	0	0	0	0	0	0	0	0	0	0	0	0	0	0	0	0	
42048	Pallidum_L	222	0	2880	352	0	0	0	0	0	0	0	0	0	0	0	0	0	0	5394	752	0	238	0	0	0	0	0	0	0	0	0	0	484	0	406	0	666	0	0	0	0	0	0	0	0	0	0	0	0	0	0	0	0	0	0	0	0	0	0	0	0	0	0	0	0	0	0	0	0	0	1380	256	5590	140	0	0	2264	0	0	0	0	0	0	0	0	0	0	0	0	0	0	0	0	0	0	0	0	0	0	0	0	0	0	0	0	0	0	0	0	0	0	0	0	0	0	0	
50036	Pallidum_R	0	590	0	5986	0	0	0	2386	0	0	0	162	0	0	0	0	0	142	118	2234	0	0	0	0	0	0	0	0	0	184	0	0	0	0	0	0	0	1362	0	1230	0	0	0	0	0	0	0	0	0	0	0	0	0	0	0	790	0	0	0	0	0	0	0	0	0	0	0	0	0	0	0	3114	0	6586	0	0	0	134	0	0	0	0	0	0	0	0	0	0	0	0	0	0	0	0	0	0	0	0	0	0	0	0	0	0	0	0	0	0	0	0	0	0	0	0	0	0	
261792	Thalamus_L	4092	392	22694	5020	0	0	7842	350	0	0	0	0	0	0	0	0	202	302	14150	4622	0	0	0	0	0	0	0	0	2204	662	0	0	132	0	9326	10752	9146	9034	258	2388	0	0	0	0	0	0	0	1612	0	0	0	0	0	0	172	0	1120	0	0	0	0	0	0	0	0	0	0	0	552	0	3716	540	2804	412	2264	0	0	11930	310	0	890	0	0	0	820	0	0	0	186	0	0	0	0	0	0	0	0	0	0	0	0	0	0	0	0	0	0	0	0	0	0	0	0	0	0	0	
286576	Thalamus_R	2520	1876	2054	30398	0	0	3634	2590	0	0	0	160	0	0	0	0	0	1260	1174	27550	0	0	0	122	0	0	0	0	1058	2812	0	0	0	0	7720	11028	5198	9590	0	3024	0	0	0	0	0	0	0	1526	0	0	0	0	0	0	0	210	222	148	0	0	0	0	0	0	0	0	0	1516	408	0	274	7668	636	4032	0	134	11930	0	0	0	404	0	0	0	412	0	0	0	0	0	0	0	0	0	0	0	0	0	0	0	0	0	0	0	0	0	0	0	0	0	0	0	0	0	0	0	
83444	Heschl_L	3822	0	604	0	0	0	1116	0	0	0	660	0	0	0	0	0	3264	0	292	0	0	0	0	0	0	0	0	0	6778	0	0	0	0	0	1354	558	3308	534	0	0	0	0	1062	0	386	0	0	0	268	0	3382	0	506	0	334	0	2884	0	0	0	0	0	430	0	0	0	1502	0	242	0	0	0	0	0	0	0	310	0	0	0	3958	0	0	0	3996	0	0	0	172	0	0	0	0	0	0	0	0	0	0	0	0	0	0	0	0	0	0	0	0	0	0	0	0	0	0	0	
25244	Heschl_R	0	0	0	164	0	0	0	0	0	0	0	0	0	0	0	0	0	3118	0	0	0	0	0	0	0	0	0	0	0	1904	0	0	0	0	0	0	0	382	0	142	0	0	0	140	0	0	0	0	0	0	0	0	0	0	0	504	0	404	0	0	0	0	0	800	0	0	0	0	0	0	130	0	0	0	0	0	0	0	0	0	0	3590	0	0	0	682	0	0	0	662	0	0	0	0	0	0	0	0	0	0	0	0	0	0	0	0	0	0	0	0	0	0	0	0	0	0	
277300	Temporal_Sup_L	1256	0	2984	168	256	0	974	0	0	0	430	0	0	0	178	0	5580	0	2398	160	494	426	0	0	0	0	0	0	13974	0	0	0	0	0	1208	906	5434	842	674	0	1640	0	1216	0	704	0	0	0	1090	0	7960	0	1040	0	5816	0	2378	0	462	0	1952	0	8694	0	2268	0	1892	110	780	0	694	440	3412	112	0	0	890	404	3958	0	0	0	4854	0	32544	0	1274	0	13724	0	0	0	0	0	0	0	0	0	0	0	0	0	0	0	0	0	0	0	0	0	0	0	0	0	0	0	
102132	Temporal_Sup_R	0	126	0	206	0	0	0	0	0	0	0	0	0	0	0	0	0	2298	0	360	0	0	0	0	0	0	0	0	0	2432	0	0	0	0	0	0	0	326	0	124	0	0	0	354	0	1494	0	0	0	6286	0	1220	0	130	0	550	0	466	0	214	0	1656	0	5206	0	3514	0	2084	0	504	0	0	0	348	0	0	0	0	0	3590	0	0	0	1400	0	10894	0	1022	0	4262	0	0	0	0	0	0	0	0	0	0	0	0	0	0	0	0	0	0	0	0	0	0	0	0	0	0	
118652	Temporal_Pole_Sup_L	0	0	1690	0	844	0	618	0	502	0	2024	0	964	0	3248	0	1370	0	228	0	484	0	144	0	0	0	0	0	6632	0	166	0	0	0	0	0	1204	0	1038	0	768	0	0	0	0	0	0	0	0	0	0	0	0	0	2854	0	0	0	0	0	0	0	0	0	0	0	0	0	0	0	188	0	604	0	0	0	0	0	0	0	4854	0	0	0	12592	0	7564	0	8746	0	0	0	0	0	0	0	0	0	0	0	0	0	0	0	0	0	0	0	0	0	0	0	0	0	0	0	
39708	Temporal_Pole_Sup_R	0	0	0	0	0	0	0	0	0	0	0	0	0	0	0	628	0	676	0	0	0	136	0	0	0	0	0	0	0	842	0	0	0	0	0	0	0	966	0	1742	0	1728	0	0	0	0	0	0	0	0	0	0	0	0	0	3440	0	0	0	0	0	0	0	0	0	0	0	0	0	0	114	0	0	458	0	0	0	0	0	0	0	1400	0	0	0	2258	0	4198	0	1268	0	0	0	0	0	0	0	0	0	0	0	0	0	0	0	0	0	0	0	0	0	0	0	0	0	0	
429828	Temporal_Mid_L	2434	0	300	0	0	0	118	0	0	0	0	0	0	0	0	0	4050	0	384	0	0	0	0	0	0	0	0	0	2832	0	0	0	172	0	1788	876	3014	814	112	0	140	0	4330	0	1744	0	0	0	3044	0	34550	0	3176	0	4524	0	1500	0	1354	0	8522	0	12656	0	14128	0	6694	0	2764	0	0	0	506	0	0	0	820	412	3996	0	32544	0	12592	0	0	0	7072	0	40644	0	308	0	0	0	0	0	0	0	0	0	0	0	0	0	0	0	0	0	0	0	0	0	0	0	0	0	
204964	Temporal_Mid_R	0	570	0	0	0	0	0	0	0	0	0	0	0	0	0	0	0	176	0	1600	0	0	0	0	0	0	0	0	0	1052	0	0	0	948	0	162	0	1290	0	976	0	0	0	6480	0	2982	0	782	0	5874	0	12720	0	1924	0	4676	0	0	0	0	0	1968	0	4888	0	5582	216	3938	0	2148	0	0	0	164	0	0	0	0	0	682	0	10894	0	2258	0	0	0	2456	0	25076	0	0	0	0	0	0	0	0	0	0	0	0	0	0	0	0	0	0	0	0	0	0	0	0	0	0	
45908	Temporal_Pole_Mid_L	0	0	0	0	0	0	0	0	0	0	0	0	0	0	0	0	0	0	0	0	0	0	0	0	0	0	0	0	114	0	0	0	0	0	0	0	210	0	884	0	214	0	0	0	0	0	0	0	0	0	0	0	0	0	1744	0	0	0	0	0	0	0	0	0	0	0	0	0	0	0	0	0	0	0	0	0	0	0	0	0	1274	0	7564	0	7072	0	0	0	3878	0	0	0	0	0	0	0	0	0	0	0	0	0	0	0	0	0	0	0	0	0	0	0	0	0	0	0	
26212	Temporal_Pole_Mid_R	0	0	0	0	0	0	0	0	0	0	0	0	0	0	0	0	0	0	0	0	0	0	0	0	0	0	0	0	0	184	0	0	0	0	0	0	0	154	0	1184	0	328	0	0	0	0	0	0	0	0	0	0	0	0	0	1706	0	0	0	0	0	0	0	0	0	0	0	0	0	0	0	0	0	0	0	0	0	0	0	0	0	1022	0	4198	0	2456	0	0	0	1874	0	0	0	0	0	0	0	0	0	0	0	0	0	0	0	0	0	0	0	0	0	0	0	0	0	0	
268600	Temporal_Inf_L	548	0	1118	0	0	0	512	0	0	0	1020	0	0	0	0	0	1670	0	844	0	0	0	0	0	0	0	0	0	5094	0	0	0	0	0	116	112	8900	110	960	0	1140	0	0	0	0	0	0	0	0	0	4990	0	3342	0	17434	0	412	0	138	0	4300	0	4684	0	4176	0	280	0	450	0	0	0	1304	0	0	0	186	0	172	0	13724	0	8746	0	40644	0	3878	0	0	0	2330	0	0	0	0	0	0	0	966	0	0	0	0	0	0	0	0	0	0	0	0	0	0	0	0	0	
218996	Temporal_Inf_R	0	748	0	274	0	0	0	0	0	0	0	0	0	0	0	142	0	414	0	656	0	0	0	0	0	0	0	0	0	716	0	0	0	114	0	352	0	5110	0	2874	0	1132	0	3808	0	3892	0	854	0	10190	0	7036	0	3492	0	14140	0	2600	0	318	0	1600	0	2348	0	2686	0	7950	0	1850	0	0	0	268	0	0	0	0	0	662	0	4262	0	1268	0	25076	0	1874	0	0	0	792	0	0	0	0	0	0	0	0	0	0	0	0	0	0	0	0	0	0	0	0	0	0	0	0	
432536	Cerebelum_Crus1_L	0	0	0	0	0	0	0	0	0	0	0	0	0	0	0	0	0	0	0	0	0	0	0	0	0	0	0	0	0	0	0	0	0	0	0	0	190	0	0	0	0	0	0	0	0	0	3828	2626	0	0	2792	0	2872	0	15150	598	0	0	0	0	0	0	0	0	0	0	294	0	0	0	0	0	0	0	0	0	0	0	0	0	0	0	0	0	308	0	0	0	2330	0	0	5158	27682	1030	456	416	20326	926	55376	6476	7750	0	15468	2548	4248	3040	760	420	194	842	8162	13078	5818	1308	3336	462	
357280	Cerebelum_Crus1_R	0	0	0	0	0	0	0	0	0	0	0	0	0	0	0	0	0	0	0	0	0	0	0	0	0	0	0	0	0	0	0	0	0	0	0	0	0	0	0	0	0	0	0	0	0	0	122	2348	0	0	0	0	0	0	0	5584	0	0	0	0	0	0	0	0	0	0	0	0	0	0	0	0	0	0	0	0	0	0	0	0	0	0	0	0	0	0	0	0	0	792	5158	0	2346	22932	0	998	802	15078	4642	49938	174	3756	1122	21856	814	6448	0	968	0	408	6902	10010	10382	2590	2314	156	
302864	Cerebelum_Crus2_L	0	0	0	0	0	0	0	0	0	0	0	0	0	0	0	0	0	0	0	0	0	0	0	0	0	0	0	0	0	0	0	0	0	0	0	0	0	0	0	0	0	0	0	0	0	0	150	310	0	0	0	0	0	0	434	0	0	0	0	0	0	0	0	0	0	0	0	0	0	0	0	0	0	0	0	0	0	0	0	0	0	0	0	0	0	0	0	0	0	0	27682	2346	0	6108	0	0	656	0	8696	1550	37288	2908	33352	5942	7020	1190	242	114	0	0	460	2690	6674	4278	1342	0	
225028	Cerebelum_Crus2_R	0	0	0	0	0	0	0	0	0	0	0	0	0	0	0	0	0	0	0	0	0	0	0	0	0	0	0	0	0	0	0	0	0	0	0	0	0	0	0	0	0	0	0	0	0	0	0	0	0	0	0	0	0	0	0	0	0	0	0	0	0	0	0	0	0	0	0	0	0	0	0	0	0	0	0	0	0	0	0	0	0	0	0	0	0	0	0	0	0	0	1030	22932	6108	0	0	0	0	498	0	3798	3404	23578	3192	31692	370	6186	0	190	0	0	134	288	5084	3176	854	0	
30336	Cerebelum_3_L	0	0	0	0	0	0	0	0	0	0	0	0	0	0	0	0	0	0	0	0	0	0	0	0	0	0	0	0	0	0	0	0	0	0	0	0	0	0	0	0	0	0	0	0	0	0	0	0	0	0	0	0	0	0	134	0	0	0	0	0	0	0	0	0	0	0	0	0	0	0	0	0	0	0	0	0	0	0	0	0	0	0	0	0	0	0	0	0	0	0	456	0	0	0	0	0	5968	0	908	0	0	0	126	0	412	0	178	0	1572	3518	1732	164	0	0	0	0	
34320	Cerebelum_3_R	0	0	0	0	0	0	0	0	0	0	0	0	0	0	0	0	0	0	0	0	0	0	0	0	0	0	0	0	0	0	0	0	0	0	0	0	0	0	0	144	0	0	0	0	0	0	0	110	0	0	0	0	0	0	220	170	0	0	0	0	0	0	0	0	0	0	0	0	0	0	0	0	0	0	0	0	0	0	0	0	0	0	0	0	0	0	0	0	0	0	416	998	0	0	0	0	892	3742	598	3684	0	0	0	0	0	814	0	0	270	2634	1584	504	0	0	380	0	
256152	Cerebelum_4_5_L	0	0	0	0	0	0	0	0	0	0	0	0	0	0	0	0	0	0	0	0	0	0	0	0	0	0	0	0	0	0	0	0	0	0	0	0	0	0	0	0	0	0	0	0	0	0	5870	1006	0	0	0	0	0	0	9042	234	0	0	0	0	0	0	0	0	0	0	0	0	0	0	0	0	0	0	0	0	0	0	0	0	0	0	0	0	0	0	0	0	0	0	20326	802	656	0	5968	892	0	2486	31594	2926	582	0	1114	240	3236	2792	1212	348	1974	4402	20184	5674	176	420	2492	1428	
171616	Cerebelum_4_5_R	0	0	0	0	0	0	0	0	0	0	0	0	0	0	0	0	0	0	0	0	0	0	0	0	0	0	0	0	0	0	0	0	0	0	0	0	0	710	0	1742	0	0	0	0	0	0	424	6122	0	0	0	0	0	0	354	4766	0	0	0	0	0	0	0	0	0	0	0	0	0	0	0	0	0	0	0	0	0	0	0	0	0	0	0	0	0	0	0	0	0	0	926	15078	0	498	0	3742	2486	0	2104	25910	0	142	0	486	0	696	0	0	0	1668	14554	2028	336	384	496	156	
434040	Cerebelum_6_L	0	0	120	0	0	0	0	0	0	0	208	0	0	0	0	0	240	0	0	0	0	0	0	0	0	0	0	0	270	0	0	0	0	0	0	0	436	0	0	0	0	0	0	0	0	0	6952	4474	0	0	0	0	0	0	15178	734	0	0	0	0	0	0	0	0	0	0	0	0	0	0	0	0	0	0	0	0	0	0	0	0	0	0	0	0	0	0	0	0	966	0	55376	4642	8696	0	908	598	31594	2104	0	8124	4196	0	6750	1758	4238	5188	1930	698	418	1486	16886	18950	4258	1906	5806	932	
363412	Cerebelum_6_R	0	0	0	0	0	0	0	0	0	0	0	0	0	0	0	0	0	0	0	0	0	0	0	0	0	0	0	0	0	0	0	0	0	0	0	0	0	226	0	290	0	0	0	0	0	0	646	6202	0	0	0	0	0	0	620	7528	0	0	0	0	0	0	0	0	0	0	0	0	0	0	0	0	0	0	0	0	0	0	0	0	0	0	0	0	0	0	0	0	0	0	6476	49938	1550	3798	0	3684	2926	25910	8124	0	202	882	942	7346	664	4674	0	1144	148	1542	14170	15062	9610	3604	3562	236	
225344	Cerebelum_7b_L	0	0	0	0	0	0	0	0	0	0	0	0	0	0	0	0	0	0	0	0	0	0	0	0	0	0	0	0	0	0	0	0	0	0	0	0	0	0	0	0	0	0	0	0	0	0	0	0	0	0	0	0	0	0	0	0	0	0	0	0	0	0	0	0	0	0	0	0	0	0	0	0	0	0	0	0	0	0	0	0	0	0	0	0	0	0	0	0	0	0	7750	174	37288	3404	0	0	582	0	4196	202	0	2074	33950	4306	7826	416	130	0	0	0	564	832	3750	4476	752	0	
133424	Cerebelum_7b_R	0	0	0	0	0	0	0	0	0	0	0	0	0	0	0	0	0	0	0	0	0	0	0	0	0	0	0	0	0	0	0	0	0	0	0	0	0	0	0	0	0	0	0	0	0	0	0	0	0	0	0	0	0	0	0	0	0	0	0	0	0	0	0	0	0	0	0	0	0	0	0	0	0	0	0	0	0	0	0	0	0	0	0	0	0	0	0	0	0	0	0	3756	2908	23578	0	0	0	142	0	882	2074	0	1740	22590	0	4736	0	0	0	0	0	0	1634	2462	210	0	
298720	Cerebelum_8_L	0	0	0	0	0	0	0	0	0	0	0	0	0	0	0	0	0	0	0	0	0	0	0	0	0	0	0	0	0	0	0	0	0	0	0	0	0	0	0	0	0	0	0	0	0	0	0	0	0	0	0	0	0	0	0	0	0	0	0	0	0	0	0	0	0	0	0	0	0	0	0	0	0	0	0	0	0	0	0	0	0	0	0	0	0	0	0	0	0	0	15468	1122	33352	3192	126	0	1114	0	6750	942	33950	1740	0	5784	22156	3030	1498	0	0	0	864	2140	4928	7520	3684	0	
286944	Cerebelum_8_R	0	0	0	0	0	0	0	0	0	0	0	0	0	0	0	0	0	0	0	0	0	0	0	0	0	0	0	0	0	0	0	0	0	0	0	0	0	0	0	0	0	0	0	0	0	0	110	560	0	0	0	0	0	0	0	158	0	0	0	0	0	0	0	0	0	0	0	0	0	0	0	0	0	0	0	0	0	0	0	0	0	0	0	0	0	0	0	0	0	0	2548	21856	5942	31692	0	0	240	486	1758	7346	4306	22590	5784	0	960	16708	0	542	0	0	452	3024	8138	5938	2196	138	
149512	Cerebelum_9_L	0	0	0	0	0	0	0	0	0	0	0	0	0	0	0	0	0	0	0	0	0	0	0	0	0	0	0	0	0	0	0	0	0	0	0	0	0	0	0	0	0	0	0	0	0	0	0	0	0	0	0	0	0	0	278	0	0	0	0	0	0	0	0	0	0	0	0	0	0	0	0	0	0	0	0	0	0	0	0	0	0	0	0	0	0	0	0	0	0	0	4248	814	7020	370	412	0	3236	0	4238	664	7826	0	22156	960	0	3596	3378	322	180	372	2570	3566	2124	2344	3452	630	
202452	Cerebelum_9_R	0	0	0	0	0	0	0	0	0	0	0	0	0	0	0	0	0	0	0	0	0	0	0	0	0	0	0	0	0	0	0	0	0	0	0	0	0	0	0	0	0	0	0	0	0	0	246	434	0	0	0	0	0	0	844	342	0	0	0	0	0	0	0	0	0	0	0	0	0	0	0	0	0	0	0	0	0	0	0	0	0	0	0	0	0	0	0	0	0	0	3040	6448	1190	6186	0	814	2792	696	5188	4674	416	4736	3030	16708	3596	0	528	1382	0	838	3638	8496	4782	7196	11644	1342	
25116	Cerebelum_10_L	0	0	0	0	0	0	0	0	0	0	0	0	0	0	0	0	0	0	0	0	0	0	0	0	0	0	0	0	0	0	0	0	0	0	0	0	0	0	0	0	0	0	0	0	0	0	0	0	0	0	0	0	0	0	0	0	0	0	0	0	0	0	0	0	0	0	0	0	0	0	0	0	0	0	0	0	0	0	0	0	0	0	0	0	0	0	0	0	0	0	760	0	242	0	178	0	1212	0	1930	0	130	0	1498	0	3378	528	0	0	0	124	972	916	0	156	534	0	
18808	Cerebelum_10_R	0	0	0	0	0	0	0	0	0	0	0	0	0	0	0	0	0	0	0	0	0	0	0	0	0	0	0	0	0	0	0	0	0	0	0	0	0	0	0	0	0	0	0	0	0	0	0	0	0	0	0	0	0	0	0	0	0	0	0	0	0	0	0	0	0	0	0	0	0	0	0	0	0	0	0	0	0	0	0	0	0	0	0	0	0	0	0	0	0	0	420	968	114	190	0	0	348	0	698	1144	0	0	0	542	322	1382	0	0	0	0	392	1010	254	514	958	148	
21052	Vermis_1_2	0	0	0	0	0	0	0	0	0	0	0	0	0	0	0	0	0	0	0	0	0	0	0	0	0	0	0	0	0	0	0	0	0	0	0	0	0	0	0	0	0	0	0	0	0	0	0	0	0	0	0	0	0	0	0	0	0	0	0	0	0	0	0	0	0	0	0	0	0	0	0	0	0	0	0	0	0	0	0	0	0	0	0	0	0	0	0	0	0	0	194	0	0	0	1572	270	1974	0	418	148	0	0	0	0	180	0	0	0	0	3956	1674	140	0	0	0	0	
55420	Vermis_3	0	0	0	0	0	0	0	0	0	0	0	0	0	0	0	0	0	0	0	0	0	0	0	0	0	0	0	0	0	0	0	0	0	0	0	0	0	0	210	0	0	0	0	0	0	0	136	130	0	0	0	0	0	0	210	0	0	0	0	0	0	0	0	0	0	0	0	0	0	0	0	0	0	0	0	0	0	0	0	0	0	0	0	0	0	0	0	0	0	0	842	408	0	0	3518	2634	4402	1668	1486	1542	0	0	0	0	372	838	124	0	3956	0	4122	646	0	0	314	152	
271384	Vermis_4_5	0	0	0	0	0	0	0	0	0	0	0	0	0	0	0	0	0	0	0	358	0	0	0	0	0	0	0	0	0	0	0	0	0	330	0	594	0	472	0	420	0	0	0	216	0	0	3696	5302	0	0	0	0	0	0	4302	2246	0	0	0	0	0	0	0	0	0	0	0	1266	0	346	0	0	0	0	0	0	0	0	0	0	0	0	0	0	0	0	0	0	0	0	8162	6902	460	134	1732	1584	20184	14554	16886	14170	564	0	864	452	2570	3638	972	392	1674	4122	0	8914	766	1152	3354	1942	
271264	Vermis_6	0	0	0	0	0	0	0	0	0	0	0	0	0	0	0	0	0	0	0	0	0	0	0	0	0	0	0	0	0	0	0	0	0	0	0	0	0	0	0	0	0	0	0	0	0	0	1904	6076	0	0	0	0	0	0	2420	1688	0	0	0	0	0	0	0	0	0	0	0	0	0	0	0	0	0	0	0	0	0	0	0	0	0	0	0	0	0	0	0	0	0	0	13078	10010	2690	288	164	504	5674	2028	18950	15062	832	0	2140	3024	3566	8496	916	1010	140	646	8914	0	10344	4330	8834	1904	
186096	Vermis_7	0	0	0	0	0	0	0	0	0	0	0	0	0	0	0	0	0	0	0	0	0	0	0	0	0	0	0	0	0	0	0	0	0	0	0	0	0	0	0	0	0	0	0	0	0	0	160	1434	0	0	0	0	0	0	0	888	0	0	0	0	0	0	0	0	0	0	0	0	0	0	0	0	0	0	0	0	0	0	0	0	0	0	0	0	0	0	0	0	0	0	5818	10382	6674	5084	0	0	176	336	4258	9610	3750	1634	4928	8138	2124	4782	0	254	0	0	766	10344	0	6634	4874	0	
138708	Vermis_8	0	0	0	0	0	0	0	0	0	0	0	0	0	0	0	0	0	0	0	0	0	0	0	0	0	0	0	0	0	0	0	0	0	0	0	0	0	0	0	0	0	0	0	0	0	0	120	444	0	0	0	0	0	0	0	336	0	0	0	0	0	0	0	0	0	0	0	0	0	0	0	0	0	0	0	0	0	0	0	0	0	0	0	0	0	0	0	0	0	0	1308	2590	4278	3176	0	0	420	384	1906	3604	4476	2462	7520	5938	2344	7196	156	514	0	0	1152	4330	6634	0	8066	0	
144300	Vermis_9	0	0	0	0	0	0	0	0	0	0	0	0	0	0	0	0	0	0	0	0	0	0	0	0	0	0	0	0	0	0	0	0	0	0	0	0	0	0	0	0	0	0	0	0	0	0	302	430	0	0	0	0	0	0	846	346	0	0	0	0	0	0	0	0	0	0	0	0	0	0	0	0	0	0	0	0	0	0	0	0	0	0	0	0	0	0	0	0	0	0	3336	2314	1342	854	0	380	2492	496	5806	3562	752	210	3684	2196	3452	11644	534	958	0	314	3354	8834	4874	8066	0	772	
22104	Vermis_10	0	0	0	0	0	0	0	0	0	0	0	0	0	0	0	0	0	0	0	0	0	0	0	0	0	0	0	0	0	0	0	0	0	0	0	0	0	0	0	0	0	0	0	0	0	0	194	0	0	0	0	0	0	0	460	0	0	0	0	0	0	0	0	0	0	0	0	0	0	0	0	0	0	0	0	0	0	0	0	0	0	0	0	0	0	0	0	0	0	0	462	156	0	0	0	0	1428	156	932	236	0	0	0	138	630	1342	0	148	0	152	1942	1904	0	0	772	0	
