data	data	385716	258568	1.09452e+06	931000	142352	116600	626600	226528	102108	37100	236268	215804	342164	193820	182496	124112	195648	135584	908040	1.10549e+06	70060	88536	513068	566872	28916	90808	65284	47716	602416	413384	495320	706812	211724	671436	134168	164568	268692	388672	97552	252612	41544	71476	270276	442200	219088	375196	265624	457996	250796	346408	449444	298600	125364	120700	423680	647560	279228	286084	248856	166412	229996	141272	89280	122012	113832	189984	352872	537852	316996	374316	307996	432612	267236	454032	61684	36112	148572	110924	55544	39328	234504	135976	117732	90016	322932	291476	17492	19712	323424	289732	399584	294292	335056	245376	39536	41748	236980	150520	352368	300692	226860	145124	330384	286472	80836	117980	13564	3592	15772	47368	163748	126712	255376	131800	93428	24232	
data	data	Precentral_L	Precentral_R	Frontal_Sup_L	Frontal_Sup_R	Frontal_Sup_Orb_L	Frontal_Sup_Orb_R	Frontal_Mid_L	Frontal_Mid_R	Frontal_Mid_Orb_L	Frontal_Mid_Orb_R	Frontal_Inf_Oper_L	Frontal_Inf_Oper_R	Frontal_Inf_Tri_L	Frontal_Inf_Tri_R	Frontal_Inf_Orb_L	Frontal_Inf_Orb_R	Rolandic_Oper_L	Rolandic_Oper_R	Supp_Motor_Area_L	Supp_Motor_Area_R	Olfactory_L	Olfactory_R	Frontal_Sup_Medial_L	Frontal_Sup_Medial_R	Frontal_Med_Orb_L	Frontal_Med_Orb_R	Rectus_L	Rectus_R	Insula_L	Insula_R	Cingulum_Ant_L	Cingulum_Ant_R	Cingulum_Mid_L	Cingulum_Mid_R	Cingulum_Post_L	Cingulum_Post_R	Hippocampus_L	Hippocampus_R	ParaHippocampal_L	ParaHippocampal_R	Amygdala_L	Amygdala_R	Calcarine_L	Calcarine_R	Cuneus_L	Cuneus_R	Lingual_L	Lingual_R	Occipital_Sup_L	Occipital_Sup_R	Occipital_Mid_L	Occipital_Mid_R	Occipital_Inf_L	Occipital_Inf_R	Fusiform_L	Fusiform_R	Postcentral_L	Postcentral_R	Parietal_Sup_L	Parietal_Sup_R	Parietal_Inf_L	Parietal_Inf_R	SupraMarginal_L	SupraMarginal_R	Angular_L	Angular_R	Precuneus_L	Precuneus_R	Paracentral_Lobule_L	Paracentral_Lobule_R	Caudate_L	Caudate_R	Putamen_L	Putamen_R	Pallidum_L	Pallidum_R	Thalamus_L	Thalamus_R	Heschl_L	Heschl_R	Temporal_Sup_L	Temporal_Sup_R	Temporal_Pole_Sup_L	Temporal_Pole_Sup_R	Temporal_Mid_L	Temporal_Mid_R	Temporal_Pole_Mid_L	Temporal_Pole_Mid_R	Temporal_Inf_L	Temporal_Inf_R	Cerebelum_Crus1_L	Cerebelum_Crus1_R	Cerebelum_Crus2_L	Cerebelum_Crus2_R	Cerebelum_3_L	Cerebelum_3_R	Cerebelum_4_5_L	Cerebelum_4_5_R	Cerebelum_6_L	Cerebelum_6_R	Cerebelum_7b_L	Cerebelum_7b_R	Cerebelum_8_L	Cerebelum_8_R	Cerebelum_9_L	Cerebelum_9_R	Cerebelum_10_L	Cerebelum_10_R	Vermis_1_2	Vermis_3	Vermis_4_5	Vermis_6	Vermis_7	Vermis_8	Vermis_9	Vermis_10	
385716	Precentral_L	0	940	14896	334	0	0	17174	0	0	0	8222	0	2796	0	110	0	7646	0	5720	5648	0	0	118	164	0	0	0	0	8830	0	2288	194	0	3410	1234	844	7826	928	1078	0	0	0	0	0	0	0	276	0	0	0	112	0	204	0	1716	0	21346	124	0	0	0	0	0	0	0	0	226	0	22862	5118	7020	312	5228	0	4316	0	24212	1424	2948	0	3530	0	0	0	238	0	0	0	1246	0	0	0	0	0	0	0	0	0	0	0	0	0	0	0	0	0	0	0	0	0	0	0	0	0	0	0	
258568	Precentral_R	940	0	2096	8944	0	0	0	13364	0	0	0	15052	0	1588	0	0	0	5190	2904	9026	0	0	0	0	0	0	0	0	282	6654	0	0	252	1628	556	564	726	7424	182	1582	0	0	0	1658	0	664	0	1390	0	134	0	782	0	150	0	3962	0	11736	0	0	0	370	0	894	0	0	0	1972	618	6582	556	2454	166	4968	0	244	612	5328	146	242	0	426	0	0	0	1360	0	0	0	2916	0	0	0	0	0	0	0	0	0	0	0	0	0	0	0	0	0	0	0	0	0	0	0	0	0	0	
1.09452e+06	Frontal_Sup_L	14896	2096	0	14824	5846	574	92898	460	3558	0	16474	692	25702	402	8192	200	5772	0	85726	28552	306	0	51448	14278	456	0	348	0	35672	576	26504	16218	7672	16266	210	0	3712	128	150	0	272	0	0	0	0	0	0	0	0	0	0	120	0	0	1112	0	988	196	0	0	0	0	0	160	0	0	0	0	7256	1888	16480	3074	16940	498	4616	0	4722	0	154	0	2838	0	3876	0	154	178	0	0	798	130	0	0	0	0	0	0	0	0	0	0	0	0	0	0	0	0	0	0	0	0	0	0	0	0	0	0	
931000	Frontal_Sup_R	334	8944	14824	0	136	6684	5220	30796	0	1136	826	10042	1550	18310	110	7078	214	2970	23338	74190	196	320	15524	67070	140	4536	0	1662	2716	15482	13790	56170	1986	22276	248	228	332	2426	0	562	0	0	0	0	0	0	0	0	0	0	0	440	0	0	0	866	0	260	0	0	0	0	0	0	0	0	0	0	0	1466	7524	26604	724	9714	0	1128	168	2012	0	136	0	144	266	260	0	662	0	0	0	760	0	0	0	0	0	0	0	0	0	0	0	0	0	0	0	0	0	0	0	0	0	0	0	0	0	0	
142352	Frontal_Sup_Orb_L	0	0	5846	136	0	0	800	0	13394	0	0	0	1640	0	11788	0	0	0	122	0	2106	514	3416	414	3426	0	5960	0	7474	0	5804	668	0	0	0	0	0	0	130	0	442	0	0	0	0	0	0	0	0	0	0	0	0	0	0	0	0	0	0	0	0	0	0	0	0	0	0	0	0	0	942	582	3450	354	0	0	0	0	0	0	0	0	1768	0	0	0	0	0	0	0	0	0	0	0	0	0	0	0	0	0	0	0	0	0	0	0	0	0	0	0	0	0	0	0	0	0	
116600	Frontal_Sup_Orb_R	0	0	574	6684	0	0	0	2164	0	7156	0	0	0	786	0	4968	0	0	1396	1620	244	946	272	5448	156	6042	0	6358	0	896	696	3840	0	0	0	0	0	0	0	0	0	0	0	0	0	0	0	0	0	0	0	0	0	0	0	0	0	0	0	0	0	0	0	0	0	0	0	0	0	0	524	4150	0	3010	0	0	0	0	0	0	0	0	0	370	0	0	0	0	0	0	0	0	0	0	0	0	0	0	0	0	0	0	0	0	0	0	0	0	0	0	0	0	0	0	0	0	
626600	Frontal_Mid_L	17174	0	92898	5220	800	0	0	146	3632	0	16330	0	34446	156	11186	138	1436	0	24614	6922	0	0	30506	6022	0	0	0	0	16114	120	11806	6414	5410	5404	170	134	2124	122	0	0	0	0	0	0	0	0	0	0	0	0	0	0	0	0	166	0	1390	0	0	0	0	0	0	0	0	0	102	0	434	0	2296	190	4842	0	1324	0	1842	0	258	0	528	0	360	0	0	0	0	0	124	0	0	0	0	0	0	0	0	0	0	0	0	0	0	0	0	0	0	0	0	0	0	0	0	0	0	0	
226528	Frontal_Mid_R	0	13364	460	30796	0	2164	146	0	0	1826	0	5206	0	18278	0	4122	0	212	2512	7708	0	0	148	6638	0	0	0	0	168	10434	210	1070	0	788	0	0	0	922	0	360	0	0	0	0	0	0	0	0	0	0	0	0	0	0	0	636	0	220	0	0	0	0	0	100	0	0	0	0	0	0	724	882	0	2044	0	0	0	670	0	0	0	0	0	0	0	124	0	0	0	332	0	0	0	0	0	0	0	0	0	0	0	0	0	0	0	0	0	0	0	0	0	0	0	0	0	0	
102108	Frontal_Mid_Orb_L	0	0	3558	0	13394	0	3632	0	0	0	0	0	3918	0	15730	0	0	0	244	0	462	0	0	0	168	0	2204	0	4756	0	658	0	0	0	0	0	0	0	0	0	154	0	0	0	0	0	0	0	0	0	0	0	0	0	0	0	0	0	0	0	0	0	0	0	0	0	0	0	0	0	122	0	932	0	0	0	0	0	0	0	0	0	1122	0	0	0	0	0	0	0	0	0	0	0	0	0	0	0	0	0	0	0	0	0	0	0	0	0	0	0	0	0	0	0	0	0	
37100	Frontal_Mid_Orb_R	0	0	0	1136	0	7156	0	1826	0	0	0	0	0	906	0	5296	0	0	454	596	0	0	0	126	0	154	0	376	0	406	0	0	0	118	0	0	0	0	0	0	0	0	0	0	0	0	0	0	0	0	0	0	0	0	0	0	0	0	0	0	0	0	0	0	0	0	0	0	0	0	0	0	0	0	0	0	0	0	0	0	0	0	0	0	0	0	0	0	0	0	0	0	0	0	0	0	0	0	0	0	0	0	0	0	0	0	0	0	0	0	0	0	0	0	0	0	
236268	Frontal_Inf_Oper_L	8222	0	16474	826	0	0	16330	0	0	0	0	0	21872	0	604	0	8188	0	8746	1164	0	0	890	0	0	0	0	0	15720	0	4070	158	0	0	0	0	448	0	0	0	0	0	0	0	0	0	0	0	0	0	0	0	0	0	94	0	1150	0	0	0	0	0	0	0	0	0	0	0	0	0	1858	98	1900	0	160	0	0	0	486	0	3354	0	5322	0	0	0	0	0	0	0	0	0	0	0	0	0	0	0	0	0	0	0	0	0	0	0	0	0	0	0	0	0	0	0	0	0	
215804	Frontal_Inf_Oper_R	0	15052	692	10042	0	0	0	5206	0	0	0	0	0	8158	0	240	0	9424	4266	17606	0	0	162	0	0	0	0	0	208	15494	230	102	0	0	0	0	0	1754	0	1016	0	0	0	182	0	94	0	0	0	98	0	736	0	0	0	1932	0	1040	0	0	0	0	0	0	0	0	0	154	0	0	1424	330	0	6924	0	0	192	0	0	356	0	692	0	2254	0	952	0	0	0	890	0	0	0	0	0	0	0	0	0	0	0	0	0	0	0	0	0	0	0	0	0	0	0	0	0	0	
342164	Frontal_Inf_Tri_L	2796	0	25702	1550	1640	0	34446	0	3918	0	21872	0	0	0	16060	0	1884	0	12668	3320	0	0	5510	638	0	0	0	0	25224	0	4514	2304	170	2260	0	0	0	0	0	0	0	0	0	0	0	0	0	0	0	0	0	0	0	0	0	0	0	0	0	0	0	0	0	0	0	0	0	0	0	0	1044	112	1024	0	0	0	0	0	0	0	894	0	1532	0	0	0	0	0	0	0	0	0	0	0	0	0	0	0	0	0	0	0	0	0	0	0	0	0	0	0	0	0	0	0	0	0	
193820	Frontal_Inf_Tri_R	0	1588	402	18310	0	786	156	18278	0	906	0	8158	0	0	0	4568	0	0	2026	8286	0	0	128	2636	0	0	0	0	0	23254	434	2984	0	118	0	0	0	0	0	0	0	0	0	0	0	0	0	0	0	0	0	0	0	0	0	0	0	0	0	0	0	0	0	0	0	0	0	0	0	0	650	1664	0	1578	0	0	0	0	0	0	0	0	0	0	0	0	0	0	0	0	0	0	0	0	0	0	0	0	0	0	0	0	0	0	0	0	0	0	0	0	0	0	0	0	0	0	
182496	Frontal_Inf_Orb_L	110	0	8192	110	11788	0	11186	0	15730	0	604	0	16060	0	0	0	0	0	1578	158	1676	230	708	0	0	0	712	0	16624	0	312	100	276	0	0	0	0	0	254	0	254	0	0	0	0	0	0	0	0	0	0	0	0	0	0	0	0	0	0	0	0	0	0	0	0	0	0	0	0	0	438	200	1122	94	0	0	0	0	0	0	0	0	2732	0	0	0	0	0	0	0	0	0	0	0	0	0	0	0	0	0	0	0	0	0	0	0	0	0	0	0	0	0	0	0	0	0	
124112	Frontal_Inf_Orb_R	0	0	200	7078	0	4968	138	4122	0	5296	0	240	0	4568	0	0	0	0	3646	8294	0	1164	0	2044	0	0	0	1096	0	9386	98	900	0	614	0	0	0	202	0	208	0	166	0	0	0	0	0	0	0	0	0	0	0	0	0	176	0	0	0	0	0	0	0	0	0	0	0	0	0	0	162	1072	0	4014	0	0	0	0	0	0	0	0	0	2024	0	180	0	0	0	0	0	0	0	0	0	0	0	0	0	0	0	0	0	0	0	0	0	0	0	0	0	0	0	0	0	0	
195648	Rolandic_Oper_L	7646	0	5772	214	0	0	1436	0	0	0	8188	0	1884	0	0	0	0	0	3666	378	0	0	428	0	0	0	0	0	18298	0	0	0	0	0	318	0	468	0	0	0	0	0	160	0	108	0	0	0	0	0	1490	0	196	0	932	0	9536	0	686	0	918	0	2370	0	438	0	526	0	238	0	322	0	1306	0	742	0	0	0	3914	0	16210	0	2770	0	2872	0	0	0	3394	0	0	0	0	0	0	0	0	0	0	0	0	0	0	0	0	0	0	0	0	0	0	0	0	0	0	0	
135584	Rolandic_Oper_R	0	5190	0	2970	0	0	0	212	0	0	0	9424	0	0	0	0	0	0	1172	6278	0	0	0	0	0	0	0	0	0	11328	0	0	0	0	0	0	0	1796	0	1654	0	0	0	0	0	0	0	0	0	0	0	0	0	0	0	2238	0	5774	0	0	0	0	0	2118	0	104	0	0	0	0	0	996	0	3216	0	782	0	0	0	2830	0	4838	0	2426	0	618	0	0	0	1828	0	0	0	0	0	0	0	0	0	0	0	0	0	0	0	0	0	0	0	0	0	0	0	0	0	0	
908040	Supp_Motor_Area_L	5720	2904	85726	23338	122	1396	24614	2512	244	454	8746	4266	12668	2026	1578	3646	3666	1172	0	72614	0	182	12578	11984	0	238	0	118	15122	7402	16238	19950	12104	37942	844	516	238	2132	0	1394	0	192	0	118	586	0	0	0	120	0	0	142	0	0	0	2032	0	164	0	0	0	0	0	0	0	0	486	368	7390	5454	11052	6488	4640	10742	0	852	698	0	0	0	1450	192	2448	970	0	318	0	0	0	724	0	0	0	0	0	0	0	0	0	0	0	0	0	0	0	0	0	0	0	0	0	0	0	0	0	0	
1.10549e+06	Supp_Motor_Area_R	5648	9026	28552	74190	0	1620	6922	7708	0	596	1164	17606	3320	8286	158	8294	378	6278	72614	0	0	480	6600	20680	0	438	0	406	3514	20998	9970	36544	9456	58992	458	1080	94	5628	0	3414	0	362	0	846	0	300	0	626	0	98	0	566	0	0	0	5284	0	526	0	0	0	0	0	132	0	0	330	1870	16016	28902	5562	21394	654	24530	0	2280	548	4290	0	332	102	586	344	2708	0	952	0	0	0	1494	0	0	0	0	0	0	0	0	0	0	0	0	0	0	0	0	0	0	0	0	0	0	0	0	0	0	
70060	Olfactory_L	0	0	306	196	2106	244	0	0	462	0	0	0	0	0	1676	0	0	0	0	0	0	4512	0	0	178	0	3444	404	2388	0	2572	1594	0	0	0	0	0	0	498	0	610	0	0	0	0	0	0	0	0	0	0	0	0	0	0	0	0	0	0	0	0	0	0	0	0	0	0	0	0	0	4882	4396	1116	2968	0	0	0	0	0	0	0	0	478	0	0	0	0	0	0	0	0	0	0	0	0	0	0	0	0	0	0	0	0	0	0	0	0	0	0	0	0	0	0	0	0	0	
88536	Olfactory_R	0	0	0	320	514	946	0	0	0	0	0	0	0	0	230	1164	0	0	182	480	4512	0	0	118	0	370	2458	1812	0	1918	1942	1758	0	0	0	0	0	0	0	194	0	916	0	0	0	0	0	0	0	0	0	0	0	0	0	0	0	0	0	0	0	0	0	0	0	0	0	0	0	0	7296	8338	2666	4472	324	804	0	0	0	0	0	0	0	534	0	0	0	0	0	0	0	0	0	0	0	0	0	0	0	0	0	0	0	0	0	0	0	0	0	0	0	0	0	0	0	0	
513068	Frontal_Sup_Medial_L	118	0	51448	15524	3416	272	30506	148	0	0	890	162	5510	128	708	0	428	0	12578	6600	0	0	0	27358	2390	1690	430	0	9520	138	34362	24270	8242	13012	0	0	0	0	0	0	0	0	0	0	0	0	0	0	0	0	0	0	0	0	0	0	0	0	0	0	0	0	0	0	0	0	0	0	0	0	1270	1062	3680	440	0	0	0	0	0	0	110	0	124	0	0	0	0	0	0	0	0	0	0	0	0	0	0	0	0	0	0	0	0	0	0	0	0	0	0	0	0	0	0	0	0	0	
566872	Frontal_Sup_Medial_R	164	0	14278	67070	414	5448	6022	6638	0	126	0	0	638	2636	0	2044	0	0	11984	20680	0	118	27358	0	616	6292	0	900	870	2302	12848	45362	1992	19028	0	0	0	0	0	0	0	0	0	0	0	0	0	0	0	0	0	0	0	0	0	0	0	0	0	0	0	0	0	0	0	0	0	0	0	0	3562	16612	462	6830	0	0	0	142	0	0	0	0	0	0	0	0	0	0	0	0	0	0	0	0	0	0	0	0	0	0	0	0	0	0	0	0	0	0	0	0	0	0	0	0	0	0	
28916	Frontal_Med_Orb_L	0	0	456	140	3426	156	0	0	168	0	0	0	0	0	0	0	0	0	0	0	178	0	2390	616	0	776	948	0	0	0	4168	682	0	0	0	0	0	0	0	0	0	0	0	0	0	0	0	0	0	0	0	0	0	0	0	0	0	0	0	0	0	0	0	0	0	0	0	0	0	0	242	0	112	0	0	0	0	0	0	0	0	0	0	0	0	0	0	0	0	0	0	0	0	0	0	0	0	0	0	0	0	0	0	0	0	0	0	0	0	0	0	0	0	0	0	0	
90808	Frontal_Med_Orb_R	0	0	0	4536	0	6042	0	0	0	154	0	0	0	0	0	0	0	0	238	438	0	370	1690	6292	776	0	0	4500	0	0	3260	6444	0	0	0	0	0	0	0	0	0	0	0	0	0	0	0	0	0	0	0	0	0	0	0	0	0	0	0	0	0	0	0	0	0	0	0	0	0	0	390	5546	230	4498	0	0	0	0	0	0	0	0	0	0	0	0	0	0	0	0	0	0	0	0	0	0	0	0	0	0	0	0	0	0	0	0	0	0	0	0	0	0	0	0	0	0	
65284	Rectus_L	0	0	348	0	5960	0	0	0	2204	0	0	0	0	0	712	0	0	0	0	0	3444	2458	430	0	948	0	0	228	234	0	4970	1228	0	0	0	0	0	0	0	0	0	0	0	0	0	0	0	0	0	0	0	0	0	0	0	0	0	0	0	0	0	0	0	0	0	0	0	0	0	0	2736	2724	2064	1954	0	0	0	0	0	0	0	0	0	0	0	0	0	0	0	0	0	0	0	0	0	0	0	0	0	0	0	0	0	0	0	0	0	0	0	0	0	0	0	0	0	0	
47716	Rectus_R	0	0	0	1662	0	6358	0	0	0	376	0	0	0	0	0	1096	0	0	118	406	404	1812	0	900	0	4500	228	0	0	638	466	1212	0	0	0	0	0	0	0	0	0	176	0	0	0	0	0	0	0	0	0	0	0	0	0	0	0	0	0	0	0	0	0	0	0	0	0	0	0	0	126	1748	0	1534	0	0	0	0	0	0	0	0	0	98	0	0	0	0	0	0	0	0	0	0	0	0	0	0	0	0	0	0	0	0	0	0	0	0	0	0	0	0	0	0	0	0	
602416	Insula_L	8830	282	35672	2716	7474	0	16114	168	4756	0	15720	208	25224	0	16624	0	18298	0	15122	3514	2388	0	9520	870	0	0	234	0	0	174	8414	1746	376	1196	314	218	12842	190	1144	0	2828	0	188	0	138	0	0	0	0	0	1312	0	234	0	5298	0	6516	0	430	0	664	0	930	0	248	0	522	0	312	286	5824	274	20624	0	1638	0	810	122	4806	0	13314	0	11250	0	3902	0	178	0	8212	0	0	0	0	0	0	0	0	0	0	0	0	0	0	0	0	0	0	0	0	0	0	0	0	0	0	0	
413384	Insula_R	0	6654	576	15482	0	896	120	10434	0	406	0	15494	0	23254	0	9386	0	11328	7402	20998	0	1918	138	2302	0	0	0	638	174	0	474	3600	0	400	0	0	0	9166	0	4528	0	2288	0	0	0	0	0	0	0	0	0	0	0	0	0	8866	0	1122	0	0	0	0	0	0	0	0	0	0	0	156	996	2972	0	23264	0	0	0	632	0	2594	0	4244	0	6094	0	1564	0	120	0	6012	0	0	0	0	0	0	0	0	0	0	0	0	0	0	0	0	0	0	0	0	0	0	0	0	0	0	
495320	Cingulum_Ant_L	2288	0	26504	13790	5804	696	11806	210	658	0	4070	230	4514	434	312	98	0	0	16238	9970	2572	1942	34362	12848	4168	3260	4970	466	8414	474	0	32406	8606	9784	898	0	172	0	0	0	0	0	0	0	0	0	0	0	0	0	0	0	0	0	0	0	346	0	0	0	0	0	0	0	0	0	98	0	0	0	7666	5298	8206	2988	94	0	0	0	0	0	0	0	0	0	0	0	0	0	0	0	0	0	0	0	0	0	0	0	0	0	0	0	0	0	0	0	0	0	0	0	0	0	0	0	0	0	
706812	Cingulum_Ant_R	194	0	16218	56170	668	3840	6414	1070	0	0	158	102	2304	2984	100	900	0	0	19950	36544	1594	1758	24270	45362	682	6444	1228	1212	1746	3600	32406	0	5564	30966	0	0	0	0	0	0	0	0	0	0	0	0	0	0	0	0	0	0	0	0	0	0	0	0	0	0	0	0	0	0	0	0	0	0	0	0	5868	28196	1190	13456	0	0	106	142	0	0	0	0	0	0	0	0	0	0	0	0	0	0	0	0	0	0	0	0	0	0	0	0	0	0	0	0	0	0	0	0	0	0	0	0	0	0	
211724	Cingulum_Mid_L	0	252	7672	1986	0	0	5410	0	0	0	0	0	170	0	276	0	0	0	12104	9456	0	0	8242	1992	0	0	0	0	376	0	8606	5564	0	21190	4162	1842	0	0	0	0	0	0	118	720	1938	544	0	638	310	0	138	0	0	0	0	396	136	112	0	0	0	0	0	0	0	0	3126	1624	5108	1388	0	0	266	0	0	0	0	0	0	0	0	0	0	0	0	0	0	0	0	0	0	0	0	0	0	0	0	0	0	0	0	0	0	0	0	0	0	0	0	0	0	0	0	0	0	0	
671436	Cingulum_Mid_R	3410	1628	16266	22276	0	0	5404	788	0	118	0	0	2260	118	0	614	0	0	37942	58992	0	0	13012	19028	0	0	0	0	1196	400	9784	30966	21190	0	3744	8704	0	1018	0	610	0	0	0	3430	162	1484	0	2744	0	158	0	1854	0	854	0	2848	0	5698	0	0	0	0	0	0	0	0	1682	8896	16470	21384	346	1422	142	2266	0	668	0	0	0	0	0	162	0	0	0	2452	0	0	0	1128	0	0	0	0	0	0	0	0	0	0	0	0	0	0	0	0	0	0	0	0	0	0	0	0	0	0	
134168	Cingulum_Post_L	1234	556	210	248	0	0	170	0	0	0	0	0	0	0	0	0	318	0	844	458	0	0	0	0	0	0	0	0	314	0	898	0	4162	3744	0	13966	5310	3126	2642	816	0	0	1760	174	1160	0	1128	408	0	0	0	0	0	0	1078	318	2152	2092	0	0	0	0	0	0	0	0	4774	1732	5714	2336	0	0	0	0	0	0	114	1092	682	0	254	0	0	0	0	0	0	0	350	168	0	0	0	0	0	0	122	0	0	0	0	0	0	0	0	0	0	0	0	0	460	0	0	0	0	0	
164568	Cingulum_Post_R	844	564	0	228	0	0	134	0	0	0	0	0	0	0	0	0	0	0	516	1080	0	0	0	0	0	0	0	0	218	0	0	0	1842	8704	13966	0	4958	5654	2362	2256	0	0	184	1842	296	328	648	2604	0	0	0	546	0	346	726	2358	0	3290	0	0	0	0	0	0	0	0	2148	9566	2688	3684	0	0	0	0	0	0	690	1880	838	0	0	0	0	0	0	602	0	0	400	1956	0	0	0	0	0	0	0	178	0	0	0	0	0	0	0	0	0	0	0	0	1160	0	0	0	0	0	
268692	Hippocampus_L	7826	726	3712	332	0	0	2124	0	0	0	448	0	0	0	0	0	468	0	238	94	0	0	0	0	0	0	0	0	12842	0	172	0	0	0	5310	4958	0	4382	13314	832	7122	0	1332	0	0	0	4512	368	0	0	0	0	0	0	17276	210	728	0	0	0	0	0	0	0	0	0	1916	606	1332	98	520	0	8030	0	1854	0	7464	2224	2354	0	1644	0	2292	0	656	0	172	0	12178	0	0	0	0	0	0	0	1334	0	0	0	0	0	0	0	0	0	0	0	0	0	346	0	0	0	0	0	
388672	Hippocampus_R	928	7424	128	2426	0	0	122	922	0	0	0	1754	0	0	0	202	0	1796	2132	5628	0	0	0	0	0	0	0	0	190	9166	0	0	0	1018	3126	5654	4382	0	1892	32636	0	10414	0	760	0	0	656	3868	0	0	0	0	0	0	624	37126	0	988	0	0	0	0	0	826	0	0	132	4000	0	1094	0	390	0	17338	0	1164	1814	6584	796	1362	0	2184	0	1686	0	620	0	0	378	15938	0	0	0	0	0	104	0	1022	0	0	0	0	0	0	0	0	0	0	0	0	942	0	0	0	0	0	
97552	ParaHippocampal_L	1078	182	150	0	130	0	0	0	0	0	0	0	0	0	254	0	0	0	0	0	498	0	0	0	0	0	0	0	1144	0	0	0	0	0	2642	2362	13314	1892	0	692	1288	0	784	0	0	0	3930	526	0	0	0	0	0	0	7112	116	0	0	0	0	0	0	0	0	0	0	1014	354	0	0	0	0	680	0	0	0	2020	680	0	0	0	0	478	0	0	0	112	0	2018	0	0	0	0	0	440	214	2036	0	0	0	0	0	0	0	0	0	0	0	126	260	250	0	0	0	0	0	
252612	ParaHippocampal_R	0	1582	0	562	0	0	0	360	0	0	0	1016	0	0	0	208	0	1654	1394	3414	0	194	0	0	0	0	0	0	0	4528	0	0	0	610	816	2256	832	32636	692	0	0	6740	0	1602	0	0	128	4274	0	0	0	0	0	676	120	27128	0	498	0	0	0	0	0	128	0	0	0	3446	0	586	0	188	0	10960	0	926	0	2294	0	614	0	858	0	1772	0	116	0	232	0	8414	0	0	0	0	0	138	0	996	0	0	0	0	0	0	0	0	0	0	0	0	718	0	0	0	0	0	
41544	Amygdala_L	0	0	272	0	442	0	0	0	154	0	0	0	0	0	254	0	0	0	0	0	610	0	0	0	0	0	0	0	2828	0	0	0	0	0	0	0	7122	0	1288	0	0	0	0	0	0	0	0	0	0	0	0	0	0	0	3120	0	0	0	0	0	0	0	0	0	0	0	0	0	0	0	0	0	672	0	0	0	130	0	0	0	0	0	1702	0	104	0	0	0	2074	0	0	0	0	0	0	0	0	0	0	0	0	0	0	0	0	0	0	0	0	0	0	0	0	0	0	0	
71476	Amygdala_R	0	0	0	0	0	0	0	0	0	0	0	0	0	0	0	166	0	0	192	362	0	916	0	0	0	0	0	176	0	2288	0	0	0	0	0	0	0	10414	0	6740	0	0	0	0	0	0	0	0	0	0	0	0	0	0	0	8368	0	0	0	0	0	0	0	0	0	0	0	0	0	0	0	378	0	2410	0	200	0	0	0	0	0	0	0	1762	0	0	0	94	0	1272	0	0	0	0	0	0	0	0	0	0	0	0	0	0	0	0	0	0	0	0	0	0	0	0	0	0	
270276	Calcarine_L	0	0	0	0	0	0	0	0	0	0	0	0	0	0	0	0	160	0	0	0	0	0	0	0	0	0	0	0	188	0	0	0	118	0	1760	184	1332	0	784	0	0	0	0	7248	18114	4198	11466	2130	16222	1544	16038	0	4676	0	7836	0	3892	0	2708	0	1232	0	248	0	0	0	23492	346	1964	0	0	0	0	0	0	0	132	0	0	0	212	0	0	0	2664	0	0	0	3668	0	0	0	0	0	0	0	582	0	0	0	0	0	0	0	0	0	0	0	0	0	0	0	0	0	0	0	
442200	Calcarine_R	0	1658	0	0	0	0	0	0	0	0	0	182	0	0	0	0	0	0	118	846	0	0	0	0	0	0	0	0	0	0	0	0	720	3430	174	1842	0	760	0	1602	0	0	7248	0	3982	27642	1464	45494	228	16974	138	4340	0	13112	0	24440	0	5614	0	2174	0	98	0	348	0	158	1822	37570	640	8284	0	0	0	0	0	0	0	0	0	0	0	110	0	0	0	1280	0	0	0	5574	0	286	0	0	0	0	0	288	0	366	0	0	0	0	0	0	0	0	0	0	0	94	0	0	0	0	
219088	Cuneus_L	0	0	0	0	0	0	0	0	0	0	0	0	0	0	0	0	108	0	586	0	0	0	0	0	0	0	0	0	138	0	0	0	1938	162	1160	296	0	0	0	0	0	0	18114	3982	0	8492	2170	364	17542	1544	8432	0	1028	0	1570	0	3434	0	5392	496	1496	0	132	0	0	0	22468	2346	3756	122	0	0	0	0	0	0	0	0	0	0	106	0	0	0	1258	0	0	0	912	0	0	0	0	0	0	0	0	0	0	0	0	0	0	0	0	0	0	0	0	0	0	0	0	0	0	0	
375196	Cuneus_R	0	664	0	0	0	0	0	0	0	0	0	94	0	0	0	0	0	0	0	300	0	0	0	0	0	0	0	0	0	0	0	0	544	1484	0	328	0	0	0	0	0	0	4198	27642	8492	0	296	11242	232	44212	0	16198	0	1928	0	4536	0	5812	0	12188	0	1472	0	242	0	1634	4344	27662	174	5302	0	0	0	0	0	0	0	0	0	0	0	0	0	0	0	6064	0	0	0	314	0	0	0	0	0	0	0	0	0	0	0	0	0	0	0	0	0	0	0	0	0	0	0	0	0	0	
265624	Lingual_L	276	0	0	0	0	0	0	0	0	0	0	0	0	0	0	0	0	0	0	0	0	0	0	0	0	0	0	0	0	0	0	0	0	0	1128	648	4512	656	3930	128	0	0	11466	1464	2170	296	0	1756	5022	312	9446	0	4472	120	15796	232	256	0	1004	0	0	0	0	0	0	0	6386	120	226	0	0	0	0	0	0	0	890	272	0	0	0	0	0	0	250	0	0	0	1064	0	12844	494	3928	404	328	0	13866	168	16940	872	1390	0	2962	0	0	0	0	0	0	98	1752	1490	978	0	0	0	
457996	Lingual_R	0	1390	0	0	0	0	0	0	0	0	0	0	0	0	0	0	0	0	0	626	0	0	0	0	0	0	0	0	0	0	0	0	638	2744	408	2604	368	3868	526	4274	0	0	2130	45494	364	11242	1756	0	0	8220	0	3936	0	7486	884	34644	0	3728	0	872	0	0	0	192	0	0	800	31246	524	5874	0	0	0	0	0	0	0	458	0	0	0	0	0	0	0	536	0	0	0	3750	2530	4778	408	284	266	720	984	6640	3684	11814	0	0	452	160	230	408	0	0	118	234	4400	6004	1716	410	550	626	
250796	Occipital_Sup_L	0	0	0	0	0	0	0	0	0	0	0	0	0	0	0	0	0	0	120	0	0	0	0	0	0	0	0	0	0	0	0	0	310	0	0	0	0	0	0	0	0	0	16222	228	17542	232	5022	0	0	0	34446	0	3500	0	3968	0	672	0	16874	0	2506	0	116	0	208	0	19150	100	662	0	0	0	0	0	0	0	0	0	0	0	110	0	0	0	2256	0	0	0	1154	0	0	0	0	0	0	0	0	0	0	0	0	0	0	0	0	0	0	0	0	0	0	0	0	0	0	0	
346408	Occipital_Sup_R	0	134	0	0	0	0	0	0	0	0	0	98	0	0	0	0	0	0	0	98	0	0	0	0	0	0	0	0	0	0	0	0	0	158	0	0	0	0	0	0	0	0	1544	16974	1544	44212	312	8220	0	0	0	29388	0	2558	0	2682	0	5060	0	17252	0	4840	0	302	0	7256	1282	19770	0	2648	0	0	0	0	0	0	0	0	0	0	0	0	0	0	0	6526	0	0	0	346	0	0	0	0	0	0	0	0	0	0	0	0	0	0	0	0	0	0	0	0	0	0	0	0	0	0	
449444	Occipital_Mid_L	112	0	0	0	0	0	0	0	0	0	0	0	0	0	0	0	1490	0	0	0	0	0	0	0	0	0	0	0	1312	0	0	0	138	0	0	0	0	0	0	0	0	0	16038	138	8432	0	9446	0	34446	0	0	0	15252	0	8738	0	4678	0	23850	0	20776	0	3232	0	18908	0	16602	0	3102	0	0	0	0	0	0	0	0	0	0	0	2860	0	0	0	27026	0	0	0	7870	0	0	0	0	0	0	0	0	0	276	0	0	0	0	0	0	0	0	0	0	0	0	0	0	0	0	0	
298600	Occipital_Mid_R	0	782	120	440	0	0	0	0	0	0	0	736	0	0	0	0	0	0	142	566	0	0	0	0	0	0	0	0	0	0	0	0	0	1854	0	546	0	0	0	0	0	0	0	4340	0	16198	0	3936	0	29388	0	0	0	4298	0	2922	0	3546	0	8010	0	6672	0	2930	0	14234	430	13526	126	2404	172	0	0	0	0	0	0	0	0	0	0	1864	0	0	0	27808	0	0	0	1310	0	0	0	0	0	0	0	0	0	0	0	0	0	0	0	0	0	0	0	0	0	0	0	0	0	0	
125364	Occipital_Inf_L	204	0	0	0	0	0	0	0	0	0	0	0	0	0	0	0	196	0	0	0	0	0	0	0	0	0	0	0	234	0	0	0	0	0	0	0	0	0	0	0	0	0	4676	0	1028	0	4472	0	3500	0	15252	0	0	0	11158	0	2160	0	980	0	358	0	0	0	122	0	2518	0	1414	0	0	0	0	0	0	0	0	0	0	0	700	0	0	0	4732	0	0	0	7168	0	140	0	0	0	0	0	336	0	878	0	0	0	0	0	0	0	0	0	0	0	134	182	140	0	0	0	
120700	Occipital_Inf_R	0	150	0	0	0	0	0	0	0	0	0	0	0	0	0	0	0	0	0	0	0	0	0	0	0	0	0	0	0	0	0	0	0	854	0	346	0	0	0	676	0	0	0	13112	0	1928	120	7486	0	2558	0	4298	0	0	138	9748	0	1160	0	206	0	0	0	234	0	154	0	6606	0	1242	0	0	0	0	0	0	0	0	0	0	0	136	0	0	0	1144	0	0	0	4706	388	442	0	0	0	0	0	0	492	1098	0	0	0	0	0	0	0	0	0	0	0	652	276	0	0	0	
423680	Fusiform_L	1716	0	1112	0	0	0	166	0	0	0	94	0	0	0	0	0	932	0	0	0	0	0	0	0	0	0	0	0	5298	0	0	0	0	0	1078	726	17276	624	7112	120	3120	0	7836	0	1570	0	15796	884	3968	0	8738	0	11158	138	0	270	2110	0	1670	0	764	0	1268	0	230	0	7278	0	880	0	104	0	1684	0	0	0	1184	314	1152	0	5472	0	1532	0	9566	0	994	0	27190	0	17752	170	4800	336	0	0	6696	0	21368	590	1490	0	2658	0	0	0	0	0	0	0	810	1288	758	0	0	0	
647560	Fusiform_R	0	3962	0	866	0	0	0	636	0	0	0	1932	0	0	0	176	0	2238	2032	5284	0	0	0	0	0	0	0	0	0	8866	0	0	396	2848	318	2358	210	37126	116	27128	0	8368	0	24440	0	4536	232	34644	0	2682	0	2922	0	9748	270	0	0	3484	0	186	0	0	0	300	0	0	294	19538	366	4620	0	162	0	15840	0	628	0	952	0	1294	0	2404	0	4638	0	1450	0	1184	0	30762	1178	14030	284	814	0	210	172	6546	1502	19440	0	0	108	264	0	184	0	0	0	0	2018	3174	1070	170	180	0	
279228	Postcentral_L	21346	0	988	0	0	0	1390	0	0	0	1150	0	0	0	0	0	9536	0	0	0	0	0	0	0	0	0	0	0	6516	0	346	0	136	0	2152	0	728	0	0	0	0	0	3892	0	3434	0	256	0	672	0	4678	0	2160	0	2110	0	0	0	13524	0	22392	0	5558	0	1636	0	7354	0	10286	0	1592	0	1592	0	1034	0	0	0	2880	0	4040	0	0	0	3898	0	0	0	2338	0	0	0	0	0	0	0	0	0	0	0	0	0	0	0	0	0	0	0	0	0	0	0	0	0	0	0	
286084	Postcentral_R	124	11736	196	260	0	0	0	220	0	0	0	1040	0	0	0	0	0	5774	164	526	0	0	0	0	0	0	0	0	0	1122	0	0	112	5698	2092	3290	0	988	0	498	0	0	0	5614	0	5812	0	3728	0	5060	0	3546	0	1160	0	3484	0	0	0	7634	0	6492	0	10762	0	3912	94	14614	3776	24698	0	556	0	904	0	364	0	0	0	230	0	558	0	0	0	4526	0	0	0	1678	0	0	0	0	0	0	0	0	0	0	0	0	0	0	0	0	0	0	0	0	0	0	0	0	0	0	
248856	Parietal_Sup_L	0	0	0	0	0	0	0	0	0	0	0	0	0	0	0	0	686	0	0	0	0	0	0	0	0	0	0	0	430	0	0	0	0	0	0	0	0	0	0	0	0	0	2708	0	5392	0	1004	0	16874	0	23850	0	980	0	1670	0	13524	0	0	0	20990	0	1674	0	6090	0	20034	0	1288	0	0	0	0	0	0	0	0	0	0	0	552	0	0	0	4648	0	0	0	2034	0	0	0	0	0	0	0	0	0	0	0	0	0	0	0	0	0	0	0	0	0	0	0	0	0	0	0	
166412	Parietal_Sup_R	0	0	0	0	0	0	0	0	0	0	0	0	0	0	0	0	0	0	0	0	0	0	0	0	0	0	0	0	0	0	0	0	0	0	0	0	0	0	0	0	0	0	0	2174	496	12188	0	872	0	17252	0	8010	0	206	0	186	0	7634	0	0	0	8918	0	2874	0	8296	366	10008	0	1768	0	0	0	0	0	0	0	0	0	0	0	0	0	0	0	1958	0	0	0	0	0	0	0	0	0	0	0	0	0	0	0	0	0	0	0	0	0	0	0	0	0	0	0	0	0	0	
229996	Parietal_Inf_L	0	0	0	0	0	0	0	0	0	0	0	0	0	0	0	0	918	0	0	0	0	0	0	0	0	0	0	0	664	0	0	0	0	0	0	0	0	0	0	0	0	0	1232	0	1496	0	0	0	2506	0	20776	0	358	0	764	0	22392	0	20990	0	0	0	9736	0	14802	0	2978	0	406	0	0	0	0	0	0	0	0	0	0	0	1256	0	0	0	10226	0	0	0	3498	0	0	0	0	0	0	0	0	0	0	0	0	0	0	0	0	0	0	0	0	0	0	0	0	0	0	0	
141272	Parietal_Inf_R	0	370	0	0	0	0	0	0	0	0	0	0	0	0	0	0	0	0	0	0	0	0	0	0	0	0	0	0	0	0	0	0	0	0	0	0	0	0	0	0	0	0	0	98	0	1472	0	0	0	4840	0	6672	0	0	0	0	0	6492	0	8918	0	0	0	9202	0	21774	0	2566	0	812	0	0	0	0	0	0	0	0	0	0	0	2142	0	0	0	5110	0	0	0	168	0	0	0	0	0	0	0	0	0	0	0	0	0	0	0	0	0	0	0	0	0	0	0	0	0	0	
89280	SupraMarginal_L	0	0	0	0	0	0	0	0	0	0	0	0	0	0	0	0	2370	0	0	0	0	0	0	0	0	0	0	0	930	0	0	0	0	0	0	0	0	0	0	0	0	0	248	0	132	0	0	0	116	0	3232	0	0	0	1268	0	5558	0	1674	0	9736	0	0	0	3816	0	322	0	0	0	0	0	0	0	0	0	0	0	0	0	5142	0	0	0	8482	0	0	0	1614	0	0	0	0	0	0	0	0	0	0	0	0	0	0	0	0	0	0	0	0	0	0	0	0	0	0	0	
122012	SupraMarginal_R	0	894	160	0	0	0	0	100	0	0	0	0	0	0	0	0	0	2118	0	132	0	0	0	0	0	0	0	0	0	0	0	0	0	0	0	0	0	826	0	128	0	0	0	348	0	242	0	192	0	302	0	2930	0	234	0	300	0	10762	0	2874	0	9202	0	0	0	9910	0	756	0	452	0	0	0	0	0	0	0	0	0	174	0	6808	0	0	0	8666	0	0	0	2496	0	0	0	0	0	0	0	0	0	0	0	0	0	0	0	0	0	0	0	0	0	0	0	0	0	0	
113832	Angular_L	0	0	0	0	0	0	0	0	0	0	0	0	0	0	0	0	438	0	0	0	0	0	0	0	0	0	0	0	248	0	0	0	0	0	0	0	0	0	0	0	0	0	0	0	0	0	0	0	208	0	18908	0	122	0	230	0	1636	0	6090	0	14802	0	3816	0	0	0	190	0	122	0	0	0	0	0	0	0	0	0	0	0	1016	0	0	0	7616	0	0	0	1474	0	0	0	0	0	0	0	0	0	0	0	0	0	0	0	0	0	0	0	0	0	0	0	0	0	0	0	
189984	Angular_R	0	0	0	0	0	0	0	0	0	0	0	0	0	0	0	0	0	104	0	0	0	0	0	0	0	0	0	0	0	0	0	0	0	0	0	0	0	0	0	0	0	0	0	158	0	1634	0	0	0	7256	0	14234	0	154	0	0	0	3912	0	8296	0	21774	0	9910	0	0	0	3338	0	1372	0	0	0	0	0	0	0	0	0	0	0	6718	0	0	0	14738	0	0	0	1394	0	0	0	0	0	0	0	0	0	0	0	0	0	0	0	0	0	0	0	0	0	0	0	0	0	0	
352872	Precuneus_L	226	0	0	0	0	0	102	0	0	0	0	0	0	0	0	0	526	0	486	330	0	0	0	0	0	0	0	0	522	0	98	0	3126	1682	4774	2148	1916	132	1014	0	0	0	23492	1822	22468	4344	6386	800	19150	1282	16602	430	2518	0	7278	294	7354	94	20034	366	2978	0	322	0	190	0	0	7664	5920	484	0	0	0	0	0	0	232	0	0	0	414	0	0	0	2584	292	0	0	1984	0	0	0	0	0	0	0	1286	0	132	0	0	0	0	0	0	0	0	0	0	0	158	0	0	0	0	0	
537852	Precuneus_R	0	1972	0	0	0	0	0	0	0	0	0	154	0	0	0	0	0	0	368	1870	0	0	0	0	0	0	0	0	0	0	0	0	1624	8896	1732	9566	606	4000	354	3446	0	0	346	37570	2346	27662	120	31246	100	19770	0	13526	0	6606	0	19538	0	14614	0	10008	0	2566	0	756	0	3338	7664	0	1754	15482	0	0	0	0	0	0	0	336	0	0	0	112	0	0	0	9454	0	0	0	5712	0	236	0	0	0	0	0	1554	0	294	0	0	0	0	0	0	0	0	0	0	1628	0	0	0	0	0	
316996	Paracentral_Lobule_L	22862	618	7256	0	0	0	434	0	0	0	0	0	0	0	0	0	238	0	7390	16016	0	0	0	0	0	0	0	0	312	0	0	0	5108	16470	5714	2688	1332	0	0	0	0	0	1964	640	3756	174	226	524	662	0	3102	126	1414	0	880	366	10286	3776	1288	0	406	0	0	0	122	0	5920	1754	0	16772	2900	144	110	0	1852	0	10514	402	0	0	148	0	0	0	1430	130	0	0	272	0	0	0	0	0	0	0	0	0	0	0	0	0	0	0	0	0	0	0	0	0	0	0	0	0	0	0	
374316	Paracentral_Lobule_R	5118	6582	1888	1466	0	0	0	0	0	0	0	0	0	0	0	0	0	0	5454	28902	0	0	0	0	0	0	0	0	286	156	0	0	1388	21384	2336	3684	98	1094	0	586	0	0	0	8284	122	5302	0	5874	0	2648	0	2404	0	1242	0	4620	0	24698	0	1768	0	812	0	452	0	1372	484	15482	16772	0	0	3000	104	586	0	328	488	4270	0	0	0	216	0	0	0	3494	0	0	0	1914	0	0	0	0	0	0	0	0	0	0	0	0	0	0	0	0	0	0	0	0	0	0	0	0	0	0	
307996	Caudate_L	7020	556	16480	7524	942	524	2296	724	122	0	1858	1424	1044	650	438	162	322	0	11052	5562	4882	7296	1270	3562	242	390	2736	126	5824	996	7666	5868	0	346	0	0	520	0	0	0	0	0	0	0	0	0	0	0	0	0	0	172	0	0	104	0	1592	0	0	0	0	0	0	0	0	0	0	0	2900	0	0	17304	16790	4902	2558	1226	4536	104	0	0	150	0	728	102	102	162	0	0	142	0	0	0	0	0	0	0	0	0	0	0	0	0	0	0	0	0	0	0	0	0	0	0	0	0	0	0	
432612	Caudate_R	312	2454	3074	26604	582	4150	190	882	0	0	98	330	112	1664	200	1072	0	996	6488	21394	4396	8338	1062	16612	0	5546	2724	1748	274	2972	5298	28196	0	1422	0	0	0	390	0	188	0	378	0	0	0	0	0	0	0	0	0	0	0	0	0	162	0	556	0	0	0	0	0	0	0	0	0	0	144	3000	17304	0	4704	24310	530	3006	310	11906	0	0	0	0	0	228	0	0	0	0	0	0	0	0	0	0	0	0	0	0	0	0	0	0	0	0	0	0	0	0	0	0	0	0	0	0	0	0	
267236	Putamen_L	5228	166	16940	724	3450	0	4842	0	932	0	1900	0	1024	0	1122	0	1306	0	4640	654	1116	2666	3680	462	112	230	2064	0	20624	0	8206	1190	266	142	0	0	8030	0	680	0	672	0	0	0	0	0	0	0	0	0	0	0	0	0	1684	0	1592	0	0	0	0	0	0	0	0	0	0	0	110	104	16790	4704	0	2150	6982	566	1136	0	106	0	1150	0	2296	0	232	0	0	0	948	0	0	0	0	0	0	0	0	0	0	0	0	0	0	0	0	0	0	0	0	0	0	0	0	0	0	0	
454032	Putamen_R	0	4968	498	9714	354	3010	0	2044	0	0	0	6924	0	1578	94	4014	0	3216	10742	24530	2968	4472	440	6830	0	4498	1954	1534	0	23264	2988	13456	0	2266	0	0	0	17338	0	10960	0	2410	0	0	0	0	0	0	0	0	0	0	0	0	0	15840	0	904	0	0	0	0	0	0	0	0	0	0	0	586	4902	24310	2150	0	0	2468	124	862	0	578	0	882	0	1566	0	202	0	0	0	4578	0	0	0	0	0	0	0	0	0	0	0	0	0	0	0	0	0	0	0	0	0	0	0	0	0	0	
61684	Pallidum_L	4316	0	4616	0	0	0	1324	0	0	0	160	0	0	0	0	0	742	0	0	0	0	324	0	0	0	0	0	0	1638	0	94	0	0	0	0	0	1854	0	0	0	0	0	0	0	0	0	0	0	0	0	0	0	0	0	0	0	1034	0	0	0	0	0	0	0	0	0	0	0	1852	0	2558	530	6982	0	0	278	2068	0	0	0	366	0	0	0	0	0	0	0	106	0	0	0	0	0	0	0	0	0	0	0	0	0	0	0	0	0	0	0	0	0	0	0	0	0	0	0	
36112	Pallidum_R	0	244	0	1128	0	0	0	0	0	0	0	0	0	0	0	0	0	782	852	2280	0	804	0	0	0	0	0	0	0	0	0	0	0	668	0	0	0	1164	0	926	0	200	0	0	0	0	0	0	0	0	0	0	0	0	0	628	0	364	0	0	0	0	0	0	0	0	0	0	0	328	1226	3006	566	2468	278	0	0	0	0	144	0	0	0	0	0	0	0	0	0	0	0	0	0	0	0	0	0	0	0	0	0	0	0	0	0	0	0	0	0	0	0	0	0	0	0	0	
148572	Thalamus_L	24212	612	4722	168	0	0	1842	0	0	0	0	192	0	0	0	0	0	0	698	548	0	0	0	0	0	0	0	0	810	0	0	106	0	0	114	690	7464	1814	2020	0	130	0	132	0	0	0	890	0	0	0	0	0	0	0	1184	0	0	0	0	0	0	0	0	0	0	0	232	0	10514	488	4536	310	1136	124	2068	0	0	4696	614	0	128	0	0	0	0	0	0	0	1092	0	0	0	0	0	0	0	0	0	0	0	0	0	0	0	0	0	0	0	0	0	0	0	0	0	0	0	
110924	Thalamus_R	1424	5328	0	2012	0	0	0	670	0	0	0	0	0	0	0	0	0	0	0	4290	0	0	0	142	0	0	0	0	122	632	0	142	0	0	1092	1880	2224	6584	680	2294	0	0	0	0	0	0	272	458	0	0	0	0	0	0	314	952	0	0	0	0	0	0	0	0	0	0	0	336	402	4270	104	11906	0	862	0	0	4696	0	564	0	0	200	0	0	0	0	0	0	192	284	0	0	0	0	0	0	0	134	0	0	0	0	0	0	0	0	0	0	0	0	0	0	0	0	0	0	
55544	Heschl_L	2948	146	154	0	0	0	258	0	0	0	486	0	0	0	0	0	3914	0	0	0	0	0	0	0	0	0	0	0	4806	0	0	0	0	0	682	838	2354	796	0	0	0	0	0	0	0	0	0	0	0	0	0	0	0	0	1152	0	2880	0	0	0	0	0	0	0	0	0	0	0	0	0	0	0	106	0	0	0	614	564	0	0	2588	0	0	0	234	0	0	0	2252	0	0	0	0	0	0	0	0	0	0	0	0	0	0	0	0	0	0	0	0	0	0	0	0	0	0	0	
39328	Heschl_R	0	242	0	136	0	0	0	0	0	0	0	356	0	0	0	0	0	2830	0	332	0	0	0	0	0	0	0	0	0	2594	0	0	0	0	0	0	0	1362	0	614	0	0	0	0	0	0	0	0	0	0	0	0	0	0	0	1294	0	230	0	0	0	0	0	174	0	0	0	0	0	0	0	0	0	578	0	144	0	0	0	0	0	5668	0	0	0	1096	0	0	0	2014	0	0	0	0	0	0	0	0	0	0	0	0	0	0	0	0	0	0	0	0	0	0	0	0	0	0	
234504	Temporal_Sup_L	3530	0	2838	0	0	0	528	0	0	0	3354	0	894	0	0	0	16210	0	1450	102	0	0	110	0	0	0	0	0	13314	0	0	0	0	0	254	0	1644	0	0	0	0	0	212	0	106	0	0	0	110	0	2860	0	700	0	5472	0	4040	0	552	0	1256	0	5142	0	1016	0	414	0	148	0	150	0	1150	0	366	0	128	0	2588	0	0	0	4084	0	23466	0	0	0	19064	0	0	0	0	0	0	0	0	0	0	0	0	0	0	0	0	0	0	0	0	0	0	0	0	0	0	0	
135976	Temporal_Sup_R	0	426	0	144	0	0	0	0	0	0	0	692	0	0	0	0	0	4838	192	586	0	0	0	0	0	0	0	0	0	4244	0	0	0	162	0	0	0	2184	0	858	0	0	0	110	0	0	0	0	0	0	0	1864	0	136	0	2404	0	558	0	0	0	2142	0	6808	0	6718	0	112	0	216	0	0	0	882	0	0	0	200	0	5668	0	0	0	2648	0	14958	0	408	0	7830	0	0	0	0	0	0	0	0	0	0	0	0	0	0	0	0	0	0	0	0	0	0	0	0	0	0	
117732	Temporal_Pole_Sup_L	0	0	3876	266	1768	0	360	0	1122	0	5322	0	1532	0	2732	0	2770	0	2448	344	478	0	124	0	0	0	0	0	11250	0	0	0	0	0	0	0	2292	0	478	0	1702	0	0	0	0	0	0	0	0	0	0	0	0	0	1532	0	0	0	0	0	0	0	0	0	0	0	0	0	0	0	728	0	2296	0	0	0	0	0	0	0	4084	0	0	0	4798	0	2292	0	4272	0	0	0	0	0	0	0	0	0	0	0	0	0	0	0	0	0	0	0	0	0	0	0	0	0	0	0	
90016	Temporal_Pole_Sup_R	0	0	0	260	0	370	0	0	0	0	0	2254	0	0	0	2024	0	2426	970	2708	0	534	0	0	0	0	0	98	0	6094	0	0	0	0	0	0	0	1686	0	1772	0	1762	0	0	0	0	0	0	0	0	0	0	0	0	0	4638	0	0	0	0	0	0	0	0	0	0	0	0	0	0	102	228	0	1566	0	0	0	0	0	0	0	2648	0	0	0	4164	0	3952	0	4752	0	0	0	0	0	0	0	0	0	0	0	0	0	0	0	0	0	0	0	0	0	0	0	0	0	0	
322932	Temporal_Mid_L	238	0	154	0	0	0	0	0	0	0	0	0	0	0	0	0	2872	0	0	0	0	0	0	0	0	0	0	0	3902	0	0	0	0	0	0	0	656	0	0	0	104	0	2664	0	1258	0	250	0	2256	0	27026	0	4732	0	9566	0	3898	0	4648	0	10226	0	8482	0	7616	0	2584	0	1430	0	102	0	232	0	0	0	0	0	234	0	23466	0	4798	0	0	0	2374	0	35698	0	0	0	0	0	0	0	0	0	0	0	0	0	0	0	0	0	0	0	0	0	0	0	0	0	0	0	
291476	Temporal_Mid_R	0	1360	178	662	0	0	0	124	0	0	0	952	0	0	0	180	0	618	318	952	0	0	0	0	0	0	0	0	0	1564	0	0	0	2452	0	602	0	620	0	116	0	0	0	1280	0	6064	0	536	0	6526	0	27808	0	1144	0	1450	0	4526	0	1958	0	5110	0	8666	0	14738	292	9454	130	3494	162	0	0	202	0	0	0	0	0	1096	0	14958	0	4164	0	0	0	2442	0	18540	0	150	0	0	0	0	0	0	0	150	0	0	0	0	0	0	0	0	0	0	0	0	0	0	0	0	
17492	Temporal_Pole_Mid_L	0	0	0	0	0	0	0	0	0	0	0	0	0	0	0	0	0	0	0	0	0	0	0	0	0	0	0	0	178	0	0	0	0	0	0	0	172	0	112	0	0	0	0	0	0	0	0	0	0	0	0	0	0	0	994	0	0	0	0	0	0	0	0	0	0	0	0	0	0	0	0	0	0	0	0	0	0	0	0	0	0	0	2292	0	2374	0	0	0	2624	0	0	0	0	0	0	0	0	0	0	0	0	0	0	0	0	0	0	0	0	0	0	0	0	0	0	0	
19712	Temporal_Pole_Mid_R	0	0	0	0	0	0	0	0	0	0	0	0	0	0	0	0	0	0	0	0	0	0	0	0	0	0	0	0	0	120	0	0	0	0	0	0	0	0	0	232	0	94	0	0	0	0	0	0	0	0	0	0	0	0	0	1184	0	0	0	0	0	0	0	0	0	0	0	0	0	0	0	0	0	0	0	0	0	0	0	0	0	408	0	3952	0	2442	0	0	0	1424	0	0	0	0	0	0	0	0	0	0	0	0	0	0	0	0	0	0	0	0	0	0	0	0	0	0	
323424	Temporal_Inf_L	1246	0	798	0	0	0	124	0	0	0	0	0	0	0	0	0	3394	0	0	0	0	0	0	0	0	0	0	0	8212	0	0	0	0	0	350	400	12178	378	2018	0	2074	0	3668	0	912	0	1064	0	1154	0	7870	0	7168	0	27190	0	2338	0	2034	0	3498	0	1614	0	1474	0	1984	0	272	0	142	0	948	0	106	0	1092	192	2252	0	19064	0	4272	0	35698	0	2624	0	0	0	1246	0	216	0	0	0	140	0	154	0	0	0	154	0	0	0	0	0	0	0	0	0	0	0	0	0	
289732	Temporal_Inf_R	0	2916	130	760	0	0	0	332	0	0	0	890	0	0	0	0	0	1828	724	1494	0	0	0	0	0	0	0	0	0	6012	0	0	0	1128	168	1956	0	15938	0	8414	0	1272	0	5574	0	314	0	3750	0	346	0	1310	0	4706	0	30762	0	1678	0	0	0	168	0	2496	0	1394	0	5712	0	1914	0	0	0	4578	0	0	0	284	0	2014	0	7830	0	4752	0	18540	0	1424	0	0	0	914	0	0	0	0	0	0	0	444	0	0	0	0	0	0	0	0	0	0	0	0	0	0	0	0	
399584	Cerebelum_Crus1_L	0	0	0	0	0	0	0	0	0	0	0	0	0	0	0	0	0	0	0	0	0	0	0	0	0	0	0	0	0	0	0	0	0	0	0	0	0	0	0	0	0	0	0	0	0	0	12844	2530	0	0	0	0	140	388	17752	1178	0	0	0	0	0	0	0	0	0	0	0	0	0	0	0	0	0	0	0	0	0	0	0	0	0	0	0	0	0	0	0	0	1246	0	0	2822	35258	2872	790	196	16192	776	44064	3904	12454	610	20060	940	2134	490	154	0	158	366	3442	5258	9778	516	480	0	
294292	Cerebelum_Crus1_R	0	0	0	0	0	0	0	0	0	0	0	0	0	0	0	0	0	0	0	0	0	0	0	0	0	0	0	0	0	0	0	0	0	0	0	0	0	0	0	0	0	0	0	286	0	0	494	4778	0	0	0	0	0	442	170	14030	0	0	0	0	0	0	0	0	0	0	0	236	0	0	0	0	0	0	0	0	0	0	0	0	0	0	0	0	0	150	0	0	0	914	2822	0	1440	26808	100	1036	962	8588	2854	36552	366	2346	764	17572	188	1922	0	0	120	612	5464	5634	6294	1590	1366	246	
335056	Cerebelum_Crus2_L	0	0	0	0	0	0	0	0	0	0	0	0	0	0	0	0	0	0	0	0	0	0	0	0	0	0	0	0	0	0	0	0	0	0	0	0	0	0	0	0	0	0	0	0	0	0	3928	408	0	0	0	0	0	0	4800	284	0	0	0	0	0	0	0	0	0	0	0	0	0	0	0	0	0	0	0	0	0	0	0	0	0	0	0	0	0	0	0	0	216	0	35258	1440	0	9790	0	0	5482	290	14878	1010	28976	7448	29170	7254	520	104	128	0	0	0	918	1236	12208	1666	116	0	
245376	Cerebelum_Crus2_R	0	0	0	0	0	0	0	0	0	0	0	0	0	0	0	0	0	0	0	0	0	0	0	0	0	0	0	0	0	0	0	0	0	0	0	0	0	0	0	0	0	0	0	0	0	0	404	284	0	0	0	0	0	0	336	814	0	0	0	0	0	0	0	0	0	0	0	0	0	0	0	0	0	0	0	0	0	0	0	0	0	0	0	0	0	0	0	0	0	0	2872	26808	9790	0	0	272	270	1832	1238	5384	6120	15658	4434	27368	154	756	0	0	0	234	1436	936	12454	2374	460	0	
39536	Cerebelum_3_L	0	0	0	0	0	0	0	0	0	0	0	0	0	0	0	0	0	0	0	0	0	0	0	0	0	0	0	0	0	0	0	0	0	0	0	0	0	0	440	0	0	0	0	0	0	0	328	266	0	0	0	0	0	0	0	0	0	0	0	0	0	0	0	0	0	0	0	0	0	0	0	0	0	0	0	0	0	0	0	0	0	0	0	0	0	0	0	0	0	0	790	100	0	0	0	318	6748	0	598	146	180	0	1454	308	2488	398	316	0	802	1460	1014	126	748	370	370	0	
41748	Cerebelum_3_R	0	0	0	0	0	0	0	0	0	0	0	0	0	0	0	0	0	0	0	0	0	0	0	0	0	0	0	0	0	0	0	0	0	0	0	0	0	104	214	138	0	0	0	0	0	0	0	720	0	0	0	0	0	0	0	210	0	0	0	0	0	0	0	0	0	0	0	0	0	0	0	0	0	0	0	0	0	0	0	0	0	0	0	0	0	0	0	0	0	0	196	1036	0	272	318	0	622	3040	144	1810	0	0	574	992	120	2062	0	0	402	2722	1428	114	994	1288	1354	0	
236980	Cerebelum_4_5_L	0	0	0	0	0	0	0	0	0	0	0	0	0	0	0	0	0	0	0	0	0	0	0	0	0	0	0	0	0	0	0	0	0	0	122	0	1334	0	2036	0	0	0	582	0	0	0	13866	984	0	0	0	0	336	0	6696	172	0	0	0	0	0	0	0	0	0	0	1286	0	0	0	0	0	0	0	0	0	0	0	0	0	0	0	0	0	0	0	0	0	140	0	16192	962	5482	270	6748	622	0	1592	23190	1970	2068	0	7116	660	4990	706	408	0	622	1388	9980	2526	1676	674	738	356	
150520	Cerebelum_4_5_R	0	0	0	0	0	0	0	0	0	0	0	0	0	0	0	0	0	0	0	0	0	0	0	0	0	0	0	0	0	0	0	0	0	0	0	178	0	1022	0	996	0	0	0	288	0	0	168	6640	0	0	0	0	0	0	0	6546	0	0	0	0	0	0	0	0	0	0	0	1554	0	0	0	0	0	0	0	0	0	134	0	0	0	0	0	0	0	0	0	0	0	0	776	8588	290	1832	0	3040	1592	0	1052	16626	178	216	922	3180	166	2278	0	0	0	1126	10182	262	2164	1580	1684	0	
352368	Cerebelum_6_L	0	0	0	0	0	0	0	0	0	0	0	0	0	0	0	0	0	0	0	0	0	0	0	0	0	0	0	0	0	0	0	0	0	0	0	0	0	0	0	0	0	0	0	0	0	0	16940	3684	0	0	276	0	878	492	21368	1502	0	0	0	0	0	0	0	0	0	0	132	0	0	0	0	0	0	0	0	0	0	0	0	0	0	0	0	0	0	0	0	0	154	0	44064	2854	14878	1238	598	144	23190	1052	0	5650	4396	0	8902	358	1916	260	98	0	172	326	7128	8570	4226	246	258	234	
300692	Cerebelum_6_R	0	0	0	0	0	0	0	0	0	0	0	0	0	0	0	0	0	0	0	0	0	0	0	0	0	0	0	0	0	0	0	0	0	0	0	0	0	0	0	0	0	0	0	366	0	0	872	11814	0	0	0	0	0	1098	590	19440	0	0	0	0	0	0	0	0	0	0	0	294	0	0	0	0	0	0	0	0	0	0	0	0	0	0	0	0	0	150	0	0	0	444	3904	36552	1010	5384	146	1810	1970	16626	5650	0	148	1208	908	6918	350	2444	0	0	246	702	7930	10636	5726	1940	2114	956	
226860	Cerebelum_7b_L	0	0	0	0	0	0	0	0	0	0	0	0	0	0	0	0	0	0	0	0	0	0	0	0	0	0	0	0	0	0	0	0	0	0	0	0	0	0	0	0	0	0	0	0	0	0	1390	0	0	0	0	0	0	0	1490	0	0	0	0	0	0	0	0	0	0	0	0	0	0	0	0	0	0	0	0	0	0	0	0	0	0	0	0	0	0	0	0	0	0	0	12454	366	28976	6120	180	0	2068	178	4396	148	0	5924	28816	6462	1796	184	512	0	0	0	166	146	8498	2968	192	0	
145124	Cerebelum_7b_R	0	0	0	0	0	0	0	0	0	0	0	0	0	0	0	0	0	0	0	0	0	0	0	0	0	0	0	0	0	0	0	0	0	0	0	0	0	0	0	0	0	0	0	0	0	0	0	0	0	0	0	0	0	0	0	0	0	0	0	0	0	0	0	0	0	0	0	0	0	0	0	0	0	0	0	0	0	0	0	0	0	0	0	0	0	0	0	0	0	0	610	2346	7448	15658	0	0	0	216	0	1208	5924	0	4566	21966	346	1116	0	0	0	0	0	0	7516	3476	166	0	
330384	Cerebelum_8_L	0	0	0	0	0	0	0	0	0	0	0	0	0	0	0	0	0	0	0	0	0	0	0	0	0	0	0	0	0	0	0	0	0	0	0	0	0	0	0	0	0	0	0	0	0	0	2962	452	0	0	0	0	0	0	2658	108	0	0	0	0	0	0	0	0	0	0	0	0	0	0	0	0	0	0	0	0	0	0	0	0	0	0	0	0	0	0	0	0	154	0	20060	764	29170	4434	1454	574	7116	922	8902	908	28816	4566	0	7472	11042	3026	1778	0	0	582	790	1074	12444	8692	3566	706	
286472	Cerebelum_8_R	0	0	0	0	0	0	0	0	0	0	0	0	0	0	0	0	0	0	0	0	0	0	0	0	0	0	0	0	0	0	0	0	0	0	0	0	0	0	0	0	0	0	0	0	0	0	0	160	0	0	0	0	0	0	0	264	0	0	0	0	0	0	0	0	0	0	0	0	0	0	0	0	0	0	0	0	0	0	0	0	0	0	0	0	0	0	0	0	0	0	940	17572	7254	27368	308	992	660	3180	358	6918	6462	21966	7472	0	862	13556	0	278	136	1234	2616	154	10312	8392	3648	174	
80836	Cerebelum_9_L	0	0	0	0	0	0	0	0	0	0	0	0	0	0	0	0	0	0	0	0	0	0	0	0	0	0	0	0	0	0	0	0	0	0	0	0	0	0	0	0	0	0	0	0	0	0	0	230	0	0	0	0	0	0	0	0	0	0	0	0	0	0	0	0	0	0	0	0	0	0	0	0	0	0	0	0	0	0	0	0	0	0	0	0	0	0	0	0	0	0	2134	188	520	154	2488	120	4990	166	1916	350	1796	346	11042	862	0	1614	3388	0	198	396	952	544	2278	1614	1760	372	
117980	Cerebelum_9_R	0	0	0	0	0	0	0	0	0	0	0	0	0	0	0	0	0	0	0	0	0	0	0	0	0	0	0	0	0	0	0	0	0	0	0	0	0	0	0	0	0	0	0	0	0	0	0	408	0	0	0	0	0	0	0	184	0	0	0	0	0	0	0	0	0	0	0	0	0	0	0	0	0	0	0	0	0	0	0	0	0	0	0	0	0	0	0	0	0	0	490	1922	104	756	398	2062	706	2278	260	2444	184	1116	3026	13556	1614	0	0	794	354	2402	1752	776	4164	6930	8918	1392	
13564	Cerebelum_10_L	0	0	0	0	0	0	0	0	0	0	0	0	0	0	0	0	0	0	0	0	0	0	0	0	0	0	0	0	0	0	0	0	0	0	0	0	0	0	0	0	0	0	0	0	0	0	0	0	0	0	0	0	0	0	0	0	0	0	0	0	0	0	0	0	0	0	0	0	0	0	0	0	0	0	0	0	0	0	0	0	0	0	0	0	0	0	0	0	0	0	154	0	128	0	316	0	408	0	98	0	512	0	1778	0	3388	0	0	0	0	0	0	0	0	0	0	0	
3592	Cerebelum_10_R	0	0	0	0	0	0	0	0	0	0	0	0	0	0	0	0	0	0	0	0	0	0	0	0	0	0	0	0	0	0	0	0	0	0	0	0	0	0	0	0	0	0	0	0	0	0	0	0	0	0	0	0	0	0	0	0	0	0	0	0	0	0	0	0	0	0	0	0	0	0	0	0	0	0	0	0	0	0	0	0	0	0	0	0	0	0	0	0	0	0	0	0	0	0	0	0	0	0	0	0	0	0	0	278	0	794	0	0	0	0	0	0	0	292	432	0	
15772	Vermis_1_2	0	0	0	0	0	0	0	0	0	0	0	0	0	0	0	0	0	0	0	0	0	0	0	0	0	0	0	0	0	0	0	0	0	0	0	0	0	0	126	0	0	0	0	0	0	0	0	118	0	0	0	0	0	0	0	0	0	0	0	0	0	0	0	0	0	0	0	0	0	0	0	0	0	0	0	0	0	0	0	0	0	0	0	0	0	0	0	0	0	0	158	120	0	0	802	402	622	0	172	246	0	0	0	136	198	354	0	0	0	2798	964	0	124	234	312	0	
47368	Vermis_3	0	0	0	0	0	0	0	0	0	0	0	0	0	0	0	0	0	0	0	0	0	0	0	0	0	0	0	0	0	0	0	0	0	0	0	0	0	0	260	0	0	0	0	0	0	0	98	234	0	0	0	0	0	0	0	0	0	0	0	0	0	0	0	0	0	0	0	0	0	0	0	0	0	0	0	0	0	0	0	0	0	0	0	0	0	0	0	0	0	0	366	612	0	234	1460	2722	1388	1126	326	702	0	0	582	1234	396	2402	0	0	2798	0	2204	0	1006	1702	1832	0	
163748	Vermis_4_5	0	0	0	0	0	0	0	0	0	0	0	0	0	0	0	0	0	0	0	0	0	0	0	0	0	0	0	0	0	0	0	0	0	0	460	1160	346	942	250	718	0	0	0	0	0	0	1752	4400	0	0	0	0	134	0	810	2018	0	0	0	0	0	0	0	0	0	0	158	1628	0	0	0	0	0	0	0	0	0	0	0	0	0	0	0	0	0	0	0	0	0	0	3442	5464	918	1436	1014	1428	9980	10182	7128	7930	166	0	790	2616	952	1752	0	0	964	2204	0	3184	1722	1418	1488	920	
126712	Vermis_6	0	0	0	0	0	0	0	0	0	0	0	0	0	0	0	0	0	0	0	0	0	0	0	0	0	0	0	0	0	0	0	0	0	0	0	0	0	0	0	0	0	0	0	94	0	0	1490	6004	0	0	0	0	182	652	1288	3174	0	0	0	0	0	0	0	0	0	0	0	0	0	0	0	0	0	0	0	0	0	0	0	0	0	0	0	0	0	0	0	0	0	0	5258	5634	1236	936	126	114	2526	262	8570	10636	146	0	1074	154	544	776	0	0	0	0	3184	0	5276	1166	1092	1762	
255376	Vermis_7	0	0	0	0	0	0	0	0	0	0	0	0	0	0	0	0	0	0	0	0	0	0	0	0	0	0	0	0	0	0	0	0	0	0	0	0	0	0	0	0	0	0	0	0	0	0	978	1716	0	0	0	0	140	276	758	1070	0	0	0	0	0	0	0	0	0	0	0	0	0	0	0	0	0	0	0	0	0	0	0	0	0	0	0	0	0	0	0	0	0	0	9778	6294	12208	12454	748	994	1676	2164	4226	5726	8498	7516	12444	10312	2278	4164	0	0	124	1006	1722	5276	0	7374	4618	1150	
131800	Vermis_8	0	0	0	0	0	0	0	0	0	0	0	0	0	0	0	0	0	0	0	0	0	0	0	0	0	0	0	0	0	0	0	0	0	0	0	0	0	0	0	0	0	0	0	0	0	0	0	410	0	0	0	0	0	0	0	170	0	0	0	0	0	0	0	0	0	0	0	0	0	0	0	0	0	0	0	0	0	0	0	0	0	0	0	0	0	0	0	0	0	0	516	1590	1666	2374	370	1288	674	1580	246	1940	2968	3476	8692	8392	1614	6930	0	292	234	1702	1418	1166	7374	0	7308	1510	
93428	Vermis_9	0	0	0	0	0	0	0	0	0	0	0	0	0	0	0	0	0	0	0	0	0	0	0	0	0	0	0	0	0	0	0	0	0	0	0	0	0	0	0	0	0	0	0	0	0	0	0	550	0	0	0	0	0	0	0	180	0	0	0	0	0	0	0	0	0	0	0	0	0	0	0	0	0	0	0	0	0	0	0	0	0	0	0	0	0	0	0	0	0	0	480	1366	116	460	370	1354	738	1684	258	2114	192	166	3566	3648	1760	8918	0	432	312	1832	1488	1092	4618	7308	0	1712	
24232	Vermis_10	0	0	0	0	0	0	0	0	0	0	0	0	0	0	0	0	0	0	0	0	0	0	0	0	0	0	0	0	0	0	0	0	0	0	0	0	0	0	0	0	0	0	0	0	0	0	0	626	0	0	0	0	0	0	0	0	0	0	0	0	0	0	0	0	0	0	0	0	0	0	0	0	0	0	0	0	0	0	0	0	0	0	0	0	0	0	0	0	0	0	0	246	0	0	0	0	356	0	234	956	0	0	706	174	372	1392	0	0	0	0	920	1762	1150	1510	1712	0	
