data	data	532584	317856	1.00186e+06	883380	199956	114580	672900	409356	132388	62084	371800	243748	420788	249236	332020	195176	291952	120140	799052	810040	207408	153200	489516	541872	51904	96284	91832	134056	887508	606612	399344	663424	254140	594416	242396	287524	424556	482656	229132	329952	147656	87760	294812	296964	209512	255396	397828	432508	231288	240888	543036	213620	171540	156116	537132	651084	407928	167480	168764	76088	216504	77284	137432	76244	181128	91608	440452	433544	206232	145360	525932	651996	548808	622892	71456	140280	226140	275344	201556	64792	328824	224408	145144	107228	344900	208412	22636	37196	288884	195504	539108	472916	253704	263840	101884	111744	436920	391668	638080	570456	301432	124088	359384	272048	221900	155392	21112	34048	37220	75936	394720	399104	210624	152208	127360	97600	
data	data	Precentral_L	Precentral_R	Frontal_Sup_L	Frontal_Sup_R	Frontal_Sup_Orb_L	Frontal_Sup_Orb_R	Frontal_Mid_L	Frontal_Mid_R	Frontal_Mid_Orb_L	Frontal_Mid_Orb_R	Frontal_Inf_Oper_L	Frontal_Inf_Oper_R	Frontal_Inf_Tri_L	Frontal_Inf_Tri_R	Frontal_Inf_Orb_L	Frontal_Inf_Orb_R	Rolandic_Oper_L	Rolandic_Oper_R	Supp_Motor_Area_L	Supp_Motor_Area_R	Olfactory_L	Olfactory_R	Frontal_Sup_Medial_L	Frontal_Sup_Medial_R	Frontal_Med_Orb_L	Frontal_Med_Orb_R	Rectus_L	Rectus_R	Insula_L	Insula_R	Cingulum_Ant_L	Cingulum_Ant_R	Cingulum_Mid_L	Cingulum_Mid_R	Cingulum_Post_L	Cingulum_Post_R	Hippocampus_L	Hippocampus_R	ParaHippocampal_L	ParaHippocampal_R	Amygdala_L	Amygdala_R	Calcarine_L	Calcarine_R	Cuneus_L	Cuneus_R	Lingual_L	Lingual_R	Occipital_Sup_L	Occipital_Sup_R	Occipital_Mid_L	Occipital_Mid_R	Occipital_Inf_L	Occipital_Inf_R	Fusiform_L	Fusiform_R	Postcentral_L	Postcentral_R	Parietal_Sup_L	Parietal_Sup_R	Parietal_Inf_L	Parietal_Inf_R	SupraMarginal_L	SupraMarginal_R	Angular_L	Angular_R	Precuneus_L	Precuneus_R	Paracentral_Lobule_L	Paracentral_Lobule_R	Caudate_L	Caudate_R	Putamen_L	Putamen_R	Pallidum_L	Pallidum_R	Thalamus_L	Thalamus_R	Heschl_L	Heschl_R	Temporal_Sup_L	Temporal_Sup_R	Temporal_Pole_Sup_L	Temporal_Pole_Sup_R	Temporal_Mid_L	Temporal_Mid_R	Temporal_Pole_Mid_L	Temporal_Pole_Mid_R	Temporal_Inf_L	Temporal_Inf_R	Cerebelum_Crus1_L	Cerebelum_Crus1_R	Cerebelum_Crus2_L	Cerebelum_Crus2_R	Cerebelum_3_L	Cerebelum_3_R	Cerebelum_4_5_L	Cerebelum_4_5_R	Cerebelum_6_L	Cerebelum_6_R	Cerebelum_7b_L	Cerebelum_7b_R	Cerebelum_8_L	Cerebelum_8_R	Cerebelum_9_L	Cerebelum_9_R	Cerebelum_10_L	Cerebelum_10_R	Vermis_1_2	Vermis_3	Vermis_4_5	Vermis_6	Vermis_7	Vermis_8	Vermis_9	Vermis_10	
532584	Precentral_L	0	7750	15170	1500	0	0	23924	990	0	0	21130	442	9046	374	0	0	8014	428	4842	5298	0	0	0	0	0	0	0	0	9698	542	400	144	806	2860	8092	5356	11634	4406	2850	1186	0	0	300	106	990	98	1450	1308	976	152	1458	118	0	0	1182	396	37094	740	412	0	2684	0	1252	0	956	0	2852	912	4844	1374	9600	5684	9144	3264	2274	154	12002	7364	3324	0	2784	162	0	0	932	162	0	0	524	132	0	0	0	0	0	0	0	116	0	0	0	0	0	0	0	0	0	0	0	134	0	0	0	0	0	0	
317856	Precentral_R	7750	0	4166	9506	0	0	2382	23910	0	0	260	12692	194	2852	0	0	0	1634	4230	9696	0	0	0	158	0	0	0	0	214	4488	0	118	268	1808	2334	3670	560	8206	116	2296	0	0	0	456	0	240	100	1696	0	432	0	336	0	162	0	2402	584	10740	0	568	0	702	0	288	0	202	250	2674	2354	4554	4014	5128	546	6602	98	1592	1608	3896	0	334	0	950	0	0	0	994	0	0	0	796	0	0	0	0	0	0	0	122	0	0	0	0	0	0	0	0	0	0	0	0	0	0	0	0	0	0	
1.00186e+06	Frontal_Sup_L	15170	4166	0	12008	13980	166	82422	3334	7198	0	8136	898	16316	718	16880	110	4560	242	70938	14406	8566	758	44286	14748	1404	714	1360	0	33446	1264	16974	9722	4102	8530	0	134	5944	398	2596	96	4756	0	0	0	0	0	586	110	0	0	0	0	0	0	1192	0	2068	228	0	0	0	0	0	0	0	0	0	0	1944	208	15424	3912	22988	4460	3490	434	7190	638	380	0	1306	0	2138	0	430	0	88	0	272	0	0	0	0	0	0	0	0	0	0	0	0	0	0	0	0	0	0	0	0	0	0	0	0	0	0	0	
883380	Frontal_Sup_R	1500	9506	12008	0	166	10138	3858	46606	0	4998	1730	6526	1032	10456	206	10990	702	1602	23802	61130	152	3844	14392	43292	470	3330	108	5776	1960	19218	6394	32954	2498	21902	200	198	142	3762	0	2076	0	332	0	0	0	0	0	1236	0	0	0	0	0	0	0	1058	216	958	0	0	0	0	0	0	0	0	0	0	1550	504	5522	24222	1036	18292	0	3860	626	11118	0	232	180	458	188	194	0	0	0	0	0	166	0	0	0	0	0	0	0	118	0	0	0	0	0	0	0	0	0	0	0	0	0	0	0	0	0	0	
199956	Frontal_Sup_Orb_L	0	0	13980	166	0	240	5330	0	14018	0	0	0	1912	0	17144	0	0	0	0	0	6256	376	4170	1230	3330	1088	5236	202	8278	0	3620	766	0	0	0	0	136	0	1190	0	2624	0	0	0	0	0	0	0	0	0	0	0	0	0	0	0	0	0	0	0	0	0	0	0	0	0	0	0	0	0	1568	216	4996	96	0	0	0	0	0	0	0	0	1810	0	0	0	0	0	0	0	0	0	0	0	0	0	0	0	0	0	0	0	0	0	0	0	0	0	0	0	0	0	0	0	0	0	
114580	Frontal_Sup_Orb_R	0	0	166	10138	240	0	0	2664	0	6796	0	0	0	0	0	5568	0	0	0	0	0	2388	394	4762	1168	6344	440	6984	0	1208	434	2742	0	0	0	0	0	0	0	168	0	0	0	0	0	0	0	0	0	0	0	0	0	0	0	0	0	0	0	0	0	0	0	0	0	0	0	0	0	0	0	2780	0	1906	0	0	0	0	0	0	0	0	0	0	0	0	0	0	0	0	0	0	0	0	0	0	0	0	0	0	0	0	0	0	0	0	0	0	0	0	0	0	0	0	0	0	
672900	Frontal_Mid_L	23924	2382	82422	3858	5330	0	0	2028	4542	0	14636	926	33582	934	13902	86	1630	214	18480	3108	6552	666	14726	4162	0	0	690	0	26070	928	4572	2418	970	2124	244	488	4592	820	1970	270	3854	0	0	0	0	0	626	350	0	0	0	0	0	0	534	0	3920	212	0	0	204	0	0	0	86	0	0	102	184	0	9626	3270	14564	4562	1508	402	4334	1564	316	0	518	0	1060	0	200	0	0	0	208	0	0	0	0	0	0	0	0	0	0	0	0	0	0	0	0	0	0	0	0	0	0	0	0	0	0	0	
409356	Frontal_Mid_R	990	23910	3334	46606	0	2664	2028	0	0	3600	878	13260	788	17052	100	5804	108	936	8288	9686	0	142	1480	4864	0	0	0	0	826	12086	770	3152	296	5780	138	192	152	3638	0	1368	0	124	0	0	0	0	0	728	0	106	0	0	0	0	0	1044	248	1184	0	210	0	122	0	0	0	0	0	402	184	0	3278	5308	800	11386	0	2460	454	740	0	178	0	218	0	0	0	298	0	0	0	290	0	0	0	0	0	0	0	0	0	0	0	0	0	0	0	0	0	0	0	0	0	0	0	0	0	0	
132388	Frontal_Mid_Orb_L	0	0	7198	0	14018	0	4542	0	0	0	0	0	1900	0	20958	0	0	0	0	0	1582	0	420	124	198	0	950	0	7082	0	278	98	0	0	0	0	422	0	794	0	1306	0	0	0	0	0	0	0	0	0	0	0	0	0	0	0	0	0	0	0	0	0	0	0	0	0	0	0	0	0	326	0	2306	106	0	0	0	0	0	0	0	0	1586	0	0	0	0	0	0	0	0	0	0	0	0	0	0	0	0	0	0	0	0	0	0	0	0	0	0	0	0	0	0	0	0	0	
62084	Frontal_Mid_Orb_R	0	0	0	4998	0	6796	0	3600	0	0	0	0	0	580	0	9482	0	0	0	0	0	396	0	334	0	0	0	348	0	2482	0	342	0	0	0	0	0	0	0	0	0	0	0	0	0	0	0	0	0	0	0	0	0	0	0	268	0	0	0	0	0	0	0	0	0	0	0	0	0	0	0	232	0	370	0	0	0	0	0	0	0	0	0	516	0	0	0	0	0	298	0	0	0	0	0	0	0	0	0	0	0	0	0	0	0	0	0	0	0	0	0	0	0	0	0	0	
371800	Frontal_Inf_Oper_L	21130	260	8136	1730	0	0	14636	878	0	0	0	1646	25306	1742	2220	94	14532	182	7476	1834	0	0	1222	344	0	0	0	0	24186	2570	1042	528	0	338	116	234	3556	376	772	0	0	0	0	0	0	0	254	0	0	0	0	0	0	0	360	0	10154	0	0	0	302	0	262	0	90	0	168	0	0	0	11012	3754	5958	1952	270	648	760	362	2362	88	4984	0	3640	0	1160	0	0	0	274	0	0	0	0	0	0	0	0	0	0	0	0	0	0	0	0	0	0	0	0	0	0	0	0	0	0	0	
243748	Frontal_Inf_Oper_R	442	12692	898	6526	0	0	926	13260	0	0	1646	0	746	16728	0	966	336	4038	3686	7006	0	0	190	388	0	0	0	0	874	14928	432	2500	0	2266	0	0	114	3002	0	1358	0	0	0	0	0	0	0	548	0	0	0	0	0	0	0	902	188	1562	0	0	0	0	0	0	0	0	0	0	0	0	2816	8502	344	6168	0	1022	210	1062	0	90	0	1232	128	524	0	426	0	0	0	110	0	0	0	0	0	0	0	92	0	0	0	0	0	0	0	0	0	0	0	0	0	0	0	0	0	0	
420788	Frontal_Inf_Tri_L	9046	194	16316	1032	1912	0	33582	788	1900	0	25306	746	0	1126	18494	194	4228	0	4952	902	2352	220	3764	976	0	0	270	0	37664	1820	3028	1268	0	310	0	96	2088	148	674	0	1448	0	0	0	0	0	118	0	0	0	0	0	0	0	156	0	3112	0	0	0	134	0	0	0	0	0	104	0	0	0	7482	3384	8740	3172	162	1578	292	148	754	0	1540	0	2220	0	454	0	0	0	0	0	0	0	0	0	0	0	0	0	0	0	0	0	0	0	0	0	0	0	0	0	0	0	0	0	0	0	
249236	Frontal_Inf_Tri_R	374	2852	718	10456	0	0	934	17052	0	580	1742	16728	1126	0	0	5876	256	832	5338	7580	0	0	478	1268	0	0	0	0	1238	19650	826	5828	0	4488	0	0	86	1150	0	590	0	0	0	0	0	0	0	152	0	0	0	0	0	0	0	308	180	390	0	0	0	0	0	0	0	0	0	0	0	0	2456	6356	318	4226	0	1324	0	530	0	0	0	204	0	128	0	0	0	0	0	0	0	0	0	0	0	0	0	0	0	0	0	0	0	0	0	0	0	0	0	0	0	0	0	0	0	0	
332020	Frontal_Inf_Orb_L	0	0	16880	206	17144	0	13902	100	20958	0	2220	0	18494	0	0	86	1492	0	1018	188	6632	402	1902	472	88	0	1552	0	27374	292	950	588	0	0	0	0	1670	0	1850	0	4564	96	0	0	0	0	0	0	0	0	0	0	0	0	238	0	0	0	0	0	0	0	0	0	0	0	0	0	0	0	2726	842	8420	726	124	214	0	0	0	0	1772	0	7970	0	1138	0	336	0	384	0	0	0	0	0	0	0	0	0	0	0	0	0	0	0	0	0	0	0	0	0	0	0	0	0	0	0	
195176	Frontal_Inf_Orb_R	0	0	110	10990	0	5568	86	5804	0	9482	94	966	194	5876	86	0	0	1124	212	294	0	2788	0	4146	0	146	0	2110	354	18092	412	4992	0	176	0	0	0	210	0	644	0	1296	0	0	0	0	0	0	0	0	0	0	0	0	0	1578	0	0	0	0	0	0	0	0	0	0	0	0	0	0	172	3478	186	4550	0	302	0	0	0	0	0	2610	0	5634	0	1530	0	140	0	1156	0	0	0	0	0	0	0	0	0	0	0	0	0	0	0	0	0	0	0	0	0	0	0	0	0	0	
291952	Rolandic_Oper_L	8014	0	4560	702	0	0	1630	108	0	0	14532	336	4228	256	1492	0	0	0	4438	918	0	0	204	0	0	0	0	0	22898	444	214	100	290	100	174	294	5272	322	1416	0	0	0	0	0	110	0	312	0	166	0	2156	0	258	0	582	0	11410	0	716	0	1324	0	4228	0	1530	0	502	0	142	0	2432	766	6046	240	1294	0	1330	362	12004	0	15090	0	3938	0	5174	0	0	0	922	0	0	0	0	0	0	0	0	0	0	0	0	0	0	0	0	0	0	0	0	0	0	0	0	0	0	0	
120140	Rolandic_Oper_R	428	1634	242	1602	0	0	214	936	0	0	182	4038	0	832	0	1124	0	0	398	2476	0	0	0	0	0	0	0	0	162	9996	0	430	0	112	100	158	100	2040	0	628	0	0	0	114	0	0	0	354	0	0	0	0	0	0	0	1078	130	2120	0	0	0	120	0	3002	0	172	0	204	0	0	1122	4726	318	4446	0	656	154	494	0	4638	0	6338	0	872	0	772	0	0	0	408	0	0	0	0	0	0	0	0	0	0	0	0	0	0	0	0	0	0	0	0	0	0	0	0	0	0	
799052	Supp_Motor_Area_L	4842	4230	70938	23802	0	0	18480	8288	0	0	7476	3686	4952	5338	1018	212	4438	398	0	60170	0	0	10328	9340	0	0	0	0	11876	2740	9474	14636	12172	36970	494	170	3406	920	1530	284	0	0	0	0	0	0	310	216	0	0	0	0	0	0	1100	128	1086	188	0	0	0	0	0	0	0	0	352	120	17860	678	14920	4174	10868	3584	2468	500	4760	800	330	0	1270	0	698	0	352	0	0	0	156	0	0	0	0	0	0	0	0	0	0	0	0	0	0	0	0	0	0	0	0	0	0	0	0	0	0	0	
810040	Supp_Motor_Area_R	5298	9696	14406	61130	0	0	3108	9686	0	0	1834	7006	902	7580	188	294	918	2476	60170	0	0	0	4662	11538	0	0	0	0	2118	7178	4962	15836	6518	51774	3012	6906	164	3020	0	1852	0	0	0	610	0	638	0	1106	0	470	0	558	0	126	0	1482	544	4322	0	0	0	154	0	122	0	0	1268	4974	13222	14672	5818	22340	786	8814	0	2298	570	13278	0	280	242	764	224	0	0	632	0	0	0	340	0	0	0	0	0	0	0	134	0	0	0	0	0	0	0	0	0	0	0	0	0	0	0	0	0	0	
207408	Olfactory_L	0	0	8566	152	6256	0	6552	0	1582	0	0	0	2352	0	6632	0	0	0	0	0	0	7282	2200	724	324	484	4784	2452	9846	584	5312	4170	0	0	0	0	162	0	1476	0	6046	0	0	0	0	0	0	0	0	0	0	0	0	0	0	0	0	0	0	0	0	0	0	0	0	0	0	0	0	0	8598	3804	11200	1248	250	0	0	0	0	0	0	0	666	0	0	0	0	0	0	0	0	0	0	0	0	0	0	0	0	0	0	0	0	0	0	0	0	0	0	0	0	0	0	0	0	0	
153200	Olfactory_R	0	0	758	3844	376	2388	666	142	0	396	0	0	220	0	402	2788	0	0	0	0	7282	0	150	3596	0	1496	4158	7956	944	3000	4730	8398	0	0	0	0	0	0	0	468	700	246	0	0	0	0	0	0	0	0	0	0	0	0	0	0	0	0	0	0	0	0	0	0	0	0	0	0	0	0	7394	8396	2838	2598	0	0	0	0	0	0	0	0	0	270	0	0	0	0	0	0	0	0	0	0	0	0	0	0	0	0	0	0	0	0	0	0	0	0	0	0	0	0	0	0	0	0	
489516	Frontal_Sup_Medial_L	0	0	44286	14392	4170	394	14726	1480	420	0	1222	190	3764	478	1902	0	204	0	10328	4662	2200	150	0	37482	3222	2118	994	120	8036	600	27918	27200	6348	16982	0	0	144	0	0	0	942	0	0	0	0	0	0	0	0	0	0	0	0	0	0	0	0	0	0	0	0	0	0	0	0	0	0	0	0	0	1134	818	4580	754	0	248	0	0	0	0	0	0	150	0	0	0	0	0	0	0	0	0	0	0	0	0	0	0	0	0	0	0	0	0	0	0	0	0	0	0	0	0	0	0	0	0	
541872	Frontal_Sup_Medial_R	0	158	14748	43292	1230	4762	4162	4864	124	334	344	388	976	1268	472	4146	0	0	9340	11538	724	3596	37482	0	2372	6556	480	5844	2296	5144	17504	42750	3404	21918	0	0	0	0	0	138	302	86	0	0	0	0	0	0	0	0	0	0	0	0	0	0	0	0	0	0	0	0	0	0	0	0	0	0	0	0	520	7734	1656	7266	0	908	0	0	0	0	0	0	0	110	0	0	0	0	0	0	0	0	0	0	0	0	0	0	0	0	0	0	0	0	0	0	0	0	0	0	0	0	0	0	0	0	
51904	Frontal_Med_Orb_L	0	0	1404	470	3330	1168	0	0	198	0	0	0	0	0	88	0	0	0	0	0	324	0	3222	2372	0	4550	2416	618	100	0	4148	970	0	0	0	0	0	0	0	0	0	0	0	0	0	0	0	0	0	0	0	0	0	0	0	0	0	0	0	0	0	0	0	0	0	0	0	0	0	0	118	108	230	118	0	0	0	0	0	0	0	0	0	0	0	0	0	0	0	0	0	0	0	0	0	0	0	0	0	0	0	0	0	0	0	0	0	0	0	0	0	0	0	0	0	0	
96284	Frontal_Med_Orb_R	0	0	714	3330	1088	6344	0	0	0	0	0	0	0	0	0	146	0	0	0	0	484	1496	2118	6556	4550	0	2002	7812	0	226	2696	5434	0	0	0	0	0	0	0	0	0	0	0	0	0	0	0	0	0	0	0	0	0	0	0	0	0	0	0	0	0	0	0	0	0	0	0	0	0	0	150	1924	86	986	0	0	0	0	0	0	0	0	0	0	0	0	0	0	0	0	0	0	0	0	0	0	0	0	0	0	0	0	0	0	0	0	0	0	0	0	0	0	0	0	0	0	
91832	Rectus_L	0	0	1360	108	5236	440	690	0	950	0	0	0	270	0	1552	0	0	0	0	0	4784	4158	994	480	2416	2002	0	2608	1072	138	4670	3322	0	0	0	0	0	0	186	0	458	0	0	0	0	0	0	0	0	0	0	0	0	0	0	0	0	0	0	0	0	0	0	0	0	0	0	0	0	0	4338	1234	2064	262	0	0	0	0	0	0	0	0	124	0	0	0	0	0	0	0	0	0	0	0	0	0	0	0	0	0	0	0	0	0	0	0	0	0	0	0	0	0	0	0	0	0	
134056	Rectus_R	0	0	0	5776	202	6984	0	0	0	348	0	0	0	0	0	2110	0	0	0	0	2452	7956	120	5844	618	7812	2608	0	0	1304	2126	9670	0	0	0	0	0	0	0	0	0	0	0	0	0	0	0	0	0	0	0	0	0	0	0	0	0	0	0	0	0	0	0	0	0	0	0	0	0	0	1744	6002	434	2918	0	0	0	0	0	0	0	0	0	0	0	0	0	0	0	0	0	0	0	0	0	0	0	0	0	0	0	0	0	0	0	0	0	0	0	0	0	0	0	0	0	0	
887508	Insula_L	9698	214	33446	1960	8278	0	26070	826	7082	0	24186	874	37664	1238	27374	354	22898	162	11876	2118	9846	944	8036	2296	100	0	1072	0	0	3110	6022	2672	676	608	302	916	23944	1108	7598	0	11232	144	140	0	240	0	1156	92	420	0	3494	0	532	0	6340	0	8198	0	386	0	1554	0	2786	0	2784	0	826	0	190	0	11872	6120	32006	4602	1632	1738	3324	1154	12964	0	16344	0	8672	0	9728	0	226	0	6826	0	244	0	0	0	0	0	88	0	132	0	0	0	0	0	0	0	0	0	0	0	0	0	0	0	0	0	
606612	Insula_R	542	4488	1264	19218	0	1208	928	12086	0	2482	2570	14928	1820	19650	292	18092	444	9996	2740	7178	584	3000	600	5144	0	226	138	1304	3110	0	1272	14214	0	1722	228	430	220	17054	0	7152	270	3984	0	324	0	174	0	786	0	152	0	250	0	540	0	12128	192	598	0	0	0	134	0	684	0	0	0	534	0	0	5132	19698	1810	32190	136	2640	128	1602	0	5004	0	16690	124	7940	0	6318	0	250	0	5072	0	348	0	0	0	0	0	560	0	590	0	0	0	0	0	0	0	0	0	0	0	0	0	0	0	0	
399344	Cingulum_Ant_L	400	0	16974	6394	3620	434	4572	770	278	0	1042	432	3028	826	950	412	214	0	9474	4962	5312	4730	27918	17504	4148	2696	4670	2126	6022	1272	0	30830	4538	12342	0	0	210	0	132	0	1000	84	0	0	0	0	0	0	0	0	0	0	0	0	0	0	128	0	0	0	0	0	0	0	0	0	0	0	0	0	4642	4894	5938	2986	0	768	0	0	0	0	0	0	0	0	0	0	0	0	0	0	0	0	0	0	0	0	0	0	0	0	0	0	0	0	0	0	0	0	0	0	0	0	0	0	0	0	
663424	Cingulum_Ant_R	144	118	9722	32954	766	2742	2418	3152	98	342	528	2500	1268	5828	588	4992	100	430	14636	15836	4170	8398	27200	42750	970	5434	3322	9670	2672	14214	30830	0	5112	30344	0	0	0	118	0	176	494	174	0	0	0	0	0	0	0	0	0	0	0	0	0	0	0	0	0	0	0	0	0	0	0	0	0	0	0	0	2874	20182	2470	16106	0	3544	0	506	0	0	0	388	0	344	0	88	0	0	0	0	0	0	0	0	0	0	0	0	0	0	0	0	0	0	0	0	0	0	0	0	0	0	0	0	0	0	
254140	Cingulum_Mid_L	806	268	4102	2498	0	0	970	296	0	0	0	0	0	0	0	0	290	0	12172	6518	0	0	6348	3404	0	0	0	0	676	0	4538	5112	0	19242	7348	3344	0	0	0	0	0	0	200	256	844	280	0	0	1920	140	6300	116	170	0	160	0	2542	746	834	0	738	0	258	0	1342	0	12510	3506	9828	1664	0	114	0	0	0	0	0	0	382	0	786	0	0	0	2368	132	0	0	908	94	0	0	0	0	0	0	0	0	0	0	0	0	0	0	0	0	0	0	0	0	0	0	0	0	0	0	
594416	Cingulum_Mid_R	2860	1808	8530	21902	0	0	2124	5780	0	0	338	2266	310	4488	0	176	100	112	36970	51774	0	0	16982	21918	0	0	0	0	608	1722	12342	30344	19242	0	2836	7976	0	468	0	198	0	0	0	800	0	1370	0	360	0	1522	0	1092	0	0	0	246	262	1586	0	130	0	0	0	0	0	0	2678	9096	8970	10192	628	1708	156	1040	0	218	146	620	0	0	0	0	0	0	0	0	0	0	0	214	0	0	0	0	0	0	0	0	0	0	0	0	0	0	0	0	0	0	0	0	0	0	0	0	0	0	
242396	Cingulum_Post_L	8092	2334	0	200	0	0	244	138	0	0	116	0	0	0	0	0	174	100	494	3012	0	0	0	0	0	0	0	0	302	228	0	0	7348	2836	0	13992	6428	4116	1992	1190	0	0	3784	1340	3288	936	1090	1296	1402	386	2436	414	162	96	684	640	3274	866	272	0	160	0	0	0	288	0	16264	6894	5778	2076	776	1020	0	840	0	0	3358	4484	304	0	330	122	0	0	790	864	0	0	236	484	122	0	0	0	0	0	0	0	124	0	0	0	0	0	0	0	0	0	0	0	182	0	0	0	0	0	
287524	Cingulum_Post_R	5356	3670	134	198	0	0	488	192	0	0	234	0	96	0	0	0	294	158	170	6906	0	0	0	0	0	0	0	0	916	430	0	0	3344	7976	13992	0	4642	9234	754	3894	0	0	466	4256	594	2038	498	5910	290	1550	104	954	0	238	94	1630	742	2284	0	128	0	276	0	218	114	216	7892	20254	2498	6394	852	1580	144	1040	0	0	5034	7162	160	144	144	506	0	0	0	2004	0	0	0	1196	0	0	0	0	0	0	0	378	0	120	0	0	0	0	0	0	0	0	0	0	582	0	0	0	0	0	
424556	Hippocampus_L	11634	560	5944	142	136	0	4592	152	422	0	3556	114	2088	86	1670	0	5272	100	3406	164	162	0	144	0	0	0	0	0	23944	220	210	0	0	0	6428	4642	0	4440	25370	1128	11070	0	2998	0	128	0	10330	1084	0	0	1374	0	474	0	16824	376	3628	0	0	0	154	0	112	0	0	0	4386	334	0	0	2028	1384	16094	1188	2146	0	7352	4620	3240	0	4016	0	1472	0	1496	0	0	0	4834	0	652	0	0	0	0	0	750	0	804	0	0	0	0	0	96	0	0	0	0	108	0	0	0	0	0	0	
482656	Hippocampus_R	4406	8206	398	3762	0	0	820	3638	0	0	376	3002	148	1150	0	210	322	2040	920	3020	0	0	0	0	0	0	0	0	1108	17054	0	118	0	468	4116	9234	4440	0	758	38180	0	13050	0	1368	0	0	486	14556	0	0	0	0	0	1036	0	31156	570	1102	0	0	0	0	0	412	0	0	220	4584	94	276	1174	2488	208	20378	0	2642	4128	10230	154	1854	116	3852	0	256	0	772	0	0	0	3854	0	2328	0	272	0	184	0	4582	0	3332	0	0	0	368	0	244	0	0	0	0	542	136	118	142	170	0	
229132	ParaHippocampal_L	2850	116	2596	0	1190	0	1970	0	794	0	772	0	674	0	1850	0	1416	0	1530	0	1476	0	0	0	0	0	186	0	7598	0	132	0	0	0	1992	754	25370	758	0	384	6224	0	1054	0	0	0	9732	408	0	0	608	0	428	0	14906	172	1288	0	0	0	0	0	0	0	0	0	1832	98	0	0	862	422	7876	352	622	0	1202	634	664	0	1060	0	1854	0	664	0	1118	0	1874	0	808	0	0	0	398	0	1300	0	1284	0	0	0	0	0	128	0	0	0	90	196	0	0	0	0	0	0	
329952	ParaHippocampal_R	1186	2296	96	2076	0	168	270	1368	0	0	0	1358	0	590	0	644	0	628	284	1852	0	468	0	138	0	0	0	0	0	7152	0	176	0	198	1190	3894	1128	38180	384	0	0	9776	0	658	0	0	296	13476	0	0	0	0	0	630	0	25282	128	152	0	0	0	0	0	0	0	0	178	2848	0	150	292	668	0	10762	0	1964	758	4022	0	710	0	1710	0	3450	0	318	0	2088	0	2210	0	2596	0	340	0	196	0	6912	0	3788	0	0	0	554	104	508	0	0	0	0	570	238	260	304	356	0	
147656	Amygdala_L	0	0	4756	0	2624	0	3854	0	1306	0	0	0	1448	0	4564	0	0	0	0	0	6046	700	942	302	0	0	458	0	11232	270	1000	494	0	0	0	0	11070	0	6224	0	0	0	0	0	0	0	0	0	0	0	0	0	0	0	3510	0	0	0	0	0	0	0	0	0	0	0	0	0	0	0	1668	1024	6810	522	0	0	0	0	0	0	96	0	1844	0	0	0	0	0	1064	0	0	0	0	0	0	0	0	0	0	0	0	0	0	0	0	0	0	0	0	0	0	0	0	0	0	0	
87760	Amygdala_R	0	0	0	332	0	0	0	124	0	0	0	0	0	0	96	1296	0	0	0	0	0	246	0	86	0	0	0	0	144	3984	84	174	0	0	0	0	0	13050	0	9776	0	0	0	0	0	0	0	0	0	0	0	0	0	0	0	5332	0	0	0	0	0	0	0	0	0	0	0	0	0	0	0	326	186	4694	0	232	0	0	0	0	0	636	0	2450	0	0	0	366	0	128	0	0	0	0	0	0	0	138	0	0	0	0	0	0	0	0	0	0	0	0	0	0	0	0	0	0	
294812	Calcarine_L	300	0	0	0	0	0	0	0	0	0	0	0	0	0	0	0	0	0	0	0	0	0	0	0	0	0	0	0	140	0	0	0	200	0	3784	466	2998	0	1054	0	0	0	0	6912	14874	2910	14402	4826	10430	1442	27578	1498	3742	564	2926	1188	410	0	432	0	760	0	228	0	776	0	14508	1158	146	0	0	0	0	0	0	0	144	0	480	0	206	0	0	0	1710	0	0	0	404	0	696	484	0	0	966	1852	2614	4142	1580	2046	0	0	86	0	264	234	0	0	652	1424	5494	676	90	106	108	296	
296964	Calcarine_R	106	456	0	0	0	0	0	0	0	0	0	0	0	0	0	0	0	114	0	610	0	0	0	0	0	0	0	0	0	324	0	0	256	800	1340	4256	0	1368	0	658	0	0	6912	0	5304	21532	2384	19162	88	16552	0	14696	0	7856	492	6584	0	1630	0	306	0	220	0	194	0	158	2230	21634	238	960	0	0	0	0	0	0	0	0	0	370	0	752	0	0	0	2922	0	0	0	2204	0	908	0	0	0	0	0	194	350	570	0	0	0	0	0	0	0	0	0	0	414	378	0	0	0	0	
209512	Cuneus_L	990	0	0	0	0	0	0	0	0	0	0	0	0	0	0	0	110	0	0	0	0	0	0	0	0	0	0	0	240	0	0	0	844	0	3288	594	128	0	0	0	0	0	14874	5304	0	7122	582	460	21230	2204	11606	1290	634	164	288	188	1014	0	4994	0	838	0	0	0	334	0	17972	4180	502	0	0	0	0	0	0	0	0	0	544	0	246	0	0	0	1634	0	0	0	358	0	0	0	0	0	0	0	0	0	0	0	0	0	0	0	0	0	0	0	0	0	0	0	0	0	0	0	
255396	Cuneus_R	98	240	0	0	0	0	0	0	0	0	0	0	0	0	0	0	0	0	0	638	0	0	0	0	0	0	0	0	0	174	0	0	280	1370	936	2038	0	0	0	0	0	0	2910	21532	7122	0	832	3820	794	26920	178	11180	0	1714	388	1736	0	1782	380	2060	0	718	0	172	0	350	8820	24048	400	1094	0	0	0	0	0	0	0	0	0	146	0	264	0	0	0	1162	0	0	0	356	0	300	0	0	0	0	0	0	206	222	0	0	0	0	0	0	0	0	0	0	138	180	0	0	0	0	
397828	Lingual_L	1450	100	586	0	0	0	626	0	0	0	254	0	118	0	0	0	312	0	310	0	0	0	0	0	0	0	0	0	1156	0	0	0	0	0	1090	498	10330	486	9732	296	0	0	14402	2384	582	832	0	6514	1636	848	16776	1070	11822	572	27602	3040	608	0	0	0	130	0	96	0	104	0	3310	0	0	0	316	214	2558	216	100	0	1010	384	280	0	270	0	0	0	438	0	0	0	984	0	7828	1382	0	0	954	266	19132	3636	18956	3014	194	0	146	0	314	198	0	0	278	402	10434	4004	160	122	286	766	
432508	Lingual_R	1308	1696	110	1236	0	0	350	728	0	0	0	548	0	152	0	0	0	354	216	1106	0	0	0	0	0	0	0	0	92	786	0	0	0	360	1296	5910	1084	14556	408	13476	0	0	4826	19162	460	3820	6514	0	0	3768	294	4500	1028	9396	3558	26494	144	432	0	0	0	0	0	0	0	0	714	7840	100	334	374	598	0	3182	0	790	848	4790	0	214	0	518	0	0	0	412	0	0	0	1092	2228	4614	0	0	212	250	5726	12534	8456	9976	472	0	440	0	166	0	0	0	0	154	11948	6936	168	0	0	0	
231288	Occipital_Sup_L	976	0	0	0	0	0	0	0	0	0	0	0	0	0	0	0	166	0	0	0	0	0	0	0	0	0	0	0	420	0	0	0	1920	0	1402	290	0	0	0	0	0	0	10430	88	21230	794	1636	0	0	244	31276	0	1926	0	248	0	1548	0	9648	0	5106	0	500	0	2948	0	17332	1618	1068	0	0	0	0	0	0	0	0	0	370	0	508	0	0	0	1670	0	0	0	282	0	0	0	0	0	0	0	0	0	0	0	0	0	0	0	0	0	0	0	0	0	0	0	0	0	0	0	
240888	Occipital_Sup_R	152	432	0	0	0	0	0	106	0	0	0	0	0	0	0	0	0	0	0	470	0	0	0	0	0	0	0	0	0	152	0	0	140	1522	386	1550	0	0	0	0	0	0	1442	16552	2204	26920	848	3768	244	0	0	21088	0	1568	368	1770	0	2782	0	5284	0	1144	0	344	0	4426	2694	16334	166	892	0	0	0	0	0	0	0	0	0	174	0	638	0	0	0	2100	0	0	0	994	0	254	0	0	0	0	0	0	182	190	0	0	0	0	0	0	0	0	0	0	0	164	0	0	0	0	
543036	Occipital_Mid_L	1458	0	0	0	0	0	0	0	0	0	0	0	0	0	0	0	2156	0	0	0	0	0	0	0	0	0	0	0	3494	0	0	0	6300	0	2436	104	1374	0	608	0	0	0	27578	0	11606	178	16776	294	31276	0	0	0	17118	0	8742	132	11240	0	13090	0	15732	0	3712	0	21390	0	23176	242	2776	0	138	164	92	0	0	0	116	0	4966	0	6338	0	0	0	23894	0	0	0	6914	0	1040	0	0	0	0	0	1676	102	2088	156	0	0	0	0	0	0	0	0	0	0	530	316	0	0	0	0	
213620	Occipital_Mid_R	118	336	0	0	0	0	0	0	0	0	0	0	0	0	0	0	0	0	0	558	0	0	0	0	0	0	0	0	0	250	0	0	116	1092	414	954	0	0	0	0	0	0	1498	14696	1290	11180	1070	4500	0	21088	0	0	0	5340	436	2962	0	928	0	788	0	1994	0	778	0	9334	1262	8728	118	902	0	0	0	0	0	0	0	0	0	416	0	1380	0	0	0	8698	0	0	0	2126	0	312	0	0	0	0	0	142	256	354	0	0	0	0	0	0	0	0	0	0	94	302	0	0	0	0	
171540	Occipital_Inf_L	0	0	0	0	0	0	0	0	0	0	0	0	0	0	0	0	258	0	0	0	0	0	0	0	0	0	0	0	532	0	0	0	170	0	162	0	474	0	428	0	0	0	3742	0	634	0	11822	1028	1926	0	17118	0	0	112	16330	490	378	0	298	0	822	0	518	0	962	0	1366	0	0	0	0	0	0	0	0	0	0	0	2026	0	1706	0	0	0	3420	0	0	0	6056	0	1854	194	0	0	0	0	2898	338	5072	398	0	0	0	0	0	0	0	0	0	0	1326	912	0	0	0	0	
156116	Occipital_Inf_R	0	162	0	0	0	0	0	0	0	0	0	0	0	0	0	0	0	0	0	126	0	0	0	0	0	0	0	0	0	540	0	0	0	0	96	238	0	1036	0	630	0	0	564	7856	164	1714	572	9396	0	1568	0	5340	112	0	614	16328	0	0	0	0	0	0	0	126	0	0	456	874	0	90	0	0	0	100	0	0	0	0	0	318	0	580	0	0	0	2106	0	0	0	6756	676	762	0	0	108	0	1614	3452	1858	5330	0	0	0	0	274	0	0	0	0	0	3394	1956	0	0	0	172	
537132	Fusiform_L	1182	0	1192	0	0	0	534	0	0	0	360	0	156	0	238	0	582	0	1100	0	0	0	0	0	0	0	0	0	6340	0	0	0	160	0	684	94	16824	0	14906	0	3510	0	2926	492	288	388	27602	3558	248	368	8742	436	16330	614	0	2438	1128	0	146	0	540	0	528	0	508	0	1782	98	0	0	156	100	3978	0	190	0	346	0	3210	0	5470	0	2516	0	6836	0	948	0	23208	0	26576	1374	368	0	230	0	18308	2618	37326	2858	1438	0	1384	0	762	0	0	0	0	112	6884	3100	306	398	386	158	
651084	Fusiform_R	396	2402	0	1058	0	0	0	1044	0	268	0	902	0	308	0	1578	0	1078	128	1482	0	0	0	0	0	0	0	0	0	12128	0	0	0	246	640	1630	376	31156	172	25282	0	5332	1188	6584	188	1736	3040	26494	0	1770	132	2962	490	16328	2438	0	0	472	0	0	0	116	0	474	0	228	838	2160	0	452	134	306	0	7604	0	1246	134	974	0	1560	0	5496	0	6992	0	4450	0	2504	0	17146	2092	23432	0	1594	326	1242	5460	21760	7166	34760	270	248	332	1288	612	648	0	0	0	272	10836	6924	554	452	582	450	
407928	Postcentral_L	37094	584	2068	216	0	0	3920	248	0	0	10154	188	3112	180	0	0	11410	130	1086	544	0	0	0	0	0	0	0	0	8198	192	128	0	2542	262	3274	742	3628	570	1288	128	0	0	410	0	1014	0	608	144	1548	0	11240	0	378	0	1128	0	0	0	12126	0	18942	0	13440	0	5440	0	8720	148	4530	160	2650	1576	4542	906	1028	0	1774	896	5138	0	9802	0	0	0	2928	0	0	0	862	0	0	0	0	0	0	0	0	0	0	0	0	0	0	0	0	0	0	0	0	0	0	0	0	0	0	0	
167480	Postcentral_R	740	10740	228	958	0	0	212	1184	0	0	0	1562	0	390	0	0	0	2120	188	4322	0	0	0	0	0	0	0	0	0	598	0	0	746	1586	866	2284	0	1102	0	152	0	0	0	1630	0	1782	0	432	0	2782	0	928	0	0	0	472	0	0	0	7578	0	5266	0	6788	0	1432	1054	10304	778	6994	294	716	0	532	0	92	222	982	0	262	0	1218	0	0	0	602	0	0	0	622	0	0	0	0	0	0	0	0	0	0	0	0	0	0	0	0	0	0	0	0	0	0	0	0	0	0	
168764	Parietal_Sup_L	412	0	0	0	0	0	0	0	0	0	0	0	0	0	0	0	716	0	0	0	0	0	0	0	0	0	0	0	386	0	0	0	834	0	272	0	0	0	0	0	0	0	432	0	4994	380	0	0	9648	0	13090	0	298	0	146	0	12126	0	0	0	12948	0	96	0	5174	0	15164	596	1016	0	186	138	0	104	0	0	90	0	208	0	4066	0	0	0	684	0	0	0	178	0	0	0	0	0	0	0	0	0	0	0	0	0	0	0	0	0	0	0	0	0	0	0	0	0	0	0	
76088	Parietal_Sup_R	0	568	0	0	0	0	0	210	0	0	0	0	0	0	0	0	0	0	0	0	0	0	0	0	0	0	0	0	0	0	0	0	0	130	0	128	0	0	0	0	0	0	0	306	0	2060	0	0	0	5284	0	788	0	0	0	0	0	7578	0	0	0	6484	0	506	0	4552	338	8166	0	166	0	0	0	0	0	0	0	0	0	118	0	510	0	0	0	152	0	0	0	0	0	0	0	0	0	0	0	0	0	0	0	0	0	0	0	0	0	0	0	0	0	0	0	0	0	0	
216504	Parietal_Inf_L	2684	0	0	0	0	0	204	0	0	0	302	0	134	0	0	0	1324	0	0	0	0	0	0	0	0	0	0	0	1554	0	0	0	738	0	160	0	154	0	0	0	0	0	760	0	838	0	130	0	5106	0	15732	0	822	0	540	0	18942	0	12948	0	0	0	16260	0	18180	0	2454	0	354	0	528	418	294	296	110	0	0	0	778	0	3238	0	0	0	1564	0	0	0	706	0	0	0	0	0	0	0	0	0	0	0	0	0	0	0	0	0	0	0	0	0	0	0	0	0	0	0	
77284	Parietal_Inf_R	0	702	0	0	0	0	0	122	0	0	0	0	0	0	0	0	0	120	0	154	0	0	0	0	0	0	0	0	0	134	0	0	0	0	0	276	0	0	0	0	0	0	0	220	0	718	0	0	0	1144	0	1994	0	0	0	116	0	5266	0	6484	0	0	0	6594	0	9204	122	1750	0	274	0	0	0	0	0	0	0	0	0	358	0	1772	0	0	0	606	0	0	0	512	0	0	0	0	0	0	0	0	0	0	0	0	0	0	0	0	0	0	0	0	0	0	0	0	0	0	
137432	SupraMarginal_L	1252	0	0	0	0	0	0	0	0	0	262	0	0	0	0	0	4228	0	0	0	0	0	0	0	0	0	0	0	2786	0	0	0	258	0	0	0	112	0	0	0	0	0	228	0	0	0	96	0	500	0	3712	0	518	0	528	0	13440	0	96	0	16260	0	0	0	8522	0	294	0	0	0	0	124	258	0	0	0	0	0	2606	0	6838	0	0	0	4900	0	0	0	898	0	0	0	0	0	0	0	0	0	0	0	0	0	0	0	0	0	0	0	0	0	0	0	0	0	0	0	
76244	SupraMarginal_R	0	288	0	0	0	0	0	0	0	0	0	0	0	0	0	0	0	3002	0	122	0	0	0	0	0	0	0	0	0	684	0	0	0	0	0	218	0	412	0	0	0	0	0	194	0	172	0	0	0	344	0	778	0	126	0	474	0	6788	0	506	0	6594	0	0	0	4160	0	552	0	0	0	0	0	0	0	0	0	0	0	662	0	8290	0	0	0	2698	0	0	0	1058	0	0	0	0	0	0	0	0	0	0	0	0	0	0	0	0	0	0	0	0	0	0	0	0	0	0	
181128	Angular_L	956	0	0	0	0	0	86	0	0	0	90	0	0	0	0	0	1530	0	0	0	0	0	0	0	0	0	0	0	2784	0	0	0	1342	0	288	114	0	0	0	0	0	0	776	0	334	0	104	0	2948	0	21390	0	962	0	508	0	5440	0	5174	0	18180	0	8522	0	0	0	1224	0	240	0	406	402	0	226	0	0	166	110	2068	0	4840	0	0	0	8366	0	0	0	988	0	0	0	0	0	0	0	0	0	0	0	0	0	0	0	0	0	0	0	0	0	0	0	0	0	0	0	
91608	Angular_R	0	202	0	0	0	0	0	0	0	0	0	0	0	0	0	0	0	172	0	0	0	0	0	0	0	0	0	0	0	0	0	0	0	0	0	216	0	0	0	0	0	0	0	158	0	350	0	0	0	4426	0	9334	0	0	0	228	0	1432	0	4552	0	9204	0	4160	0	0	102	2168	0	158	0	0	0	0	0	0	0	0	0	342	0	4104	0	0	0	3152	0	0	0	1344	0	0	0	0	0	0	0	0	0	0	0	0	0	0	0	0	0	0	0	0	0	0	0	0	0	0	
440452	Precuneus_L	2852	250	0	0	0	0	0	0	0	0	168	0	104	0	0	0	502	0	352	1268	0	0	0	0	0	0	0	0	826	0	0	0	12510	2678	16264	7892	4386	220	1832	178	0	0	14508	2230	17972	8820	3310	714	17332	2694	23176	1262	1366	456	1782	838	8720	1054	15164	338	2454	122	294	0	1224	102	0	20428	6436	1230	140	132	0	0	0	0	214	90	1052	0	1804	128	0	0	3746	910	0	0	732	516	210	128	0	0	98	276	268	1034	272	632	0	0	0	0	0	0	0	0	96	144	1296	0	0	0	0	0	
433544	Precuneus_R	912	2674	0	0	0	0	102	402	0	0	0	0	0	0	0	0	0	204	120	4974	0	0	0	0	0	0	0	0	0	534	0	0	3506	9096	6894	20254	334	4584	98	2848	0	0	1158	21634	4180	24048	0	7840	1618	16334	242	8728	0	874	98	2160	148	10304	596	8166	0	1750	0	552	0	2168	20428	0	2634	8746	150	114	0	98	0	0	310	1014	0	564	0	1862	0	0	0	5396	0	0	0	3240	0	0	0	0	0	0	102	580	116	190	0	0	0	0	0	0	0	0	0	0	1094	0	0	0	0	0	
206232	Paracentral_Lobule_L	4844	2354	1944	1550	0	0	184	184	0	0	0	0	0	0	0	0	142	0	17860	13222	0	0	0	0	0	0	0	0	190	0	0	0	9828	8970	5778	2498	0	94	0	0	0	0	146	238	502	400	0	100	1068	166	2776	118	0	0	0	0	4530	778	1016	0	354	0	0	0	240	0	6436	2634	0	5600	1678	1000	294	216	0	0	2612	460	0	0	0	0	0	0	112	0	0	0	0	0	0	0	0	0	0	0	0	0	0	0	0	0	0	0	0	0	0	0	0	0	0	0	0	0	0	0	
145360	Paracentral_Lobule_R	1374	4554	208	504	0	0	0	0	0	0	0	0	0	0	0	0	0	0	678	14672	0	0	0	0	0	0	0	0	0	0	0	0	1664	10192	2076	6394	0	276	0	150	0	0	0	960	0	1094	0	334	0	892	0	902	0	90	0	452	160	6994	0	166	0	274	0	0	0	158	1230	8746	5600	0	0	250	0	0	0	0	0	280	0	0	0	410	0	0	0	640	0	0	0	306	0	0	0	0	0	0	0	0	0	0	0	0	0	0	0	0	0	0	0	0	0	0	0	0	0	0	
525932	Caudate_L	9600	4014	15424	5522	1568	0	9626	3278	326	0	11012	2816	7482	2456	2726	172	2432	1122	14920	5818	8598	7394	1134	520	118	150	4338	1744	11872	5132	4642	2874	0	628	776	852	2028	1174	862	292	1668	0	0	0	0	0	316	374	0	0	138	0	0	0	156	134	2650	294	186	0	528	0	0	0	406	0	140	150	1678	0	0	26374	28524	14720	4720	3334	13830	5390	194	134	508	0	834	0	144	0	0	0	0	0	0	0	0	0	0	0	0	0	0	0	0	0	0	0	0	0	0	0	0	0	0	0	0	0	0	0	
651996	Caudate_R	5684	5128	3912	24222	216	2780	3270	5308	0	232	3754	8502	3384	6356	842	3478	766	4726	4174	22340	3804	8396	818	7734	108	1924	1234	6002	6120	19698	4894	20182	114	1708	1020	1580	1384	2488	422	668	1024	326	0	0	0	0	214	598	0	0	164	0	0	0	100	306	1576	716	138	0	418	0	124	0	402	0	132	114	1000	250	26374	0	8820	43834	724	10786	5178	21164	100	370	232	708	196	308	120	110	0	0	0	0	0	0	0	0	0	0	0	0	0	0	0	0	0	0	0	0	0	0	0	0	0	0	0	0	0	0	
548808	Putamen_L	9144	546	22988	1036	4996	0	14564	800	2306	0	5958	344	8740	318	8420	186	6046	318	10868	786	11200	2838	4580	1656	230	86	2064	434	32006	1810	5938	2470	0	156	0	144	16094	208	7876	0	6810	186	0	0	0	0	2558	0	0	0	92	0	0	0	3978	0	4542	0	0	0	294	0	258	0	0	0	0	0	294	0	28524	8820	0	5820	9848	1658	5990	904	938	0	1618	0	904	0	834	0	0	0	1240	0	140	0	0	0	0	0	0	0	0	0	0	0	0	0	0	0	0	0	0	0	0	0	0	0	0	0	
622892	Putamen_R	3264	6602	4460	18292	96	1906	4562	11386	106	370	1952	6168	3172	4226	726	4550	240	4446	3584	8814	1248	2598	754	7266	118	986	262	2918	4602	32190	2986	16106	0	1040	840	1040	1188	20378	352	10762	522	4694	0	0	0	0	216	3182	0	0	0	0	0	100	0	7604	906	532	104	0	296	0	0	0	226	0	0	98	216	0	14720	43834	5820	0	290	18552	1692	5428	0	160	106	2060	84	566	0	258	0	0	0	704	0	416	0	0	0	84	0	764	0	656	0	0	0	0	0	0	0	0	0	0	0	0	0	0	0	0	
71456	Pallidum_L	2274	98	3490	0	0	0	1508	0	0	0	270	0	162	0	124	0	1294	0	2468	0	250	0	0	0	0	0	0	0	1632	136	0	0	0	0	0	0	2146	0	622	0	0	0	0	0	0	0	100	0	0	0	0	0	0	0	190	0	1028	0	0	0	110	0	0	0	0	0	0	0	0	0	4720	724	9848	290	0	308	1396	142	236	0	162	0	0	0	0	0	0	0	0	0	0	0	0	0	0	0	0	0	0	0	0	0	0	0	0	0	0	0	0	0	0	0	0	0	0	0	
140280	Pallidum_R	154	1592	434	3860	0	0	402	2460	0	0	648	1022	1578	1324	214	302	0	656	500	2298	0	0	248	908	0	0	0	0	1738	2640	768	3544	0	218	0	0	0	2642	0	1964	0	232	0	0	0	0	0	790	0	0	0	0	0	0	0	1246	0	92	0	0	0	0	0	0	0	0	0	0	0	0	3334	10786	1658	18552	308	0	0	452	0	0	0	116	0	0	0	0	0	0	0	0	0	130	0	0	0	0	0	186	0	144	0	0	0	0	0	0	0	0	0	0	0	0	0	0	0	0	
226140	Thalamus_L	12002	1608	7190	626	0	0	4334	454	0	0	760	210	292	0	0	0	1330	154	4760	570	0	0	0	0	0	0	0	0	3324	128	0	0	0	146	3358	5034	7352	4128	1202	758	0	0	144	0	0	0	1010	848	0	0	116	0	0	0	346	134	1774	222	90	0	0	0	0	0	166	0	214	310	2612	0	13830	5178	5990	1692	1396	0	0	15610	388	0	512	0	0	0	116	0	0	0	170	0	0	0	0	0	0	0	0	0	0	0	0	0	0	0	0	0	0	0	178	304	0	0	0	0	0	0	
275344	Thalamus_R	7364	3896	638	11118	0	0	1564	740	0	0	362	1062	148	530	0	0	362	494	800	13278	0	0	0	0	0	0	0	0	1154	1602	0	506	0	620	4484	7162	4620	10230	634	4022	0	0	0	0	0	0	384	4790	0	0	0	0	0	0	0	974	896	982	0	0	0	0	0	0	110	0	90	1014	460	280	5390	21164	904	5428	142	452	15610	0	168	100	158	100	0	0	0	0	0	0	0	0	0	0	0	0	0	0	0	408	0	0	0	0	0	0	0	0	0	0	0	0	278	0	0	0	0	0	
201556	Heschl_L	3324	0	380	0	0	0	316	0	0	0	2362	0	754	0	0	0	12004	0	330	0	0	0	0	0	0	0	0	0	12964	0	0	0	382	0	304	160	3240	154	664	0	0	0	480	0	544	0	280	0	370	0	4966	0	2026	0	3210	0	5138	0	208	0	778	0	2606	0	2068	0	1052	0	0	0	194	100	938	0	236	0	388	168	0	0	18392	0	0	0	12998	0	0	0	5970	0	330	0	0	0	0	0	0	0	0	0	0	0	0	0	0	0	0	0	0	0	0	0	0	0	0	0	
64792	Heschl_R	0	334	0	232	0	0	0	178	0	0	88	90	0	0	0	0	0	4638	0	280	0	0	0	0	0	0	0	0	0	5004	0	0	0	0	0	144	0	1854	0	710	0	0	0	370	0	146	0	214	0	174	0	416	0	318	0	1560	0	262	0	118	0	358	0	662	0	342	0	564	0	0	134	370	0	160	0	0	0	100	0	0	0	7618	0	0	0	2898	0	0	0	2060	0	0	0	0	0	0	0	0	0	0	0	0	0	0	0	0	0	0	0	0	0	0	0	0	0	0	
328824	Temporal_Sup_L	2784	0	1306	180	0	0	518	0	0	0	4984	0	1540	0	1772	0	15090	0	1270	242	0	0	0	0	0	0	0	0	16344	0	0	0	786	0	330	144	4016	116	1060	0	96	0	206	0	246	0	270	0	508	0	6338	0	1706	0	5470	0	9802	0	4066	0	3238	0	6838	0	4840	0	1804	0	0	0	508	232	1618	106	162	0	512	158	18392	0	0	0	6246	0	27912	0	0	0	9966	0	520	0	0	0	0	0	0	0	170	0	0	0	0	0	0	0	0	0	0	0	0	0	0	0	0	0	
224408	Temporal_Sup_R	162	950	0	458	0	0	0	218	0	0	0	1232	0	204	0	2610	0	6338	0	764	0	0	0	0	0	0	0	0	0	16690	0	388	0	0	122	506	0	3852	0	1710	0	636	0	752	0	264	0	518	0	638	0	1380	0	580	0	5496	0	1218	0	510	0	1772	0	8290	0	4104	128	1862	0	410	0	708	0	2060	0	116	0	100	0	7618	0	0	0	6274	0	20894	0	580	0	9092	0	0	0	0	0	0	0	0	0	0	0	0	0	0	0	0	0	0	0	0	0	0	0	0	0	0	
145144	Temporal_Pole_Sup_L	0	0	2138	188	1810	0	1060	0	1586	0	3640	128	2220	0	7970	0	3938	0	698	224	666	0	150	0	0	0	124	0	8672	124	0	0	0	0	0	0	1472	0	1854	0	1844	0	0	0	0	0	0	0	0	0	0	0	0	0	2516	0	0	0	0	0	0	0	0	0	0	0	0	0	0	0	834	196	904	84	0	0	0	0	0	0	6246	0	0	0	9524	0	3778	0	7984	0	0	0	0	0	0	0	0	0	0	0	0	0	0	0	0	0	0	0	0	0	0	0	0	0	0	0	
107228	Temporal_Pole_Sup_R	0	0	0	194	0	0	0	0	0	516	0	524	0	128	0	5634	0	872	0	0	0	270	0	110	0	0	0	0	0	7940	0	344	0	0	0	0	0	256	0	3450	0	2450	0	0	0	0	0	0	0	0	0	0	0	0	0	6992	0	0	0	0	0	0	0	0	0	0	0	0	0	0	0	308	0	566	0	0	0	0	0	0	0	6274	0	0	0	6528	0	6100	0	4158	0	0	0	0	0	0	0	0	0	0	0	0	0	0	0	0	0	0	0	0	0	0	0	0	0	0	
344900	Temporal_Mid_L	932	0	430	0	0	0	200	0	0	0	1160	0	454	0	1138	0	5174	0	352	0	0	0	0	0	0	0	0	0	9728	0	0	0	2368	0	790	0	1496	0	664	0	0	0	1710	0	1634	0	438	0	1670	0	23894	0	3420	0	6836	0	2928	0	684	0	1564	0	4900	0	8366	0	3746	0	112	0	144	120	834	0	0	0	116	0	12998	0	27912	0	9524	0	0	0	2212	0	29220	0	1078	0	0	0	0	0	0	0	758	0	370	0	376	0	0	0	0	0	0	0	0	0	0	0	0	0	
208412	Temporal_Mid_R	162	994	0	0	0	0	0	298	0	0	0	426	0	0	0	1530	0	772	0	632	0	0	0	0	0	0	0	0	0	6318	0	88	132	0	864	2004	0	772	0	318	0	0	0	2922	0	1162	0	412	0	2100	0	8698	0	2106	0	4450	0	602	0	152	0	606	0	2698	0	3152	910	5396	0	640	0	110	0	258	0	0	0	0	0	2898	0	20894	0	6528	0	0	0	3032	0	19072	0	0	0	0	0	0	0	0	0	98	0	0	0	0	0	0	0	0	0	0	0	0	0	0	0	0	
22636	Temporal_Pole_Mid_L	0	0	88	0	0	0	0	0	0	0	0	0	0	0	336	0	0	0	0	0	0	0	0	0	0	0	0	0	226	0	0	0	0	0	0	0	0	0	1118	0	0	0	0	0	0	0	0	0	0	0	0	0	0	0	948	0	0	0	0	0	0	0	0	0	0	0	0	0	0	0	0	0	0	0	0	0	0	0	0	0	0	0	3778	0	2212	0	0	0	2612	0	0	0	0	0	0	0	0	0	0	0	0	0	0	0	0	0	0	0	0	0	0	0	0	0	0	0	
37196	Temporal_Pole_Mid_R	0	0	0	0	0	0	0	0	0	0	0	0	0	0	0	140	0	0	0	0	0	0	0	0	0	0	0	0	0	250	0	0	0	0	0	0	0	0	0	2088	0	366	0	0	0	0	0	0	0	0	0	0	0	0	0	2504	0	0	0	0	0	0	0	0	0	0	0	0	0	0	0	0	0	0	0	0	0	0	0	0	0	580	0	6100	0	3032	0	0	0	3538	0	0	0	0	0	0	0	0	0	0	0	0	0	0	0	0	0	0	0	0	0	0	0	0	0	0	
288884	Temporal_Inf_L	524	0	272	0	0	0	208	0	0	0	274	0	0	0	384	0	922	0	156	0	0	0	0	0	0	0	0	0	6826	0	0	0	908	0	236	0	4834	0	1874	0	1064	0	404	0	358	0	984	0	282	0	6914	0	6056	0	23208	0	862	0	178	0	706	0	898	0	988	0	732	0	0	0	0	0	1240	0	0	0	170	0	5970	0	9966	0	7984	0	29220	0	2612	0	0	0	11522	0	92	0	424	0	2938	0	7644	0	1796	0	1674	0	0	0	0	0	0	0	138	0	0	0	0	0	
195504	Temporal_Inf_R	132	796	0	166	0	0	0	290	0	298	0	110	0	0	0	1156	0	408	0	340	0	0	0	0	0	0	0	0	0	5072	0	0	94	214	484	1196	0	3854	0	2210	0	128	0	2204	0	356	0	1092	0	994	0	2126	0	6756	0	17146	0	622	0	0	0	512	0	1058	0	1344	516	3240	0	306	0	0	0	704	0	0	0	0	0	2060	0	9092	0	4158	0	19072	0	3538	0	0	0	2702	0	118	0	0	0	190	0	898	0	0	0	0	0	0	0	0	0	0	0	0	0	0	0	0	
539108	Cerebelum_Crus1_L	0	0	0	0	0	0	0	0	0	0	0	0	0	0	0	0	0	0	0	0	0	0	0	0	0	0	0	0	244	0	0	0	0	0	122	0	652	0	808	0	0	0	696	0	0	0	7828	2228	0	0	1040	0	1854	676	26576	2092	0	0	0	0	0	0	0	0	0	0	210	0	0	0	0	0	140	0	0	0	0	0	330	0	520	0	0	0	1078	0	0	0	11522	0	0	5012	30790	4606	2320	460	18804	3094	54252	5854	24236	952	25224	738	6416	190	1012	0	0	826	7036	9916	7584	1016	332	268	
472916	Cerebelum_Crus1_R	0	0	0	0	0	0	0	0	0	0	0	0	0	0	0	0	0	0	0	0	0	0	0	0	0	0	0	0	0	348	0	0	0	0	0	0	0	2328	0	2596	0	0	484	908	0	300	1382	4614	0	254	0	312	194	762	1374	23432	0	0	0	0	0	0	0	0	0	0	128	0	0	0	0	0	0	416	0	130	0	0	0	0	0	0	0	0	0	0	0	0	0	2702	5012	0	2402	24500	722	6586	4826	18336	10116	55092	1894	7938	1648	14614	1640	1578	0	252	334	872	8448	16466	6130	1154	1458	1776	
253704	Cerebelum_Crus2_L	0	0	0	0	0	0	0	0	0	0	0	0	0	0	0	0	0	0	0	0	0	0	0	0	0	0	0	0	0	0	0	0	0	0	0	0	0	0	0	0	0	0	0	0	0	0	0	0	0	0	0	0	0	0	368	0	0	0	0	0	0	0	0	0	0	0	0	0	0	0	0	0	0	0	0	0	0	0	0	0	0	0	0	0	0	0	0	0	92	0	30790	2402	0	5116	304	0	270	116	5652	1336	28778	1320	28282	1038	6230	222	334	0	0	0	258	4510	7262	1764	408	0	
263840	Cerebelum_Crus2_R	0	0	0	0	0	0	0	0	0	0	0	0	0	0	0	0	0	0	0	0	0	0	0	0	0	0	0	0	0	0	0	0	0	0	0	0	0	272	0	340	0	0	0	0	0	0	0	0	0	0	0	0	0	0	0	1594	0	0	0	0	0	0	0	0	0	0	0	0	0	0	0	0	0	0	0	0	0	0	0	0	0	0	0	0	0	0	0	0	0	118	4606	24500	5116	0	136	1150	88	1608	3232	10520	3868	18474	4492	26222	510	3870	0	2396	0	98	246	5352	9552	2932	392	236	
101884	Cerebelum_3_L	0	0	0	0	0	0	0	0	0	0	0	0	0	0	0	0	0	0	0	0	0	0	0	0	0	0	0	0	0	0	0	0	0	0	0	0	0	0	398	0	0	0	966	0	0	0	954	212	0	0	0	0	0	108	230	326	0	0	0	0	0	0	0	0	0	0	98	0	0	0	0	0	0	0	0	0	0	0	0	0	0	0	0	0	0	0	0	0	424	0	2320	722	304	136	0	1264	10278	1928	4392	1566	888	0	1384	802	3790	468	140	0	2002	4590	4944	2126	872	852	932	526	
111744	Cerebelum_3_R	0	0	0	0	0	0	0	0	0	0	0	0	0	0	0	0	0	0	0	0	0	0	0	0	0	0	0	0	0	0	0	0	0	0	0	0	0	184	0	196	0	0	1852	0	0	0	266	250	0	0	0	0	0	0	0	1242	0	0	0	0	0	0	0	0	0	0	276	0	0	0	0	0	0	84	0	0	0	0	0	0	0	0	0	0	0	0	0	0	0	0	460	6586	0	1150	1264	0	1742	10156	934	9618	168	210	332	1482	824	1844	0	0	1326	4116	3244	1696	1122	1350	1382	516	
436920	Cerebelum_4_5_L	0	0	0	0	0	0	0	0	0	0	0	0	0	0	0	0	0	0	0	0	0	0	0	0	0	0	0	0	88	0	0	0	0	0	0	0	750	0	1300	0	0	0	2614	0	0	0	19132	5726	0	0	1676	0	2898	1614	18308	5460	0	0	0	0	0	0	0	0	0	0	268	102	0	0	0	0	0	0	0	0	0	0	0	0	0	0	0	0	0	0	0	0	2938	0	18804	4826	270	88	10278	1742	0	11320	38714	8730	2566	0	2808	430	7042	804	0	0	1384	3594	26248	7698	482	1938	2122	3698	
391668	Cerebelum_4_5_R	116	122	0	118	0	0	0	0	0	0	0	92	0	0	0	0	0	0	0	134	0	0	0	0	0	0	0	0	0	560	0	0	0	0	0	378	0	4582	0	6912	0	138	4142	194	0	0	3636	12534	0	0	102	142	338	3452	2618	21760	0	0	0	0	0	0	0	0	0	0	1034	580	0	0	0	0	0	764	0	186	0	408	0	0	0	0	0	0	0	0	0	0	0	190	3094	18336	116	1608	1928	10156	11320	0	7242	31920	608	340	878	2146	2252	2438	0	0	980	2724	21120	4548	1494	1686	1852	1816	
638080	Cerebelum_6_L	0	0	0	0	0	0	0	0	0	0	0	0	0	0	0	0	0	0	0	0	0	0	0	0	0	0	0	0	132	0	0	0	0	0	124	0	804	0	1284	0	0	0	1580	350	0	206	18956	8456	0	182	2088	256	5072	1858	37326	7166	0	0	0	0	0	0	0	0	0	0	272	116	0	0	0	0	0	0	0	0	0	0	0	0	170	0	0	0	758	0	0	0	7644	0	54252	10116	5652	3232	4392	934	38714	7242	0	15078	11826	924	11698	1902	5624	370	1008	110	138	1576	18170	21268	7196	1114	518	1186	
570456	Cerebelum_6_R	0	0	0	0	0	0	0	0	0	0	0	0	0	0	0	0	0	0	0	0	0	0	0	0	0	0	0	0	0	590	0	0	0	0	0	120	0	3332	0	3788	0	0	2046	570	0	222	3014	9976	0	190	156	354	398	5330	2858	34760	0	0	0	0	0	0	0	0	0	0	632	190	0	0	0	0	0	656	0	144	0	0	0	0	0	0	0	0	0	98	0	0	0	898	5854	55092	1336	10520	1566	9618	8730	31920	15078	0	1480	1350	2230	8538	2792	3884	0	1522	688	1716	16494	22150	5710	1698	2564	2376	
301432	Cerebelum_7b_L	0	0	0	0	0	0	0	0	0	0	0	0	0	0	0	0	0	0	0	0	0	0	0	0	0	0	0	0	0	0	0	0	0	0	0	0	0	0	0	0	0	0	0	0	0	0	194	472	0	0	0	0	0	0	1438	270	0	0	0	0	0	0	0	0	0	0	0	0	0	0	0	0	0	0	0	0	0	0	0	0	0	0	0	0	370	0	0	0	1796	0	24236	1894	28778	3868	888	168	2566	608	11826	1480	0	1226	40278	1202	11190	264	1618	0	0	288	1436	4746	5564	1520	442	90	
124088	Cerebelum_7b_R	0	0	0	0	0	0	0	0	0	0	0	0	0	0	0	0	0	0	0	0	0	0	0	0	0	0	0	0	0	0	0	0	0	0	0	0	0	0	0	0	0	0	0	0	0	0	0	0	0	0	0	0	0	0	0	248	0	0	0	0	0	0	0	0	0	0	0	0	0	0	0	0	0	0	0	0	0	0	0	0	0	0	0	0	0	0	0	0	0	0	952	7938	1320	18474	0	210	0	340	924	1350	1226	0	1728	18256	0	2568	0	1296	0	0	0	1398	2382	1304	130	0	
359384	Cerebelum_8_L	0	0	0	0	0	0	0	0	0	0	0	0	0	0	0	0	0	0	0	0	0	0	0	0	0	0	0	0	0	0	0	0	0	0	0	0	0	0	0	0	0	0	86	0	0	0	146	440	0	0	0	0	0	0	1384	332	0	0	0	0	0	0	0	0	0	0	0	0	0	0	0	0	0	0	0	0	0	0	0	0	0	0	0	0	376	0	0	0	1674	0	25224	1648	28282	4492	1384	332	2808	878	11698	2230	40278	1728	0	3864	21242	1324	2210	102	0	368	1720	6556	7126	6716	2614	430	
272048	Cerebelum_8_R	0	0	0	0	0	0	0	0	0	0	0	0	0	0	0	0	0	0	0	0	0	0	0	0	0	0	0	0	0	0	0	0	0	0	0	0	0	368	0	554	0	0	0	0	0	0	0	0	0	0	0	0	0	0	0	1288	0	0	0	0	0	0	0	0	0	0	0	0	0	0	0	0	0	0	0	0	0	0	0	0	0	0	0	0	0	0	0	0	0	0	738	14614	1038	26222	802	1482	430	2146	1902	8538	1202	18256	3864	0	2302	19702	0	5660	166	276	800	5442	6646	6450	3844	1292	
221900	Cerebelum_9_L	0	0	0	0	0	0	0	0	0	0	0	0	0	0	0	0	0	0	0	0	0	0	0	0	0	0	0	0	0	0	0	0	0	0	0	0	96	0	128	104	0	0	264	0	0	0	314	166	0	0	0	0	0	274	762	612	0	0	0	0	0	0	0	0	0	0	0	0	0	0	0	0	0	0	0	0	0	0	0	0	0	0	0	0	0	0	0	0	0	0	6416	1640	6230	510	3790	824	7042	2252	5624	2792	11190	0	21242	2302	0	2634	4136	144	134	802	3146	6630	2914	5904	5524	4408	
155392	Cerebelum_9_R	0	0	0	0	0	0	0	0	0	0	0	0	0	0	0	0	0	0	0	0	0	0	0	0	0	0	0	0	0	0	0	0	0	0	0	0	0	244	0	508	0	0	234	0	0	0	198	0	0	0	0	0	0	0	0	648	0	0	0	0	0	0	0	0	0	0	0	0	0	0	0	0	0	0	0	0	0	0	0	0	0	0	0	0	0	0	0	0	0	0	190	1578	222	3870	468	1844	804	2438	370	3884	264	2568	1324	19702	2634	0	98	4824	676	722	1428	4816	2778	6342	8450	3570	
21112	Cerebelum_10_L	0	0	0	0	0	0	0	0	0	0	0	0	0	0	0	0	0	0	0	0	0	0	0	0	0	0	0	0	0	0	0	0	0	0	0	0	0	0	0	0	0	0	0	0	0	0	0	0	0	0	0	0	0	0	0	0	0	0	0	0	0	0	0	0	0	0	0	0	0	0	0	0	0	0	0	0	0	0	0	0	0	0	0	0	0	0	0	0	0	0	1012	0	334	0	140	0	0	0	1008	0	1618	0	2210	0	4136	98	0	0	0	0	0	0	0	0	0	0	
34048	Cerebelum_10_R	0	0	0	0	0	0	0	0	0	0	0	0	0	0	0	0	0	0	0	0	0	0	0	0	0	0	0	0	0	0	0	0	0	0	0	0	0	0	0	0	0	0	0	0	0	0	0	0	0	0	0	0	0	0	0	0	0	0	0	0	0	0	0	0	0	0	0	0	0	0	0	0	0	0	0	0	0	0	0	0	0	0	0	0	0	0	0	0	0	0	0	252	0	2396	0	0	0	0	110	1522	0	1296	102	5660	144	4824	0	0	0	0	0	236	284	94	104	0	
37220	Vermis_1_2	0	0	0	0	0	0	0	0	0	0	0	0	0	0	0	0	0	0	0	0	0	0	0	0	0	0	0	0	0	0	0	0	0	0	0	0	0	0	90	0	0	0	652	0	0	0	278	0	0	0	0	0	0	0	0	0	0	0	0	0	0	0	0	0	0	0	96	0	0	0	0	0	0	0	0	0	178	0	0	0	0	0	0	0	0	0	0	0	0	0	0	334	0	0	2002	1326	1384	980	138	688	0	0	0	166	134	676	0	0	0	5166	2022	632	136	444	544	544	
75936	Vermis_3	134	0	0	0	0	0	0	0	0	0	0	0	0	0	0	0	0	0	0	0	0	0	0	0	0	0	0	0	0	0	0	0	0	0	0	0	108	0	196	0	0	0	1424	0	0	0	402	154	0	0	0	0	0	0	112	272	0	0	0	0	0	0	0	0	0	0	144	0	0	0	0	0	0	0	0	0	304	0	0	0	0	0	0	0	0	0	0	0	0	0	826	872	0	98	4590	4116	3594	2724	1576	1716	288	0	368	276	802	722	0	0	5166	0	3616	1024	276	696	734	638	
394720	Vermis_4_5	0	0	0	0	0	0	0	0	0	0	0	0	0	0	0	0	0	0	0	0	0	0	0	0	0	0	0	0	0	0	0	0	0	0	182	582	0	542	0	570	0	0	5494	414	0	138	10434	11948	0	0	530	94	1326	3394	6884	10836	0	0	0	0	0	0	0	0	0	0	1296	1094	0	0	0	0	0	0	0	0	0	278	0	0	0	0	0	0	0	0	0	0	138	0	7036	8448	258	246	4944	3244	26248	21120	18170	16494	1436	0	1720	800	3146	1428	0	0	2022	3616	0	11460	1188	1658	1970	4534	
399104	Vermis_6	0	0	0	0	0	0	0	0	0	0	0	0	0	0	0	0	0	0	0	0	0	0	0	0	0	0	0	0	0	0	0	0	0	0	0	0	0	136	0	238	0	0	676	378	0	180	4004	6936	0	164	316	302	912	1956	3100	6924	0	0	0	0	0	0	0	0	0	0	0	0	0	0	0	0	0	0	0	0	0	0	0	0	0	0	0	0	0	0	0	0	0	0	9916	16466	4510	5352	2126	1696	7698	4548	21268	22150	4746	1398	6556	5442	6630	4816	0	236	632	1024	11460	0	14038	6868	6738	7016	
210624	Vermis_7	0	0	0	0	0	0	0	0	0	0	0	0	0	0	0	0	0	0	0	0	0	0	0	0	0	0	0	0	0	0	0	0	0	0	0	0	0	118	0	260	0	0	90	0	0	0	160	168	0	0	0	0	0	0	306	554	0	0	0	0	0	0	0	0	0	0	0	0	0	0	0	0	0	0	0	0	0	0	0	0	0	0	0	0	0	0	0	0	0	0	7584	6130	7262	9552	872	1122	482	1494	7196	5710	5564	2382	7126	6646	2914	2778	0	284	136	276	1188	14038	0	6830	3730	2360	
152208	Vermis_8	0	0	0	0	0	0	0	0	0	0	0	0	0	0	0	0	0	0	0	0	0	0	0	0	0	0	0	0	0	0	0	0	0	0	0	0	0	142	0	304	0	0	106	0	0	0	122	0	0	0	0	0	0	0	398	452	0	0	0	0	0	0	0	0	0	0	0	0	0	0	0	0	0	0	0	0	0	0	0	0	0	0	0	0	0	0	0	0	0	0	1016	1154	1764	2932	852	1350	1938	1686	1114	1698	1520	1304	6716	6450	5904	6342	0	94	444	696	1658	6868	6830	0	9790	4460	
127360	Vermis_9	0	0	0	0	0	0	0	0	0	0	0	0	0	0	0	0	0	0	0	0	0	0	0	0	0	0	0	0	0	0	0	0	0	0	0	0	0	170	0	356	0	0	108	0	0	0	286	0	0	0	0	0	0	0	386	582	0	0	0	0	0	0	0	0	0	0	0	0	0	0	0	0	0	0	0	0	0	0	0	0	0	0	0	0	0	0	0	0	0	0	332	1458	408	392	932	1382	2122	1852	518	2564	442	130	2614	3844	5524	8450	0	104	544	734	1970	6738	3730	9790	0	5218	
97600	Vermis_10	0	0	0	0	0	0	0	0	0	0	0	0	0	0	0	0	0	0	0	0	0	0	0	0	0	0	0	0	0	0	0	0	0	0	0	0	0	0	0	0	0	0	296	0	0	0	766	0	0	0	0	0	0	172	158	450	0	0	0	0	0	0	0	0	0	0	0	0	0	0	0	0	0	0	0	0	0	0	0	0	0	0	0	0	0	0	0	0	0	0	268	1776	0	236	526	516	3698	1816	1186	2376	90	0	430	1292	4408	3570	0	0	544	638	4534	7016	2360	4460	5218	0	
